Kmin_MC_Up_a0 Kmin_TR_a0    Q_mult_e1_n1  Q_mult_e1_n2  Q_mult_e2_n1  Q_mult_e2_n2  Y1_intercept  Y2_intercept  Y3_intercept  Y4_intercept  Y5_intercept  LogPost       
  0.340000E+02  0.280000E+02  0.100000E+01  0.100000E+01  0.100000E+01  0.100000E+01  0.500000E-03  0.100000E-01  0.100000E-01  0.100000E-01  0.100000E-01 -0.449308E+02
  0.340000E+02  0.280000E+02  0.100000E+01  0.932965E+00  0.100518E+01  0.100000E+01  0.500000E-03  0.101102E-01  0.110673E-01  0.979649E-02  0.932289E-02 -0.446849E+02
  0.340000E+02  0.252706E+02  0.100000E+01  0.932965E+00  0.100518E+01  0.100000E+01  0.711836E-03  0.995436E-02  0.111486E-01  0.810677E-02  0.983650E-02 -0.458875E+02
  0.340000E+02  0.252706E+02  0.100000E+01  0.897473E+00  0.100518E+01  0.100000E+01  0.140225E-02  0.105454E-01  0.111156E-01  0.881185E-02  0.100820E-01 -0.463457E+02
  0.340000E+02  0.252706E+02  0.100000E+01  0.897473E+00  0.100518E+01  0.100000E+01  0.248214E-02  0.853282E-02  0.117480E-01  0.861751E-02  0.114181E-01 -0.463100E+02
  0.340000E+02  0.266418E+02  0.100000E+01  0.904611E+00  0.100518E+01  0.100000E+01  0.370229E-02  0.837310E-02  0.105676E-01  0.932068E-02  0.101457E-01 -0.449663E+02
  0.340000E+02  0.266418E+02  0.100000E+01  0.904611E+00  0.104212E+01  0.100000E+01  0.229142E-02  0.931683E-02  0.114352E-01  0.823426E-02  0.101457E-01 -0.444674E+02
  0.351260E+02  0.253574E+02  0.100000E+01  0.904611E+00  0.104212E+01  0.103263E+01  0.394892E-02  0.848136E-02  0.118925E-01  0.881223E-02  0.108094E-01 -0.465426E+02
  0.351260E+02  0.264686E+02  0.100000E+01  0.870285E+00  0.104212E+01  0.103263E+01  0.419034E-02  0.848136E-02  0.136760E-01  0.963047E-02  0.105618E-01 -0.464256E+02
  0.351260E+02  0.289466E+02  0.100000E+01  0.975163E+00  0.104212E+01  0.105533E+01  0.166052E-02  0.794866E-02  0.136760E-01  0.109227E-01  0.942973E-02 -0.441394E+02
  0.351260E+02  0.289466E+02  0.100686E+01  0.975163E+00  0.104659E+01  0.105533E+01  0.121830E-02  0.888769E-02  0.130528E-01  0.978641E-02  0.736668E-02 -0.438058E+02
  0.351260E+02  0.303484E+02  0.100686E+01  0.942289E+00  0.104659E+01  0.105533E+01  0.288412E-02  0.816778E-02  0.127023E-01  0.128389E-01  0.749940E-02 -0.447822E+02
  0.351260E+02  0.293323E+02  0.100686E+01  0.935312E+00  0.104659E+01  0.105533E+01  0.309609E-02  0.855151E-02  0.122236E-01  0.151618E-01  0.674459E-02 -0.444880E+02
  0.351260E+02  0.305634E+02  0.100686E+01  0.985164E+00  0.104659E+01  0.105533E+01  0.284194E-02  0.773009E-02  0.129833E-01  0.142080E-01  0.748843E-02 -0.448534E+02
  0.356363E+02  0.305634E+02  0.100686E+01  0.985164E+00  0.104659E+01  0.114522E+01  0.380516E-02  0.660130E-02  0.147421E-01  0.144376E-01  0.617292E-02 -0.468456E+02
  0.356363E+02  0.305634E+02  0.103573E+01  0.951278E+00  0.104901E+01  0.114522E+01  0.386022E-02  0.496572E-02  0.135366E-01  0.140687E-01  0.532624E-02 -0.469643E+02
  0.356363E+02  0.285352E+02  0.105614E+01  0.902850E+00  0.102247E+01  0.114522E+01  0.450483E-02  0.501468E-02  0.127229E-01  0.129888E-01  0.711160E-02 -0.471553E+02
  0.356363E+02  0.285352E+02  0.105614E+01  0.902850E+00  0.975721E+00  0.113889E+01  0.538614E-02  0.516123E-02  0.123916E-01  0.135975E-01  0.661917E-02 -0.467484E+02
  0.356363E+02  0.285352E+02  0.105614E+01  0.941894E+00  0.975721E+00  0.113889E+01  0.547466E-02  0.493293E-02  0.123738E-01  0.114607E-01  0.566096E-02 -0.465761E+02
  0.356363E+02  0.278618E+02  0.105614E+01  0.876773E+00  0.975721E+00  0.114712E+01  0.628220E-02  0.609812E-02  0.116975E-01  0.101950E-01  0.541075E-02 -0.465572E+02
  0.356363E+02  0.278618E+02  0.103710E+01  0.102028E+01  0.995112E+00  0.114712E+01  0.746013E-02  0.638056E-02  0.125424E-01  0.971840E-02  0.532049E-02 -0.459302E+02
  0.360580E+02  0.284856E+02  0.103710E+01  0.115033E+01  0.990547E+00  0.114712E+01  0.826223E-02  0.637200E-02  0.136711E-01  0.973296E-02  0.559563E-02 -0.484879E+02
  0.367312E+02  0.282493E+02  0.103710E+01  0.101360E+01  0.990547E+00  0.107871E+01  0.856491E-02  0.558170E-02  0.146302E-01  0.100614E-01  0.591264E-02 -0.469431E+02
  0.351248E+02  0.282493E+02  0.103710E+01  0.100200E+01  0.990547E+00  0.107871E+01  0.772925E-02  0.563375E-02  0.123158E-01  0.894710E-02  0.647996E-02 -0.453171E+02
  0.356216E+02  0.282493E+02  0.102895E+01  0.100436E+01  0.105796E+01  0.108936E+01  0.700995E-02  0.365275E-02  0.122128E-01  0.930775E-02  0.683188E-02 -0.444449E+02
  0.356216E+02  0.282493E+02  0.102813E+01  0.920282E+00  0.108800E+01  0.957753E+00  0.750330E-02  0.460424E-02  0.124066E-01  0.859929E-02  0.777919E-02 -0.443161E+02
  0.356216E+02  0.291417E+02  0.102813E+01  0.920282E+00  0.118608E+01  0.903491E+00  0.733975E-02  0.572867E-02  0.132432E-01  0.948745E-02  0.774171E-02 -0.453908E+02
  0.356216E+02  0.291417E+02  0.100246E+01  0.102631E+01  0.118608E+01  0.978238E+00  0.748427E-02  0.680062E-02  0.134427E-01  0.851825E-02  0.869877E-02 -0.462631E+02
  0.356216E+02  0.313230E+02  0.100246E+01  0.102631E+01  0.110134E+01  0.978238E+00  0.864401E-02  0.648363E-02  0.143791E-01  0.747634E-02  0.869489E-02 -0.455619E+02
  0.356216E+02  0.313230E+02  0.100246E+01  0.926165E+00  0.110134E+01  0.978238E+00  0.907949E-02  0.648363E-02  0.143791E-01  0.491613E-02  0.928262E-02 -0.461495E+02
  0.356216E+02  0.313230E+02  0.100246E+01  0.994711E+00  0.110134E+01  0.106931E+01  0.779719E-02  0.648363E-02  0.152876E-01  0.609786E-02  0.932162E-02 -0.462039E+02
  0.356216E+02  0.299919E+02  0.100246E+01  0.106446E+01  0.108741E+01  0.106931E+01  0.843035E-02  0.614444E-02  0.158020E-01  0.467199E-02  0.885317E-02 -0.448076E+02
  0.356216E+02  0.299919E+02  0.100246E+01  0.979653E+00  0.108741E+01  0.106931E+01  0.817278E-02  0.709705E-02  0.168671E-01  0.495199E-02  0.849259E-02 -0.450213E+02
  0.356216E+02  0.299919E+02  0.100246E+01  0.979653E+00  0.108741E+01  0.106931E+01  0.715514E-02  0.612895E-02  0.162798E-01  0.557193E-02  0.881386E-02 -0.449926E+02
  0.356216E+02  0.311756E+02  0.100246E+01  0.118599E+01  0.108741E+01  0.106931E+01  0.852039E-02  0.675404E-02  0.148414E-01  0.706636E-02  0.715916E-02 -0.474733E+02
  0.356216E+02  0.311756E+02  0.982601E+00  0.120778E+01  0.107137E+01  0.106931E+01  0.810260E-02  0.712650E-02  0.133773E-01  0.855360E-02  0.812210E-02 -0.471240E+02
  0.356216E+02  0.311756E+02  0.985227E+00  0.107053E+01  0.107137E+01  0.106931E+01  0.679393E-02  0.740052E-02  0.135443E-01  0.967889E-02  0.936742E-02 -0.460859E+02
  0.356216E+02  0.311756E+02  0.992383E+00  0.984555E+00  0.103797E+01  0.111173E+01  0.627665E-02  0.628946E-02  0.132547E-01  0.111085E-01  0.814841E-02 -0.463507E+02
  0.356216E+02  0.311756E+02  0.992383E+00  0.104780E+01  0.101550E+01  0.111173E+01  0.669396E-02  0.493073E-02  0.137291E-01  0.104976E-01  0.757116E-02 -0.458191E+02
  0.356216E+02  0.315838E+02  0.992383E+00  0.104780E+01  0.101550E+01  0.110259E+01  0.675489E-02  0.604964E-02  0.156474E-01  0.921810E-02  0.540382E-02 -0.462123E+02
  0.356216E+02  0.303377E+02  0.992383E+00  0.104780E+01  0.101550E+01  0.110259E+01  0.655462E-02  0.464142E-02  0.142949E-01  0.913678E-02  0.642320E-02 -0.448562E+02
  0.356216E+02  0.268123E+02  0.992383E+00  0.107818E+01  0.101899E+01  0.108248E+01  0.808420E-02  0.282210E-02  0.134266E-01  0.961716E-02  0.507125E-02 -0.443212E+02
  0.342059E+02  0.268123E+02  0.992383E+00  0.107818E+01  0.103355E+01  0.108248E+01  0.722403E-02  0.274810E-02  0.131327E-01  0.887714E-02  0.480690E-02 -0.446558E+02
  0.357699E+02  0.264696E+02  0.992383E+00  0.107818E+01  0.103355E+01  0.108248E+01  0.748053E-02  0.389113E-02  0.131885E-01  0.836571E-02  0.523530E-02 -0.448315E+02
  0.347392E+02  0.277076E+02  0.992383E+00  0.107818E+01  0.991048E+00  0.108248E+01  0.684095E-02  0.306039E-02  0.141937E-01  0.855291E-02  0.520599E-02 -0.435352E+02
  0.347392E+02  0.312574E+02  0.100545E+01  0.103478E+01  0.103590E+01  0.110254E+01  0.829142E-02  0.344250E-02  0.141937E-01  0.766490E-02  0.464953E-02 -0.447332E+02
  0.347392E+02  0.273817E+02  0.100545E+01  0.105133E+01  0.103590E+01  0.110254E+01  0.829142E-02  0.435780E-02  0.143259E-01  0.810149E-02  0.464953E-02 -0.446619E+02
  0.347392E+02  0.276313E+02  0.100545E+01  0.105133E+01  0.103590E+01  0.103828E+01  0.710886E-02  0.437539E-02  0.141580E-01  0.652872E-02  0.541445E-02 -0.431795E+02
  0.347392E+02  0.276313E+02  0.100545E+01  0.965421E+00  0.105793E+01  0.979792E+00  0.610136E-02  0.375674E-02  0.149908E-01  0.504820E-02  0.566463E-02 -0.428076E+02
  0.347392E+02  0.276313E+02  0.997960E+00  0.991232E+00  0.108463E+01  0.979792E+00  0.695721E-02  0.351829E-02  0.155956E-01  0.575874E-02  0.369484E-02 -0.424018E+02
  0.347392E+02  0.276313E+02  0.101236E+01  0.103981E+01  0.108463E+01  0.979792E+00  0.767504E-02  0.446984E-02  0.143852E-01  0.599774E-02  0.429072E-02 -0.432278E+02
  0.347392E+02  0.276313E+02  0.101236E+01  0.900573E+00  0.108463E+01  0.979792E+00  0.864218E-02  0.566363E-02  0.120973E-01  0.524981E-02  0.376402E-02 -0.427878E+02
  0.347392E+02  0.270345E+02  0.101236E+01  0.904307E+00  0.110850E+01  0.979792E+00  0.869474E-02  0.566363E-02  0.129893E-01  0.470342E-02  0.268603E-02 -0.432586E+02
  0.347392E+02  0.270345E+02  0.101236E+01  0.904307E+00  0.112215E+01  0.947242E+00  0.103408E-01  0.611100E-02  0.132289E-01  0.486987E-02  0.186894E-02 -0.432020E+02
  0.342984E+02  0.293249E+02  0.101236E+01  0.873606E+00  0.109660E+01  0.102098E+01  0.117657E-01  0.461742E-02  0.116938E-01  0.595379E-02  0.186894E-02 -0.434677E+02
  0.350277E+02  0.280332E+02  0.101236E+01  0.873606E+00  0.109660E+01  0.941150E+00  0.112529E-01  0.440105E-02  0.103830E-01  0.676479E-02  0.255487E-02 -0.433757E+02
  0.325949E+02  0.280332E+02  0.991716E+00  0.877969E+00  0.109660E+01  0.941150E+00  0.111010E-01  0.405327E-02  0.105893E-01  0.750650E-02  0.341258E-02 -0.443778E+02
  0.349885E+02  0.280332E+02  0.991716E+00  0.881560E+00  0.109660E+01  0.952288E+00  0.116551E-01  0.375405E-02  0.102738E-01  0.929747E-02  0.255520E-02 -0.439867E+02
  0.340730E+02  0.280332E+02  0.991716E+00  0.947606E+00  0.109660E+01  0.952288E+00  0.117213E-01  0.404646E-02  0.105084E-01  0.941670E-02  0.149573E-02 -0.420326E+02
  0.347783E+02  0.281925E+02  0.991716E+00  0.947606E+00  0.105999E+01  0.107435E+01  0.129907E-01  0.335253E-02  0.949508E-02  0.913797E-02  0.155008E-02 -0.428319E+02
  0.347783E+02  0.281925E+02  0.991716E+00  0.100736E+01  0.108284E+01  0.107435E+01  0.132410E-01  0.369996E-02  0.949508E-02  0.102807E-01  0.224586E-02 -0.435584E+02
  0.347783E+02  0.282664E+02  0.100646E+01  0.100736E+01  0.103142E+01  0.107435E+01  0.132131E-01  0.472491E-02  0.867894E-02  0.851652E-02  0.218481E-02 -0.421243E+02
  0.347783E+02  0.253778E+02  0.992978E+00  0.991489E+00  0.979339E+00  0.107435E+01  0.132636E-01  0.581813E-02  0.848090E-02  0.981964E-02  0.540492E-03 -0.441040E+02
  0.347783E+02  0.269251E+02  0.100247E+01  0.108811E+01  0.102290E+01  0.109076E+01  0.130375E-01  0.593398E-02  0.688294E-02  0.932762E-02  0.790455E-03 -0.435814E+02
  0.347783E+02  0.259578E+02  0.100247E+01  0.101463E+01  0.102290E+01  0.109076E+01  0.134191E-01  0.449237E-02  0.461199E-02  0.100298E-01  0.205182E-02 -0.436129E+02
  0.347783E+02  0.271338E+02  0.102950E+01  0.101463E+01  0.981697E+00  0.109076E+01  0.132665E-01  0.578950E-02  0.548900E-02  0.109665E-01  0.779302E-03 -0.441647E+02
  0.347783E+02  0.277341E+02  0.102950E+01  0.100485E+01  0.981697E+00  0.109076E+01  0.127334E-01  0.524724E-02  0.475825E-02  0.109665E-01  0.109523E-03 -0.436381E+02
  0.352215E+02  0.277341E+02  0.102950E+01  0.107007E+01  0.981697E+00  0.103995E+01  0.121884E-01  0.403426E-02  0.397756E-02  0.108917E-01  0.210567E-02 -0.453185E+02
  0.352215E+02  0.277341E+02  0.101393E+01  0.107007E+01  0.992230E+00  0.103995E+01  0.111509E-01  0.390318E-02  0.420228E-02  0.126360E-01  0.265343E-02 -0.439753E+02
  0.352215E+02  0.266235E+02  0.101393E+01  0.107007E+01  0.108353E+01  0.103995E+01  0.111013E-01  0.193869E-02  0.439580E-02  0.127924E-01  0.908271E-03 -0.436717E+02
  0.346780E+02  0.266235E+02  0.101393E+01  0.113903E+01  0.108443E+01  0.103995E+01  0.101324E-01  0.175007E-02  0.245540E-02  0.113306E-01  0.124167E-02 -0.458347E+02
  0.343117E+02  0.266235E+02  0.101393E+01  0.113903E+01  0.108443E+01  0.103953E+01  0.880715E-02  0.218572E-02  0.332078E-02  0.125294E-01  0.272903E-02 -0.473216E+02
  0.343117E+02  0.292506E+02  0.942897E+00  0.113903E+01  0.100088E+01  0.110920E+01  0.920533E-02  0.192393E-02  0.381598E-02  0.116072E-01  0.135050E-02 -0.434218E+02
  0.343117E+02  0.284102E+02  0.942897E+00  0.101119E+01  0.100088E+01  0.103798E+01  0.109146E-01  0.128333E-02  0.301572E-02  0.118891E-01  0.577177E-03 -0.437668E+02
  0.333412E+02  0.274077E+02  0.942897E+00  0.104725E+01  0.100088E+01  0.103798E+01  0.102188E-01  0.223846E-02  0.420090E-02  0.137404E-01  0.177832E-02 -0.424721E+02
  0.329296E+02  0.274077E+02  0.942897E+00  0.100457E+01  0.100088E+01  0.103798E+01  0.106211E-01  0.207027E-02  0.471795E-02  0.141800E-01  0.222446E-02 -0.426965E+02
  0.329296E+02  0.281200E+02  0.961173E+00  0.100548E+01  0.100088E+01  0.101128E+01  0.103721E-01  0.195452E-02  0.566573E-02  0.146882E-01  0.156484E-02 -0.421284E+02
  0.327283E+02  0.281200E+02  0.961173E+00  0.959688E+00  0.100088E+01  0.101128E+01  0.100457E-01  0.240544E-02  0.717264E-02  0.157526E-01  0.238737E-02 -0.427796E+02
  0.327283E+02  0.281200E+02  0.961173E+00  0.959688E+00  0.100088E+01  0.101128E+01  0.107223E-01  0.395814E-02  0.588887E-02  0.163826E-01  0.239416E-02 -0.428421E+02
  0.340101E+02  0.281200E+02  0.961173E+00  0.959688E+00  0.100088E+01  0.982041E+00  0.114523E-01  0.283820E-02  0.694344E-02  0.155253E-01  0.119726E-02 -0.444292E+02
  0.328577E+02  0.279405E+02  0.986064E+00  0.959688E+00  0.100088E+01  0.982041E+00  0.114334E-01  0.212307E-02  0.622200E-02  0.170408E-01  0.318535E-03 -0.433524E+02
  0.342393E+02  0.279405E+02  0.986064E+00  0.959688E+00  0.100088E+01  0.982041E+00  0.100366E-01  0.324167E-02  0.598413E-02  0.182065E-01  0.923225E-03 -0.440057E+02
  0.347142E+02  0.274685E+02  0.992961E+00  0.959688E+00  0.112625E+01  0.882233E+00  0.110392E-01  0.241068E-02  0.574472E-02  0.173267E-01  0.174373E-02 -0.436435E+02
  0.351142E+02  0.253255E+02  0.992961E+00  0.863974E+00  0.112625E+01  0.882233E+00  0.112941E-01  0.218492E-02  0.472027E-02  0.153884E-01  0.214400E-02 -0.470858E+02
  0.353381E+02  0.253255E+02  0.998782E+00  0.863974E+00  0.112625E+01  0.882233E+00  0.108483E-01  0.171823E-03  0.453367E-02  0.149948E-01  0.301154E-02 -0.470698E+02
  0.354556E+02  0.253255E+02  0.101076E+01  0.863974E+00  0.112625E+01  0.882233E+00  0.962535E-02  0.565523E-03  0.463900E-02  0.126287E-01  0.383725E-02 -0.465813E+02
  0.354556E+02  0.258870E+02  0.101076E+01  0.863974E+00  0.122345E+01  0.882233E+00  0.119248E-01  0.291088E-03  0.363849E-02  0.126287E-01  0.438289E-02 -0.472961E+02
  0.354556E+02  0.258870E+02  0.101076E+01  0.863974E+00  0.122345E+01  0.907687E+00  0.113378E-01  0.291088E-03  0.351945E-02  0.126287E-01  0.419396E-02 -0.478567E+02
  0.354556E+02  0.301134E+02  0.105448E+01  0.931184E+00  0.110173E+01  0.108190E+01  0.952043E-02  0.291088E-03  0.392391E-02  0.123024E-01  0.343634E-02 -0.459207E+02
  0.354556E+02  0.294797E+02  0.105448E+01  0.881538E+00  0.965801E+00  0.106986E+01  0.953933E-02  0.291088E-03  0.665968E-02  0.133059E-01  0.394591E-02 -0.467219E+02
  0.354556E+02  0.282865E+02  0.105448E+01  0.766338E+00  0.978579E+00  0.106986E+01  0.858552E-02  0.291088E-03  0.779946E-02  0.140546E-01  0.365270E-02 -0.477156E+02
  0.354556E+02  0.259693E+02  0.105448E+01  0.734787E+00  0.101434E+01  0.106986E+01  0.109823E-01  0.291088E-03  0.823510E-02  0.124050E-01  0.305323E-02 -0.486554E+02
  0.354556E+02  0.295768E+02  0.105448E+01  0.734787E+00  0.101434E+01  0.106986E+01  0.118737E-01  0.291088E-03  0.962667E-02  0.117788E-01  0.391208E-02 -0.479885E+02
  0.338314E+02  0.295768E+02  0.105448E+01  0.708752E+00  0.978374E+00  0.104159E+01  0.114060E-01  0.291088E-03  0.961659E-02  0.128678E-01  0.316086E-02 -0.507495E+02
  0.353154E+02  0.280079E+02  0.105448E+01  0.802170E+00  0.978374E+00  0.116716E+01  0.120110E-01  0.291088E-03  0.954510E-02  0.132494E-01  0.168736E-03 -0.467065E+02
  0.353154E+02  0.290148E+02  0.105448E+01  0.802170E+00  0.978374E+00  0.116716E+01  0.132041E-01  0.808048E-03  0.951365E-02  0.125744E-01  0.474537E-03 -0.464636E+02
  0.353154E+02  0.276450E+02  0.105448E+01  0.846981E+00  0.978374E+00  0.114003E+01  0.144270E-01  0.808048E-03  0.106463E-01  0.133402E-01  0.263719E-02 -0.458095E+02
  0.353154E+02  0.270714E+02  0.105448E+01  0.886635E+00  0.942692E+00  0.114003E+01  0.146109E-01  0.808048E-03  0.954322E-02  0.142859E-01  0.229618E-02 -0.462062E+02
  0.353154E+02  0.267836E+02  0.105396E+01  0.886635E+00  0.942692E+00  0.114003E+01  0.127080E-01  0.808048E-03  0.104180E-01  0.150266E-01  0.210103E-02 -0.465980E+02
  0.353154E+02  0.307743E+02  0.105396E+01  0.962423E+00  0.104732E+01  0.114003E+01  0.125217E-01  0.105788E-02  0.118248E-01  0.150571E-01  0.242345E-02 -0.476388E+02
  0.354971E+02  0.328562E+02  0.105396E+01  0.960746E+00  0.964487E+00  0.108077E+01  0.136477E-01  0.174350E-02  0.124249E-01  0.135998E-01  0.326953E-02 -0.515387E+02
  0.345808E+02  0.328562E+02  0.105396E+01  0.986779E+00  0.964487E+00  0.107247E+01  0.130681E-01  0.202631E-02  0.127770E-01  0.121966E-01  0.365022E-02 -0.526819E+02
  0.345808E+02  0.328562E+02  0.105396E+01  0.944065E+00  0.964487E+00  0.107247E+01  0.137923E-01  0.240159E-02  0.120721E-01  0.128817E-01  0.688915E-02 -0.522072E+02
  0.354276E+02  0.328562E+02  0.101427E+01  0.944065E+00  0.101779E+01  0.107247E+01  0.138684E-01  0.277458E-02  0.131661E-01  0.128817E-01  0.603672E-02 -0.475535E+02
  0.354276E+02  0.328562E+02  0.101427E+01  0.944065E+00  0.101779E+01  0.107247E+01  0.141010E-01  0.516244E-03  0.128088E-01  0.141290E-01  0.603672E-02 -0.474069E+02
  0.354276E+02  0.298620E+02  0.101427E+01  0.108875E+01  0.101779E+01  0.107247E+01  0.129156E-01  0.516244E-03  0.117845E-01  0.149064E-01  0.578211E-02 -0.446129E+02
  0.349653E+02  0.278442E+02  0.101427E+01  0.108875E+01  0.101779E+01  0.101275E+01  0.118018E-01  0.516244E-03  0.106510E-01  0.140404E-01  0.578211E-02 -0.446628E+02
  0.349653E+02  0.265944E+02  0.101427E+01  0.108875E+01  0.101779E+01  0.101275E+01  0.969744E-02  0.516244E-03  0.941985E-02  0.123338E-01  0.802378E-02 -0.450202E+02
  0.350208E+02  0.265944E+02  0.979180E+00  0.105814E+01  0.101779E+01  0.101275E+01  0.106602E-01  0.236630E-02  0.982513E-02  0.115190E-01  0.754149E-02 -0.440197E+02
  0.350208E+02  0.265944E+02  0.979180E+00  0.105814E+01  0.104733E+01  0.105111E+01  0.101144E-01  0.165701E-02  0.920492E-02  0.116782E-01  0.744575E-02 -0.436905E+02
  0.350208E+02  0.265944E+02  0.105330E+01  0.105814E+01  0.102355E+01  0.105111E+01  0.886284E-02  0.185975E-02  0.101942E-01  0.108596E-01  0.697053E-02 -0.485424E+02
  0.350208E+02  0.268902E+02  0.102830E+01  0.103819E+01  0.102355E+01  0.103944E+01  0.846397E-02  0.202982E-02  0.930211E-02  0.114859E-01  0.570204E-02 -0.445554E+02
  0.350208E+02  0.276799E+02  0.101264E+01  0.957989E+00  0.102355E+01  0.103295E+01  0.713928E-02  0.214265E-02  0.966445E-02  0.117846E-01  0.656029E-02 -0.430923E+02
  0.350208E+02  0.276799E+02  0.100212E+01  0.957989E+00  0.102355E+01  0.103295E+01  0.637280E-02  0.297912E-02  0.798768E-02  0.147626E-01  0.526658E-02 -0.431792E+02
  0.350208E+02  0.276799E+02  0.100212E+01  0.105838E+01  0.102355E+01  0.103295E+01  0.637280E-02  0.212227E-02  0.688623E-02  0.158884E-01  0.513315E-02 -0.432540E+02
  0.350208E+02  0.276799E+02  0.990897E+00  0.111008E+01  0.106414E+01  0.103295E+01  0.776605E-02  0.180411E-02  0.694556E-02  0.147137E-01  0.606186E-02 -0.432926E+02
  0.350208E+02  0.276799E+02  0.990897E+00  0.113361E+01  0.106414E+01  0.103295E+01  0.745209E-02  0.136490E-02  0.837919E-02  0.136389E-01  0.522173E-02 -0.435551E+02
  0.350208E+02  0.267256E+02  0.969057E+00  0.114503E+01  0.990057E+00  0.112151E+01  0.604636E-02  0.211284E-02  0.758571E-02  0.147202E-01  0.611091E-02 -0.453080E+02
  0.350208E+02  0.267256E+02  0.969057E+00  0.114503E+01  0.100536E+01  0.104967E+01  0.313338E-02  0.272766E-02  0.751372E-02  0.140515E-01  0.754098E-02 -0.447775E+02
  0.341149E+02  0.295615E+02  0.969057E+00  0.114503E+01  0.100536E+01  0.104967E+01  0.292272E-02  0.246874E-02  0.726573E-02  0.162519E-01  0.754098E-02 -0.442028E+02
  0.341149E+02  0.295615E+02  0.974184E+00  0.111677E+01  0.100536E+01  0.100942E+01  0.137702E-02  0.373504E-02  0.858224E-02  0.162519E-01  0.692937E-02 -0.448402E+02
  0.341149E+02  0.295615E+02  0.968513E+00  0.990747E+00  0.104285E+01  0.100942E+01  0.259828E-02  0.584821E-02  0.964029E-02  0.155919E-01  0.794246E-02 -0.439136E+02
  0.341149E+02  0.294326E+02  0.968513E+00  0.103432E+01  0.101706E+01  0.102724E+01  0.202482E-02  0.475793E-02  0.929309E-02  0.166658E-01  0.876736E-02 -0.439490E+02
  0.341149E+02  0.290331E+02  0.968513E+00  0.103432E+01  0.108036E+01  0.960371E+00  0.171615E-02  0.556271E-02  0.101074E-01  0.175241E-01  0.889488E-02 -0.439456E+02
  0.341149E+02  0.279849E+02  0.968513E+00  0.103432E+01  0.108036E+01  0.960371E+00  0.999496E-03  0.664254E-02  0.867490E-02  0.168056E-01  0.790647E-02 -0.436580E+02
  0.341149E+02  0.282935E+02  0.968513E+00  0.992980E+00  0.108036E+01  0.960371E+00  0.181464E-03  0.598718E-02  0.743193E-02  0.151015E-01  0.651225E-02 -0.433434E+02
  0.323372E+02  0.271392E+02  0.968513E+00  0.941794E+00  0.108036E+01  0.926856E+00  0.540440E-03  0.444440E-02  0.835535E-02  0.148700E-01  0.610923E-02 -0.446743E+02
  0.323372E+02  0.266142E+02  0.968513E+00  0.941794E+00  0.108036E+01  0.852163E+00  0.141017E-02  0.504601E-02  0.967555E-02  0.145340E-01  0.474434E-02 -0.464559E+02
  0.323372E+02  0.266142E+02  0.968513E+00  0.941794E+00  0.108036E+01  0.852163E+00  0.141017E-02  0.510306E-02  0.990504E-02  0.136318E-01  0.306289E-02 -0.462262E+02
  0.327402E+02  0.260660E+02  0.968513E+00  0.100108E+01  0.108036E+01  0.945977E+00  0.187305E-02  0.580844E-02  0.107096E-01  0.120546E-01  0.337831E-02 -0.446233E+02
  0.327402E+02  0.304432E+02  0.968513E+00  0.100108E+01  0.108036E+01  0.945977E+00  0.321877E-02  0.580844E-02  0.108957E-01  0.119298E-01  0.123105E-02 -0.439485E+02
  0.327402E+02  0.265965E+02  0.968513E+00  0.100108E+01  0.108036E+01  0.945977E+00  0.368185E-02  0.606383E-02  0.103558E-01  0.133018E-01  0.110933E-02 -0.440217E+02
  0.333750E+02  0.265965E+02  0.968513E+00  0.100108E+01  0.108036E+01  0.919366E+00  0.387973E-02  0.589529E-02  0.860575E-02  0.122005E-01  0.110933E-02 -0.432344E+02
  0.333750E+02  0.265965E+02  0.968513E+00  0.934028E+00  0.108036E+01  0.101587E+01  0.532182E-02  0.562518E-02  0.792383E-02  0.114043E-01  0.110933E-02 -0.446050E+02
  0.333750E+02  0.265965E+02  0.968513E+00  0.934028E+00  0.107030E+01  0.101587E+01  0.574166E-02  0.414295E-02  0.827943E-02  0.897293E-02  0.169070E-02 -0.438787E+02
  0.333750E+02  0.265965E+02  0.968513E+00  0.992907E+00  0.104904E+01  0.101587E+01  0.523611E-02  0.355208E-02  0.744096E-02  0.820918E-02  0.344657E-02 -0.427315E+02
  0.333750E+02  0.265965E+02  0.968513E+00  0.878666E+00  0.101515E+01  0.102025E+01  0.444940E-02  0.479408E-02  0.710799E-02  0.782808E-02  0.344657E-02 -0.440513E+02
  0.333750E+02  0.265965E+02  0.968513E+00  0.864914E+00  0.101515E+01  0.102025E+01  0.478004E-02  0.406114E-02  0.724461E-02  0.970946E-02  0.517407E-02 -0.447085E+02
  0.333750E+02  0.265965E+02  0.968513E+00  0.884740E+00  0.102610E+01  0.102025E+01  0.450021E-02  0.389964E-02  0.791154E-02  0.100303E-01  0.395380E-02 -0.441926E+02
  0.333750E+02  0.255893E+02  0.968513E+00  0.949136E+00  0.102610E+01  0.102025E+01  0.450253E-02  0.391601E-02  0.861983E-02  0.110462E-01  0.341214E-02 -0.442317E+02
  0.333750E+02  0.255893E+02  0.968513E+00  0.961183E+00  0.102610E+01  0.976990E+00  0.305485E-02  0.216816E-02  0.783562E-02  0.844188E-02  0.419029E-02 -0.435326E+02
  0.333750E+02  0.247044E+02  0.999579E+00  0.983956E+00  0.102610E+01  0.976990E+00  0.230926E-02  0.176000E-02  0.580582E-02  0.729005E-02  0.448121E-02 -0.451002E+02
  0.343494E+02  0.250979E+02  0.999579E+00  0.938807E+00  0.109763E+01  0.976990E+00  0.147194E-02  0.300252E-02  0.682780E-02  0.756338E-02  0.547343E-02 -0.445610E+02
  0.343494E+02  0.250979E+02  0.999579E+00  0.938807E+00  0.109763E+01  0.976990E+00  0.260633E-02  0.359572E-02  0.787378E-02  0.984814E-02  0.463379E-02 -0.448572E+02
  0.349875E+02  0.250979E+02  0.999579E+00  0.938807E+00  0.109763E+01  0.976990E+00  0.495992E-03  0.228844E-02  0.541673E-02  0.848688E-02  0.419134E-02 -0.443423E+02
  0.349875E+02  0.246954E+02  0.103347E+01  0.938807E+00  0.109763E+01  0.938663E+00  0.623520E-03  0.551119E-02  0.610835E-02  0.729613E-02  0.394233E-02 -0.457164E+02
  0.349875E+02  0.258862E+02  0.103347E+01  0.789207E+00  0.112086E+01  0.983289E+00  0.753896E-03  0.558006E-02  0.717701E-02  0.706665E-02  0.444612E-02 -0.471318E+02
  0.349875E+02  0.258862E+02  0.103347E+01  0.789207E+00  0.104290E+01  0.983289E+00  0.137204E-02  0.565980E-02  0.717701E-02  0.633649E-02  0.384253E-02 -0.464540E+02
  0.349875E+02  0.297358E+02  0.103347E+01  0.827245E+00  0.104290E+01  0.104978E+01  0.200349E-02  0.554206E-02  0.601791E-02  0.769053E-02  0.371232E-02 -0.443080E+02
  0.349875E+02  0.309556E+02  0.103347E+01  0.827245E+00  0.104290E+01  0.104978E+01  0.197156E-02  0.640769E-02  0.505330E-02  0.728379E-02  0.369854E-02 -0.451306E+02
  0.349875E+02  0.325363E+02  0.103735E+01  0.941689E+00  0.108118E+01  0.104978E+01  0.229313E-02  0.649387E-02  0.441128E-02  0.690612E-02  0.240826E-02 -0.461865E+02
  0.349875E+02  0.310095E+02  0.103735E+01  0.994041E+00  0.108118E+01  0.101949E+01  0.360679E-02  0.624858E-02  0.427572E-02  0.619252E-02  0.187114E-02 -0.444995E+02
  0.349875E+02  0.310095E+02  0.103735E+01  0.906532E+00  0.114185E+01  0.101949E+01  0.478079E-02  0.516812E-02  0.430086E-02  0.551225E-02  0.272575E-02 -0.455106E+02
  0.349875E+02  0.310095E+02  0.104156E+01  0.103240E+01  0.101991E+01  0.101949E+01  0.478079E-02  0.462877E-02  0.536698E-02  0.444700E-02  0.459060E-02 -0.469318E+02
  0.349875E+02  0.256583E+02  0.104156E+01  0.102409E+01  0.979499E+00  0.108353E+01  0.462440E-02  0.414517E-02  0.578604E-02  0.374066E-02  0.257355E-02 -0.462827E+02
  0.349875E+02  0.257808E+02  0.100729E+01  0.102409E+01  0.979499E+00  0.108353E+01  0.489647E-02  0.517045E-02  0.742745E-02  0.257615E-02  0.334956E-02 -0.437311E+02
  0.351905E+02  0.266593E+02  0.100729E+01  0.102409E+01  0.989907E+00  0.112783E+01  0.529550E-02  0.431365E-02  0.672136E-02  0.187275E-02  0.180405E-02 -0.431195E+02
  0.351905E+02  0.262833E+02  0.100729E+01  0.102409E+01  0.989907E+00  0.102800E+01  0.573027E-02  0.415707E-02  0.741899E-02  0.226272E-02  0.976360E-03 -0.433753E+02
  0.351905E+02  0.262259E+02  0.100729E+01  0.102409E+01  0.983901E+00  0.102800E+01  0.321868E-02  0.520177E-02  0.477221E-02  0.285558E-02  0.239831E-02 -0.437790E+02
  0.351905E+02  0.262259E+02  0.100729E+01  0.102409E+01  0.983901E+00  0.101580E+01  0.203438E-02  0.519388E-02  0.427064E-02  0.484985E-02  0.503652E-03 -0.441421E+02
  0.351905E+02  0.267371E+02  0.100729E+01  0.979255E+00  0.101819E+01  0.101580E+01  0.321476E-02  0.563976E-02  0.371509E-02  0.348525E-02  0.503652E-03 -0.422445E+02
  0.351905E+02  0.294071E+02  0.100729E+01  0.979255E+00  0.103407E+01  0.101580E+01  0.430604E-02  0.691191E-02  0.216737E-02  0.337485E-02  0.716541E-03 -0.418627E+02
  0.351905E+02  0.293588E+02  0.100729E+01  0.109589E+01  0.103407E+01  0.101096E+01  0.344625E-02  0.785103E-02  0.119037E-02  0.318436E-02  0.716541E-03 -0.428163E+02
  0.353703E+02  0.282794E+02  0.100729E+01  0.925303E+00  0.103407E+01  0.108103E+01  0.240632E-02  0.684875E-02  0.119037E-02  0.239213E-02  0.262365E-02 -0.420255E+02
  0.353703E+02  0.282794E+02  0.100729E+01  0.101625E+01  0.102984E+01  0.108103E+01  0.268093E-02  0.684875E-02  0.767378E-03  0.166767E-02  0.262365E-02 -0.414130E+02
  0.353703E+02  0.266686E+02  0.100729E+01  0.101625E+01  0.979207E+00  0.108103E+01  0.348638E-02  0.682001E-02  0.767378E-03  0.150589E-02  0.413269E-02 -0.427426E+02
  0.353703E+02  0.279790E+02  0.100729E+01  0.101625E+01  0.979207E+00  0.114126E+01  0.217249E-02  0.579183E-02  0.166276E-02  0.845770E-03  0.477155E-02 -0.424632E+02
  0.353703E+02  0.295277E+02  0.100729E+01  0.110487E+01  0.968910E+00  0.114126E+01  0.221324E-02  0.579183E-02  0.134414E-03  0.164732E-02  0.477155E-02 -0.434487E+02
  0.356823E+02  0.295277E+02  0.100729E+01  0.107562E+01  0.968910E+00  0.114126E+01  0.120648E-02  0.710616E-02  0.120180E-02  0.174661E-02  0.611375E-02 -0.436463E+02
  0.356823E+02  0.295277E+02  0.100729E+01  0.107562E+01  0.107949E+01  0.114330E+01  0.792755E-04  0.521085E-02  0.164959E-02  0.141347E-02  0.656208E-02 -0.456884E+02
  0.356823E+02  0.295277E+02  0.100729E+01  0.106712E+01  0.998091E+00  0.114330E+01  0.125105E-02  0.535864E-02  0.209670E-02  0.271759E-02  0.619599E-02 -0.432560E+02
  0.356823E+02  0.295277E+02  0.100729E+01  0.103244E+01  0.998091E+00  0.113980E+01  0.160413E-02  0.549771E-02  0.296585E-02  0.214452E-02  0.549476E-02 -0.429688E+02
  0.354202E+02  0.323959E+02  0.100729E+01  0.931339E+00  0.998091E+00  0.107175E+01  0.160413E-02  0.487383E-02  0.383793E-02  0.214748E-02  0.583532E-02 -0.463752E+02
  0.354202E+02  0.323959E+02  0.100729E+01  0.105804E+01  0.102071E+01  0.117808E+01  0.104755E-02  0.543386E-02  0.383793E-02  0.250605E-02  0.395956E-02 -0.463760E+02
  0.354202E+02  0.323959E+02  0.101467E+01  0.913319E+00  0.102071E+01  0.117808E+01  0.104755E-02  0.644333E-02  0.420013E-02  0.265851E-02  0.386255E-02 -0.467695E+02
  0.354202E+02  0.284564E+02  0.101467E+01  0.913319E+00  0.942389E+00  0.117808E+01  0.123063E-02  0.764160E-02  0.395760E-02  0.276935E-02  0.468332E-02 -0.443640E+02
  0.354202E+02  0.284564E+02  0.101467E+01  0.918310E+00  0.942389E+00  0.120843E+01  0.135723E-02  0.823107E-02  0.219366E-02  0.373787E-02  0.412167E-02 -0.448262E+02
  0.354202E+02  0.284564E+02  0.101467E+01  0.906431E+00  0.942389E+00  0.120843E+01  0.152675E-02  0.864712E-02  0.155496E-02  0.202683E-02  0.207408E-02 -0.445878E+02
  0.354202E+02  0.313618E+02  0.101467E+01  0.911367E+00  0.954823E+00  0.120843E+01  0.245658E-02  0.815470E-02  0.288967E-02  0.247886E-02  0.270165E-02 -0.456860E+02
  0.354202E+02  0.309891E+02  0.105429E+01  0.995359E+00  0.954823E+00  0.118500E+01  0.322471E-02  0.867530E-02  0.339724E-02  0.345962E-02  0.681847E-03 -0.473175E+02
  0.354202E+02  0.309891E+02  0.105429E+01  0.884873E+00  0.934098E+00  0.122125E+01  0.231750E-02  0.889673E-02  0.376429E-02  0.493090E-02  0.681847E-03 -0.473797E+02
  0.354202E+02  0.291942E+02  0.105429E+01  0.944601E+00  0.934098E+00  0.117593E+01  0.304028E-02  0.812055E-02  0.510897E-02  0.538689E-02  0.831328E-03 -0.462626E+02
  0.354202E+02  0.283321E+02  0.105429E+01  0.944601E+00  0.970101E+00  0.117593E+01  0.476881E-02  0.587967E-02  0.275949E-02  0.624170E-02  0.831328E-03 -0.454638E+02
  0.354202E+02  0.280349E+02  0.105429E+01  0.944601E+00  0.102910E+01  0.117593E+01  0.347347E-02  0.480527E-02  0.248340E-02  0.499671E-02  0.526884E-03 -0.470306E+02
  0.354202E+02  0.291605E+02  0.105429E+01  0.953139E+00  0.919335E+00  0.112101E+01  0.415199E-02  0.722550E-02  0.245397E-02  0.561373E-02  0.999719E-03 -0.474517E+02
  0.354202E+02  0.291605E+02  0.105429E+01  0.918204E+00  0.948616E+00  0.115413E+01  0.510531E-02  0.738829E-02  0.309409E-02  0.663918E-02  0.227730E-03 -0.453767E+02
  0.354202E+02  0.271489E+02  0.105429E+01  0.918204E+00  0.948616E+00  0.115413E+01  0.375878E-02  0.691892E-02  0.195771E-02  0.532024E-02  0.227730E-03 -0.453834E+02
  0.353447E+02  0.271489E+02  0.105429E+01  0.965192E+00  0.975774E+00  0.115413E+01  0.160479E-02  0.422111E-02  0.163474E-02  0.674229E-02  0.227730E-03 -0.456696E+02
  0.353215E+02  0.277338E+02  0.105429E+01  0.965192E+00  0.952419E+00  0.112645E+01  0.100033E-02  0.460891E-02  0.968020E-03  0.656033E-02  0.949594E-03 -0.453915E+02
  0.353215E+02  0.277338E+02  0.104048E+01  0.965192E+00  0.952419E+00  0.112645E+01  0.147697E-02  0.355747E-02  0.257901E-02  0.598267E-02  0.118634E-02 -0.440601E+02
  0.353215E+02  0.291823E+02  0.104048E+01  0.828495E+00  0.103945E+01  0.112645E+01  0.224502E-02  0.393028E-02  0.335100E-02  0.592933E-02  0.118634E-02 -0.447577E+02
  0.353215E+02  0.291823E+02  0.101921E+01  0.885074E+00  0.104644E+01  0.109502E+01  0.178757E-02  0.441997E-02  0.335100E-02  0.463887E-02  0.297021E-02 -0.429523E+02
  0.353215E+02  0.291823E+02  0.101921E+01  0.885074E+00  0.104644E+01  0.102511E+01  0.347882E-03  0.252824E-02  0.221284E-02  0.352213E-02  0.361745E-02 -0.421894E+02
  0.353215E+02  0.291823E+02  0.101921E+01  0.926171E+00  0.107645E+01  0.102511E+01  0.347882E-03  0.388546E-02  0.118348E-02  0.351765E-02  0.338736E-02 -0.414906E+02
  0.353215E+02  0.291823E+02  0.987951E+00  0.105795E+01  0.107673E+01  0.102511E+01  0.347882E-03  0.345801E-02  0.260579E-02  0.479080E-02  0.307686E-02 -0.415919E+02
  0.353215E+02  0.291823E+02  0.987951E+00  0.941100E+00  0.107673E+01  0.102511E+01  0.347882E-03  0.278879E-02  0.243670E-02  0.378219E-02  0.404873E-02 -0.424515E+02
  0.348627E+02  0.292382E+02  0.987951E+00  0.964156E+00  0.107673E+01  0.102511E+01  0.192563E-02  0.209492E-02  0.264399E-02  0.382182E-02  0.417056E-02 -0.414064E+02
  0.348627E+02  0.292382E+02  0.987951E+00  0.102657E+01  0.107673E+01  0.102511E+01  0.401398E-04  0.407871E-02  0.374819E-02  0.244308E-02  0.357005E-02 -0.411925E+02
  0.348627E+02  0.292382E+02  0.987951E+00  0.977917E+00  0.107673E+01  0.966293E+00  0.401398E-04  0.407871E-02  0.319674E-02  0.328322E-02  0.275830E-02 -0.416418E+02
  0.348627E+02  0.273736E+02  0.987951E+00  0.913264E+00  0.107664E+01  0.966293E+00  0.401398E-04  0.398301E-02  0.258110E-02  0.243384E-02  0.178457E-02 -0.421821E+02
  0.348627E+02  0.273736E+02  0.987951E+00  0.110004E+01  0.107664E+01  0.972600E+00  0.395411E-03  0.265713E-02  0.293002E-02  0.151229E-02  0.229547E-02 -0.412739E+02
  0.345278E+02  0.273736E+02  0.987951E+00  0.110004E+01  0.107664E+01  0.958865E+00  0.316994E-02  0.137749E-02  0.122821E-02  0.146818E-02  0.216388E-02 -0.410259E+02
  0.345278E+02  0.273736E+02  0.987951E+00  0.101503E+01  0.109326E+01  0.958865E+00  0.175156E-02  0.238802E-02  0.127683E-02  0.116821E-03  0.236135E-02 -0.403482E+02
  0.345278E+02  0.273736E+02  0.987951E+00  0.100982E+01  0.109326E+01  0.950970E+00  0.299612E-02  0.398932E-02  0.127683E-02  0.116821E-03  0.361288E-02 -0.406725E+02
  0.345278E+02  0.273736E+02  0.987951E+00  0.109494E+01  0.108630E+01  0.950970E+00  0.359938E-02  0.267294E-02  0.127683E-02  0.183757E-03  0.462997E-02 -0.412258E+02
  0.345278E+02  0.260598E+02  0.994471E+00  0.104040E+01  0.108630E+01  0.959108E+00  0.305725E-02  0.242103E-02  0.112804E-02  0.183757E-03  0.409007E-02 -0.414720E+02
  0.345278E+02  0.298683E+02  0.994471E+00  0.104598E+01  0.108630E+01  0.970641E+00  0.465874E-02  0.443769E-02  0.112804E-02  0.302520E-02  0.476568E-02 -0.414477E+02
  0.345278E+02  0.277744E+02  0.994471E+00  0.108493E+01  0.107170E+01  0.970641E+00  0.377155E-02  0.443769E-02  0.207232E-02  0.552665E-02  0.443082E-02 -0.418893E+02
  0.345278E+02  0.277744E+02  0.994471E+00  0.103563E+01  0.110339E+01  0.978424E+00  0.176647E-02  0.482924E-02  0.150725E-02  0.542028E-02  0.715311E-02 -0.417883E+02
  0.345278E+02  0.277744E+02  0.994471E+00  0.103563E+01  0.110339E+01  0.964451E+00  0.190253E-02  0.303844E-02  0.260311E-02  0.394686E-02  0.715311E-02 -0.414860E+02
  0.345278E+02  0.276917E+02  0.994471E+00  0.103390E+01  0.110339E+01  0.964451E+00  0.104426E-02  0.339241E-02  0.210058E-02  0.357452E-02  0.766629E-02 -0.415025E+02
  0.341086E+02  0.276917E+02  0.994471E+00  0.966140E+00  0.110339E+01  0.964451E+00  0.175318E-02  0.187671E-02  0.168309E-02  0.197664E-02  0.949927E-02 -0.413749E+02
  0.339758E+02  0.287823E+02  0.982513E+00  0.966140E+00  0.110339E+01  0.921516E+00  0.233752E-02  0.274804E-03  0.222971E-02  0.443639E-04  0.810660E-02 -0.410627E+02
  0.339758E+02  0.287823E+02  0.982513E+00  0.966140E+00  0.116355E+01  0.921516E+00  0.420564E-02  0.274804E-03  0.375648E-02  0.206998E-02  0.888017E-02 -0.424986E+02
  0.335190E+02  0.285376E+02  0.948338E+00  0.966140E+00  0.116355E+01  0.892171E+00  0.515310E-02  0.168392E-02  0.632596E-02  0.383977E-02  0.748635E-02 -0.442415E+02
  0.332258E+02  0.285376E+02  0.948338E+00  0.101749E+01  0.110141E+01  0.938628E+00  0.508631E-02  0.323869E-02  0.481341E-02  0.354187E-02  0.853233E-02 -0.422879E+02
  0.332258E+02  0.308196E+02  0.948338E+00  0.101749E+01  0.110141E+01  0.952781E+00  0.611035E-02  0.323869E-02  0.526869E-02  0.389366E-02  0.818555E-02 -0.433086E+02
  0.332258E+02  0.313139E+02  0.948338E+00  0.101036E+01  0.110141E+01  0.999599E+00  0.745328E-02  0.447287E-02  0.408995E-02  0.425802E-02  0.817579E-02 -0.443945E+02
  0.332258E+02  0.313139E+02  0.948338E+00  0.110409E+01  0.110141E+01  0.964538E+00  0.720149E-02  0.510881E-02  0.374728E-02  0.335819E-02  0.950999E-02 -0.439384E+02
  0.338560E+02  0.263509E+02  0.948338E+00  0.111468E+01  0.107612E+01  0.971731E+00  0.967637E-02  0.645069E-02  0.430413E-02  0.382500E-02  0.906700E-02 -0.431915E+02
  0.338560E+02  0.266727E+02  0.948338E+00  0.111468E+01  0.109171E+01  0.984767E+00  0.112387E-01  0.565684E-02  0.373521E-02  0.452997E-02  0.864638E-02 -0.432396E+02
  0.340591E+02  0.266727E+02  0.948338E+00  0.996948E+00  0.109171E+01  0.941968E+00  0.103557E-01  0.666898E-02  0.232204E-02  0.452997E-02  0.100465E-01 -0.438804E+02
  0.341382E+02  0.263883E+02  0.948338E+00  0.996948E+00  0.109171E+01  0.938211E+00  0.911128E-02  0.756670E-02  0.163319E-02  0.511121E-02  0.947497E-02 -0.443187E+02
  0.341382E+02  0.266384E+02  0.948338E+00  0.996948E+00  0.109171E+01  0.938211E+00  0.103524E-01  0.664162E-02  0.119829E-02  0.570884E-02  0.833986E-02 -0.439030E+02
  0.341382E+02  0.262322E+02  0.952935E+00  0.112232E+01  0.109171E+01  0.890196E+00  0.105461E-01  0.485071E-02  0.922672E-03  0.623611E-02  0.946191E-02 -0.441765E+02
  0.341382E+02  0.258541E+02  0.949180E+00  0.112232E+01  0.109171E+01  0.875881E+00  0.107499E-01  0.607210E-02  0.136144E-02  0.624139E-02  0.930360E-02 -0.452287E+02
  0.329542E+02  0.259661E+02  0.951504E+00  0.112232E+01  0.112333E+01  0.875881E+00  0.781994E-02  0.616229E-02  0.136144E-02  0.676219E-02  0.125171E-01 -0.450414E+02
  0.329542E+02  0.244274E+02  0.951504E+00  0.114258E+01  0.112333E+01  0.875881E+00  0.698884E-02  0.545288E-02  0.340778E-03  0.799902E-02  0.135319E-01 -0.472695E+02
  0.329542E+02  0.276581E+02  0.951504E+00  0.113039E+01  0.112333E+01  0.875881E+00  0.776753E-02  0.318219E-02  0.192539E-02  0.774805E-02  0.141108E-01 -0.442277E+02
  0.329542E+02  0.276880E+02  0.951504E+00  0.112859E+01  0.112333E+01  0.875881E+00  0.730484E-02  0.390138E-02  0.280812E-02  0.677719E-02  0.139375E-01 -0.442567E+02
  0.329542E+02  0.272949E+02  0.951504E+00  0.112859E+01  0.112333E+01  0.875881E+00  0.740387E-02  0.265456E-02  0.996860E-03  0.548197E-02  0.140783E-01 -0.439486E+02
  0.326647E+02  0.277859E+02  0.951504E+00  0.112859E+01  0.112333E+01  0.901348E+00  0.719471E-02  0.211102E-02  0.996860E-03  0.412434E-02  0.148001E-01 -0.439795E+02
  0.332975E+02  0.277859E+02  0.951504E+00  0.112859E+01  0.112333E+01  0.901348E+00  0.694280E-02  0.414467E-02  0.246001E-02  0.243763E-02  0.165500E-01 -0.434825E+02
  0.332975E+02  0.277859E+02  0.951504E+00  0.107462E+01  0.112333E+01  0.901348E+00  0.784777E-02  0.383912E-02  0.312623E-02  0.229315E-02  0.162197E-01 -0.430369E+02
  0.332975E+02  0.277859E+02  0.951504E+00  0.107462E+01  0.113264E+01  0.942628E+00  0.774362E-02  0.540719E-02  0.394139E-02  0.298806E-02  0.154529E-01 -0.438520E+02
  0.332975E+02  0.284459E+02  0.951504E+00  0.976374E+00  0.113264E+01  0.815003E+00  0.103380E-01  0.594732E-02  0.394139E-02  0.172518E-02  0.133023E-01 -0.457030E+02
  0.332975E+02  0.284459E+02  0.100187E+01  0.964145E+00  0.113264E+01  0.815003E+00  0.889885E-02  0.422583E-02  0.436144E-02  0.208617E-03  0.132756E-01 -0.459384E+02
  0.340562E+02  0.284459E+02  0.100187E+01  0.998448E+00  0.113264E+01  0.972598E+00  0.920933E-02  0.522119E-02  0.595207E-02  0.351995E-03  0.121497E-01 -0.432656E+02
  0.340562E+02  0.267586E+02  0.100187E+01  0.100420E+01  0.113088E+01  0.983414E+00  0.775331E-02  0.622304E-02  0.680498E-02  0.379676E-04  0.120211E-01 -0.446897E+02
  0.340562E+02  0.267586E+02  0.100187E+01  0.100420E+01  0.113088E+01  0.103231E+01  0.748652E-02  0.705538E-02  0.842208E-02  0.100222E-03  0.136344E-01 -0.475242E+02
  0.365443E+02  0.267586E+02  0.103860E+01  0.100648E+01  0.113088E+01  0.971021E+00  0.835425E-02  0.585662E-02  0.855905E-02  0.132106E-02  0.153375E-01 -0.451456E+02
  0.365443E+02  0.267586E+02  0.103860E+01  0.103888E+01  0.113088E+01  0.971021E+00  0.816699E-02  0.480023E-02  0.863025E-02  0.965963E-03  0.150012E-01 -0.452635E+02
  0.365443E+02  0.285112E+02  0.103860E+01  0.103888E+01  0.115051E+01  0.971021E+00  0.973484E-02  0.719245E-02  0.863025E-02  0.965963E-03  0.187397E-01 -0.455098E+02
  0.365443E+02  0.315203E+02  0.103870E+01  0.108816E+01  0.115051E+01  0.104070E+01  0.104189E-01  0.861302E-02  0.833093E-02  0.136272E-03  0.190610E-01 -0.488019E+02
  0.365443E+02  0.315203E+02  0.102025E+01  0.108529E+01  0.104679E+01  0.109644E+01  0.111563E-01  0.973542E-02  0.964340E-02  0.136272E-03  0.209564E-01 -0.475326E+02
  0.365443E+02  0.277297E+02  0.102025E+01  0.108529E+01  0.104679E+01  0.110080E+01  0.128009E-01  0.752520E-02  0.103553E-01  0.136272E-03  0.194835E-01 -0.457531E+02
  0.365443E+02  0.275177E+02  0.102025E+01  0.108970E+01  0.104679E+01  0.108706E+01  0.154763E-01  0.709625E-02  0.109968E-01  0.319891E-03  0.181806E-01 -0.454688E+02
  0.372681E+02  0.275177E+02  0.102025E+01  0.108970E+01  0.104679E+01  0.106804E+01  0.139945E-01  0.660778E-02  0.993562E-02  0.124189E-02  0.189870E-01 -0.468148E+02
  0.372681E+02  0.275177E+02  0.102025E+01  0.109148E+01  0.104679E+01  0.106804E+01  0.141111E-01  0.626344E-02  0.102442E-01  0.124189E-02  0.169569E-01 -0.466157E+02
  0.372681E+02  0.277971E+02  0.102025E+01  0.929647E+00  0.104679E+01  0.106804E+01  0.170749E-01  0.582058E-02  0.901334E-02  0.395077E-02  0.161878E-01 -0.474340E+02
  0.333400E+02  0.321609E+02  0.102025E+01  0.929647E+00  0.104679E+01  0.106804E+01  0.178829E-01  0.466061E-02  0.848105E-02  0.372193E-02  0.152213E-01 -0.476544E+02
  0.333400E+02  0.321609E+02  0.102025E+01  0.101300E+01  0.104679E+01  0.106072E+01  0.173753E-01  0.287853E-02  0.848105E-02  0.437272E-02  0.152832E-01 -0.485175E+02
  0.333400E+02  0.316389E+02  0.934204E+00  0.101300E+01  0.104679E+01  0.106072E+01  0.167744E-01  0.323072E-02  0.788467E-02  0.399311E-02  0.142407E-01 -0.458075E+02
  0.333400E+02  0.307036E+02  0.934204E+00  0.107592E+01  0.104679E+01  0.106072E+01  0.199235E-01  0.445293E-02  0.938260E-02  0.462543E-02  0.156578E-01 -0.448607E+02
  0.333400E+02  0.307036E+02  0.934204E+00  0.107592E+01  0.104679E+01  0.106072E+01  0.201868E-01  0.285394E-02  0.979897E-02  0.502570E-02  0.131835E-01 -0.445255E+02
  0.333400E+02  0.307036E+02  0.937690E+00  0.110328E+01  0.104679E+01  0.965754E+00  0.205121E-01  0.305727E-02  0.105233E-01  0.551714E-02  0.136177E-01 -0.443277E+02
  0.333400E+02  0.303023E+02  0.945412E+00  0.110328E+01  0.104679E+01  0.950597E+00  0.235047E-01  0.612022E-02  0.110651E-01  0.505161E-02  0.148456E-01 -0.444346E+02
  0.325764E+02  0.303023E+02  0.945412E+00  0.110328E+01  0.104679E+01  0.952480E+00  0.212399E-01  0.561774E-02  0.117155E-01  0.474144E-02  0.169155E-01 -0.446919E+02
  0.325764E+02  0.303023E+02  0.945412E+00  0.110328E+01  0.102216E+01  0.952480E+00  0.214916E-01  0.514654E-02  0.130193E-01  0.614960E-02  0.139720E-01 -0.451454E+02
  0.325764E+02  0.298001E+02  0.947993E+00  0.100941E+01  0.108695E+01  0.952480E+00  0.201736E-01  0.699898E-02  0.126905E-01  0.446310E-02  0.156709E-01 -0.441708E+02
  0.325764E+02  0.298001E+02  0.947993E+00  0.904875E+00  0.107845E+01  0.859129E+00  0.210048E-01  0.601922E-02  0.135099E-01  0.778131E-02  0.154328E-01 -0.475727E+02
  0.325764E+02  0.287537E+02  0.947993E+00  0.904875E+00  0.107845E+01  0.859129E+00  0.226733E-01  0.660840E-02  0.186978E-01  0.848101E-02  0.132834E-01 -0.473769E+02
  0.325764E+02  0.282159E+02  0.950257E+00  0.904875E+00  0.107845E+01  0.886993E+00  0.235749E-01  0.824406E-02  0.174897E-01  0.848101E-02  0.129213E-01 -0.461532E+02
  0.325764E+02  0.282159E+02  0.950257E+00  0.919356E+00  0.107845E+01  0.933452E+00  0.245162E-01  0.953059E-02  0.198542E-01  0.902681E-02  0.116041E-01 -0.454313E+02
  0.325764E+02  0.300840E+02  0.950257E+00  0.919356E+00  0.107845E+01  0.933452E+00  0.255025E-01  0.101064E-01  0.196260E-01  0.982589E-02  0.106260E-01 -0.460095E+02
  0.325764E+02  0.306389E+02  0.950257E+00  0.919356E+00  0.107845E+01  0.102090E+01  0.263460E-01  0.855108E-02  0.178725E-01  0.939898E-02  0.910476E-02 -0.466338E+02
  0.325764E+02  0.315579E+02  0.950257E+00  0.887066E+00  0.107845E+01  0.101381E+01  0.246118E-01  0.855108E-02  0.190950E-01  0.997746E-02  0.103172E-01 -0.482019E+02
  0.325764E+02  0.316518E+02  0.950257E+00  0.955344E+00  0.102458E+01  0.101381E+01  0.246380E-01  0.108079E-01  0.201236E-01  0.105868E-01  0.107428E-01 -0.468436E+02
  0.325764E+02  0.316518E+02  0.950257E+00  0.109778E+01  0.102458E+01  0.992659E+00  0.254276E-01  0.101993E-01  0.194213E-01  0.995341E-02  0.909383E-02 -0.467481E+02
  0.325764E+02  0.316518E+02  0.950257E+00  0.105857E+01  0.102458E+01  0.999655E+00  0.266660E-01  0.958108E-02  0.201107E-01  0.103578E-01  0.758021E-02 -0.462467E+02
  0.325764E+02  0.298458E+02  0.950257E+00  0.107119E+01  0.102458E+01  0.999655E+00  0.253240E-01  0.118773E-01  0.194822E-01  0.116713E-01  0.702131E-02 -0.449533E+02
  0.325764E+02  0.298458E+02  0.950257E+00  0.956899E+00  0.105819E+01  0.111212E+01  0.236745E-01  0.118773E-01  0.171321E-01  0.116713E-01  0.519524E-02 -0.488907E+02
  0.325764E+02  0.298458E+02  0.950257E+00  0.977882E+00  0.105819E+01  0.111212E+01  0.228611E-01  0.115136E-01  0.163897E-01  0.124211E-01  0.595290E-02 -0.488165E+02
  0.315483E+02  0.288800E+02  0.950257E+00  0.977882E+00  0.105819E+01  0.109410E+01  0.219013E-01  0.115435E-01  0.171576E-01  0.123225E-01  0.585878E-02 -0.510218E+02
  0.346467E+02  0.288800E+02  0.950257E+00  0.887504E+00  0.973744E+00  0.109410E+01  0.238970E-01  0.124756E-01  0.167839E-01  0.122603E-01  0.437819E-02 -0.491780E+02
  0.333336E+02  0.288800E+02  0.950257E+00  0.999550E+00  0.973744E+00  0.109410E+01  0.222960E-01  0.117337E-01  0.163235E-01  0.113855E-01  0.437819E-02 -0.443836E+02
  0.333336E+02  0.288800E+02  0.950667E+00  0.999550E+00  0.973744E+00  0.109410E+01  0.211912E-01  0.106481E-01  0.151119E-01  0.125574E-01  0.608707E-02 -0.444577E+02
  0.333678E+02  0.280943E+02  0.100132E+01  0.999550E+00  0.973744E+00  0.105418E+01  0.206916E-01  0.100267E-01  0.136394E-01  0.125006E-01  0.655722E-02 -0.448609E+02
  0.333678E+02  0.280943E+02  0.962162E+00  0.999550E+00  0.995747E+00  0.105009E+01  0.200844E-01  0.942077E-02  0.125145E-01  0.133035E-01  0.602445E-02 -0.433718E+02
  0.338056E+02  0.278205E+02  0.975497E+00  0.108338E+01  0.995747E+00  0.110850E+01  0.238537E-01  0.929185E-02  0.119466E-01  0.130152E-01  0.634002E-02 -0.442444E+02
  0.338056E+02  0.279280E+02  0.975497E+00  0.112048E+01  0.995747E+00  0.110850E+01  0.235299E-01  0.859671E-02  0.118714E-01  0.143408E-01  0.778478E-02 -0.448992E+02
  0.338056E+02  0.279280E+02  0.963217E+00  0.112048E+01  0.995747E+00  0.104815E+01  0.233239E-01  0.818774E-02  0.123533E-01  0.118545E-01  0.680983E-02 -0.435853E+02
  0.338056E+02  0.279280E+02  0.963217E+00  0.107796E+01  0.995747E+00  0.107327E+01  0.248025E-01  0.919713E-02  0.108077E-01  0.124028E-01  0.651543E-02 -0.432782E+02
  0.338056E+02  0.279280E+02  0.963217E+00  0.107796E+01  0.104714E+01  0.107581E+01  0.249953E-01  0.978380E-02  0.979093E-02  0.125810E-01  0.654715E-02 -0.441046E+02
  0.338056E+02  0.279280E+02  0.963217E+00  0.969192E+00  0.104714E+01  0.107581E+01  0.242574E-01  0.724672E-02  0.843576E-02  0.123421E-01  0.785871E-02 -0.440850E+02
  0.338056E+02  0.294503E+02  0.100414E+01  0.102446E+01  0.102574E+01  0.103243E+01  0.256447E-01  0.782407E-02  0.101961E-01  0.108124E-01  0.730384E-02 -0.435618E+02
  0.338056E+02  0.294503E+02  0.100414E+01  0.983244E+00  0.102574E+01  0.103243E+01  0.260171E-01  0.827451E-02  0.101961E-01  0.856147E-02  0.730384E-02 -0.430169E+02
  0.338056E+02  0.296880E+02  0.100414E+01  0.983244E+00  0.102574E+01  0.109155E+01  0.266007E-01  0.907478E-02  0.104568E-01  0.798578E-02  0.663634E-02 -0.437827E+02
  0.338056E+02  0.291867E+02  0.100414E+01  0.983244E+00  0.960252E+00  0.109155E+01  0.261498E-01  0.780902E-02  0.103882E-01  0.748754E-02  0.815293E-02 -0.436601E+02
  0.338056E+02  0.291867E+02  0.100414E+01  0.916071E+00  0.960252E+00  0.119233E+01  0.235699E-01  0.803589E-02  0.111215E-01  0.748754E-02  0.784411E-02 -0.456579E+02
  0.338056E+02  0.308345E+02  0.100414E+01  0.916071E+00  0.960252E+00  0.111024E+01  0.222094E-01  0.801946E-02  0.111215E-01  0.516733E-02  0.905363E-02 -0.447474E+02
  0.336216E+02  0.286056E+02  0.100414E+01  0.835971E+00  0.104032E+01  0.105342E+01  0.223696E-01  0.801946E-02  0.108634E-01  0.431157E-02  0.813279E-02 -0.441695E+02
  0.332049E+02  0.286056E+02  0.100414E+01  0.886889E+00  0.104032E+01  0.107978E+01  0.239461E-01  0.741588E-02  0.117087E-01  0.432098E-02  0.688617E-02 -0.447016E+02
  0.332049E+02  0.286710E+02  0.100414E+01  0.916706E+00  0.101795E+01  0.990961E+00  0.236556E-01  0.681895E-02  0.117087E-01  0.257257E-02  0.644971E-02 -0.430450E+02
  0.332049E+02  0.278489E+02  0.100414E+01  0.900151E+00  0.101795E+01  0.102466E+01  0.233547E-01  0.615314E-02  0.128715E-01  0.168364E-02  0.519144E-02 -0.428091E+02
  0.332049E+02  0.278489E+02  0.100414E+01  0.900151E+00  0.101795E+01  0.102466E+01  0.212184E-01  0.684423E-02  0.113590E-01  0.105296E-02  0.335732E-02 -0.425545E+02
  0.332049E+02  0.299907E+02  0.975020E+00  0.921116E+00  0.101795E+01  0.102466E+01  0.205242E-01  0.833217E-02  0.113590E-01  0.985937E-04  0.382656E-02 -0.423029E+02
  0.331780E+02  0.299907E+02  0.975020E+00  0.921116E+00  0.105779E+01  0.102466E+01  0.188987E-01  0.811120E-02  0.115891E-01  0.985937E-04  0.444173E-02 -0.426739E+02
  0.331780E+02  0.299907E+02  0.975020E+00  0.976219E+00  0.105779E+01  0.101636E+01  0.191890E-01  0.782473E-02  0.990133E-02  0.985937E-04  0.342830E-02 -0.418861E+02
  0.331780E+02  0.295248E+02  0.977390E+00  0.995497E+00  0.107995E+01  0.100145E+01  0.217998E-01  0.740166E-02  0.893784E-02  0.985937E-04  0.204004E-02 -0.416449E+02
  0.331780E+02  0.295248E+02  0.977390E+00  0.995497E+00  0.107995E+01  0.961638E+00  0.228699E-01  0.500222E-02  0.819620E-02  0.381193E-03  0.156087E-02 -0.409652E+02
  0.331780E+02  0.303466E+02  0.977390E+00  0.949811E+00  0.107995E+01  0.961638E+00  0.200590E-01  0.500719E-02  0.936923E-02  0.711487E-03  0.106792E-02 -0.416590E+02
  0.331780E+02  0.303466E+02  0.977390E+00  0.918276E+00  0.107995E+01  0.961638E+00  0.188548E-01  0.533428E-02  0.767158E-02  0.293040E-02  0.245873E-02 -0.421791E+02
  0.331780E+02  0.303466E+02  0.977390E+00  0.982363E+00  0.107995E+01  0.961638E+00  0.188548E-01  0.528192E-02  0.776817E-02  0.285380E-02  0.641554E-03 -0.416473E+02
  0.331780E+02  0.303466E+02  0.977390E+00  0.982363E+00  0.109754E+01  0.961638E+00  0.191559E-01  0.392877E-02  0.815413E-02  0.187066E-02  0.203231E-02 -0.417880E+02
  0.331780E+02  0.303466E+02  0.100090E+01  0.102017E+01  0.106880E+01  0.961638E+00  0.199370E-01  0.392877E-02  0.921521E-02  0.418507E-02  0.433648E-02 -0.436649E+02
  0.331780E+02  0.303466E+02  0.936980E+00  0.102017E+01  0.105057E+01  0.961638E+00  0.227832E-01  0.329074E-02  0.992489E-02  0.492455E-02  0.365604E-02 -0.429833E+02
  0.331780E+02  0.303466E+02  0.950041E+00  0.104407E+01  0.105057E+01  0.961638E+00  0.217644E-01  0.533445E-02  0.100622E-01  0.492455E-02  0.106764E-02 -0.422878E+02
  0.329662E+02  0.303466E+02  0.928551E+00  0.107925E+01  0.105057E+01  0.961638E+00  0.216202E-01  0.408674E-02  0.929793E-02  0.329280E-02  0.117431E-02 -0.426628E+02
  0.329662E+02  0.303466E+02  0.928551E+00  0.107925E+01  0.105448E+01  0.923377E+00  0.205935E-01  0.465436E-02  0.781485E-02  0.195679E-02  0.204107E-02 -0.433396E+02
  0.332738E+02  0.303466E+02  0.998995E+00  0.949565E+00  0.105448E+01  0.106195E+01  0.189825E-01  0.625251E-02  0.894106E-02  0.256484E-02  0.218890E-02 -0.434721E+02
  0.349661E+02  0.303466E+02  0.998995E+00  0.949565E+00  0.105448E+01  0.106195E+01  0.155945E-01  0.536924E-02  0.895961E-02  0.326018E-02  0.811843E-03 -0.421024E+02
  0.349661E+02  0.303466E+02  0.998995E+00  0.949565E+00  0.108039E+01  0.106195E+01  0.139570E-01  0.668790E-02  0.102463E-01  0.594337E-02  0.543250E-03 -0.431199E+02
  0.333694E+02  0.295666E+02  0.998995E+00  0.979392E+00  0.107368E+01  0.107208E+01  0.143478E-01  0.746561E-02  0.949645E-02  0.687077E-02  0.453252E-03 -0.450243E+02
  0.333694E+02  0.295666E+02  0.998995E+00  0.104580E+01  0.940589E+00  0.103865E+01  0.156491E-01  0.887637E-02  0.653636E-02  0.589928E-02  0.453252E-03 -0.456859E+02
  0.333694E+02  0.295666E+02  0.998995E+00  0.112726E+01  0.940589E+00  0.103865E+01  0.156491E-01  0.104361E-01  0.414993E-02  0.600128E-02  0.453252E-03 -0.475229E+02
  0.333694E+02  0.295666E+02  0.932035E+00  0.112726E+01  0.940589E+00  0.106855E+01  0.137418E-01  0.124488E-01  0.568707E-02  0.517078E-02  0.187673E-02 -0.447250E+02
  0.333694E+02  0.295666E+02  0.958823E+00  0.112726E+01  0.940589E+00  0.117593E+01  0.151347E-01  0.120832E-01  0.568707E-02  0.379595E-02  0.316897E-03 -0.443782E+02
  0.333694E+02  0.289608E+02  0.940448E+00  0.126029E+01  0.940589E+00  0.110658E+01  0.142757E-01  0.124429E-01  0.798308E-02  0.336206E-02  0.189905E-02 -0.457173E+02
  0.333694E+02  0.289608E+02  0.940448E+00  0.126029E+01  0.990023E+00  0.113077E+01  0.146238E-01  0.116596E-01  0.793277E-02  0.365634E-02  0.162481E-02 -0.460600E+02
  0.333694E+02  0.289608E+02  0.940448E+00  0.126029E+01  0.926416E+00  0.116523E+01  0.138713E-01  0.161877E-01  0.861050E-02  0.265701E-02  0.396802E-03 -0.467266E+02
  0.333694E+02  0.289608E+02  0.940448E+00  0.126029E+01  0.949408E+00  0.116523E+01  0.135610E-01  0.172765E-01  0.101273E-01  0.256289E-02  0.929949E-04 -0.470261E+02
  0.322191E+02  0.320307E+02  0.940448E+00  0.126029E+01  0.949408E+00  0.116523E+01  0.143361E-01  0.179997E-01  0.986640E-02  0.226081E-02  0.929949E-04 -0.511856E+02
  0.327806E+02  0.291782E+02  0.940448E+00  0.110861E+01  0.949408E+00  0.104544E+01  0.122494E-01  0.204360E-01  0.101393E-01  0.240076E-02  0.205883E-02 -0.448825E+02
  0.327806E+02  0.270140E+02  0.940448E+00  0.110861E+01  0.949408E+00  0.100099E+01  0.108422E-01  0.182925E-01  0.887425E-02  0.459677E-02  0.330120E-02 -0.458758E+02
  0.327806E+02  0.296696E+02  0.940448E+00  0.978830E+00  0.949408E+00  0.102191E+01  0.109330E-01  0.193407E-01  0.784995E-02  0.459677E-02  0.503916E-02 -0.463289E+02
  0.331554E+02  0.266498E+02  0.940448E+00  0.100141E+01  0.949684E+00  0.103793E+01  0.976831E-02  0.190390E-01  0.698229E-02  0.410001E-02  0.588805E-02 -0.457060E+02
  0.331554E+02  0.304681E+02  0.940448E+00  0.108363E+01  0.949684E+00  0.107898E+01  0.854521E-02  0.169963E-01  0.745014E-02  0.432395E-02  0.677480E-02 -0.454458E+02
  0.331554E+02  0.274754E+02  0.962208E+00  0.108363E+01  0.992181E+00  0.107898E+01  0.938270E-02  0.180292E-01  0.698235E-02  0.446570E-02  0.545436E-02 -0.441353E+02
  0.331554E+02  0.274754E+02  0.962208E+00  0.112942E+01  0.946391E+00  0.107898E+01  0.938270E-02  0.165051E-01  0.732512E-02  0.250337E-02  0.601653E-02 -0.447931E+02
  0.342105E+02  0.274754E+02  0.992561E+00  0.110660E+01  0.946391E+00  0.110286E+01  0.863633E-02  0.158608E-01  0.893801E-02  0.123014E-02  0.626576E-02 -0.451244E+02
  0.342105E+02  0.288691E+02  0.992561E+00  0.110660E+01  0.946391E+00  0.117155E+01  0.757785E-02  0.152103E-01  0.937069E-02  0.813161E-03  0.730515E-02 -0.456860E+02
  0.342105E+02  0.327680E+02  0.992561E+00  0.997499E+00  0.946391E+00  0.117155E+01  0.875376E-02  0.153699E-01  0.937069E-02  0.161133E-02  0.887999E-02 -0.477643E+02
  0.342105E+02  0.327680E+02  0.992561E+00  0.997499E+00  0.946391E+00  0.117155E+01  0.889286E-02  0.168711E-01  0.937069E-02  0.267217E-02  0.923826E-02 -0.480519E+02
  0.337735E+02  0.318424E+02  0.992561E+00  0.997499E+00  0.946391E+00  0.118386E+01  0.106621E-01  0.174171E-01  0.937985E-02  0.247199E-02  0.107649E-01 -0.473828E+02
  0.337735E+02  0.318424E+02  0.992561E+00  0.102299E+01  0.986743E+00  0.100252E+01  0.105928E-01  0.174171E-01  0.105879E-01  0.482041E-03  0.128124E-01 -0.482763E+02
  0.337735E+02  0.316230E+02  0.992561E+00  0.911595E+00  0.986743E+00  0.102540E+01  0.114605E-01  0.174726E-01  0.933673E-02  0.104171E-03  0.125104E-01 -0.469360E+02
  0.329438E+02  0.316230E+02  0.980118E+00  0.945149E+00  0.986743E+00  0.102540E+01  0.966858E-02  0.168900E-01  0.795783E-02  0.104171E-03  0.106729E-01 -0.461021E+02
  0.337347E+02  0.296931E+02  0.980118E+00  0.822621E+00  0.986743E+00  0.102540E+01  0.763925E-02  0.160914E-01  0.837509E-02  0.104171E-03  0.111634E-01 -0.470916E+02
