"Typology" "SU" "param_name" "prior.dist" "par_1" "par_2" "covariate" "scaled" "1" "2" "3" "4" "5" "6" "7" "8" "9" "10" "11" "12" "13" "14" "15" "16" "17" "18" "19" "20"
"Durance" "SU1" "Km_a0" "Gaussian" 30.0000000000002 33.60948732992 0 -1 1 6.07540563439103e-15 0.993241399707239 4.44921308888158e-15 0.992861723669689 2.3834321225991e-15 0.983245044507878 -1.33882443868888e-14 -0.985644010775843 -4.3222280854014e-15 -0.992208567531128 -1.29042825330778e-15 -0.990471658248865 0 0 0 0 0 0 0
"Durance" "SU1" "Km_a1" "Gaussian" 1.82076576038526e-14 24.5133534993009 89.921953 -0.833333333333333 6.14224422603583e-15 1 7.02539738286882e-15 0.948320227871777 6.94042604823086e-15 0.92420538181334 6.45820076990602e-15 -0.244979968716867 -7.39918063848505e-15 -0.936448005859705 -6.7721033149535e-15 -0.954358068574247 -6.63416519163728e-15 0 0 0 0 0 0 0
"Durance" "SU1" "Km_a2" "Gaussian" 1.10134124042816e-13 144.223999630892 179.843906 -0.666666666666667 0.993241399707239 7.10582024869779e-15 1 5.29793495477015e-15 0.996709234390169 3.34586937583027e-15 0.986879623534233 -1.36405096466601e-14 -0.989789347312906 -5.18410616466507e-15 -0.996201139552543 -2.16134268206297e-15 -0.994210030929859 0 0 0 0 0 0 0
"Durance" "SU1" "Km_a3" "Gaussian" -1.77635683940025e-15 43.7783549955949 269.765859 -0.5 4.38036026188922e-15 0.948320227871777 5.33391145269067e-15 1 5.15454941753088e-15 0.930154646883342 4.64740494711204e-15 -0.260017538929941 -5.56756643235794e-15 -0.948104631552367 -5.12699402511505e-15 -0.962577644066771 -4.70639997209996e-15 0 0 0 0 0 0 0
"Durance" "SU1" "Km_a4" "Gaussian" -2.57571741713036e-14 168.683202497397 359.687812 -0.333333333333333 0.992861723669689 6.9524546093178e-15 0.996709234390169 5.15845829720211e-15 1 3.26798275057832e-15 0.985758036221257 -1.3665063525608e-14 -0.990369613439139 -5.07490167758988e-15 -0.996176145102234 -2.03766234790758e-15 -0.99360168412055 0 0 0 0 0 0 0
"Durance" "SU1" "Km_a5" "Gaussian" 5.06261699229071e-14 36.0996726450241 449.609765 -0.166666666666667 2.3702553949278e-15 0.92420538181334 3.32130408501312e-15 0.930154646883342 3.21197394130283e-15 1 2.71200233558902e-15 -0.29844704825398 -3.74392038878353e-15 -0.936153829128464 -3.10122761312016e-15 -0.941224640647908 -2.84930911667073e-15 0 0 0 0 0 0 0
"Durance" "SU1" "Km_a6" "Gaussian" -1.02140518265514e-14 74.5861096007803 539.531718 0 0.983245044507878 6.48929068297338e-15 0.986879623534234 4.65175708659603e-15 0.985758036221257 2.82795062008206e-15 1 -1.34464213342532e-14 -0.985555891193747 -4.62443370978179e-15 -0.988223717851778 -1.52435580888216e-15 -0.98460710540098 0 0 0 0 0 0 0
"Durance" "SU1" "Km_a7" "Gaussian" -5.28466159721575e-14 11.9365029390748 629.453671 0.166666666666667 -1.33928105894867e-14 -0.244979968716867 -1.36757214467806e-14 -0.260017538929941 -1.3672341913786e-14 -0.29844704825398 -1.34803404146675e-14 1 1.37353976880182e-14 0.15010383931942 1.36805844369571e-14 0.191468875070866 1.34609244552912e-14 0 0 0 0 0 0 0
"Durance" "SU1" "Km_a8" "Gaussian" 4.44089209850063e-16 92.0613805161438 719.375624 0.333333333333333 -0.985644010775843 -7.39603209284827e-15 -0.989789347312906 -5.56844793432633e-15 -0.990369613439139 -3.75260604890456e-15 -0.985555891193747 1.3738832749815e-14 1 5.59678941310949e-15 0.986081914103471 2.59830763119527e-15 0.982052099112778 0 0 0 0 0 0 0
"Durance" "SU1" "Km_a9" "Gaussian" -1.82076576038526e-14 47.2841419314676 809.297577 0.5 -4.32222808540141e-15 -0.936448005859705 -5.16743533788692e-15 -0.948104631552367 -5.00767060953327e-15 -0.936153829128464 -4.59166287593643e-15 0.15010383931942 5.5772019381421e-15 1 4.91809162042162e-15 0.908893259146386 4.63139893605493e-15 0 0 0 0 0 0 0
"Durance" "SU1" "Km_a10" "Gaussian" -2.97539770599542e-14 193.813737109975 899.21953 0.666666666666667 -0.992208567531128 -6.83043003125456e-15 -0.996201139552543 -5.12739965311803e-15 -0.996176145102234 -3.20278286424183e-15 -0.988223717851778 1.36806324267156e-14 0.986081914103471 4.9398010377424e-15 1 1.95168149170887e-15 0.987989555929834 0 0 0 0 0 0 0
"Durance" "SU1" "Km_a11" "Gaussian" 2.44804176929847e-14 54.2857741465665 989.141483 0.833333333333333 -1.26803916756446e-15 -0.954358068574247 -2.15408234773151e-15 -0.962577644066771 -2.00818240551033e-15 -0.941224640647908 -1.52423927420715e-15 0.191468875070866 2.48740469692972e-15 0.908893259146386 1.94087612288874e-15 1 1.79457831446742e-15 0 0 0 0 0 0 0
"Durance" "SU1" "Km_a12" "Gaussian" -3.23630011678233e-14 135.832396653672 1079.063436 1 -0.990471658248864 -6.66777489429309e-15 -0.994210030929859 -4.76479548273385e-15 -0.99360168412055 -2.88554104415258e-15 -0.98460710540098 1.34521597013854e-14 0.982052099112778 4.69321214267429e-15 0.987989555929834 1.80225707292853e-15 1 0 0 0 0 0 0 0
"Durance" "SU1" "Kf_SU1_Rh_a0" "FIX" 30 NA 1079.063436 1 0 0 0 0 0 0 0 0 0 0 0 0 0 1 0 0 0 0 0 0
"event_1" "node_1" "Q_mult_e1_n1" "FIX" 1 NA NA NA 0 0 0 0 0 0 0 0 0 0 0 0 0 0 1 0 0 0 0 0
"Y_1" NA "intercept" "Uniform" -10 10 NA NA 0 0 0 0 0 0 0 0 0 0 0 0 0 0 0 1 0 0 0 0
"Y_2" NA "intercept" "Exponential" 0 0.01 NA NA 0 0 0 0 0 0 0 0 0 0 0 0 0 0 0 0 1 0 0 0
"Y_3" NA "intercept" "Exponential" 0 0.01 NA NA 0 0 0 0 0 0 0 0 0 0 0 0 0 0 0 0 0 1 0 0
"Y_4" NA "intercept" "Exponential" 0 0.01 NA NA 0 0 0 0 0 0 0 0 0 0 0 0 0 0 0 0 0 0 1 0
"Y_5" NA "intercept" "Exponential" 0 0.01 NA NA 0 0 0 0 0 0 0 0 0 0 0 0 0 0 0 0 0 0 0 1
