X1_obs         X2_obs         X3_obs         X4_obs         X1_true        X2_true        X3_true        X4_true        Y1_obs         Y2_obs         Y3_obs         Y4_obs         Y5_obs         Y1_unbiased    Y2_unbiased    Y3_unbiased    Y4_unbiased    Y5_unbiased    Y1_sim         Y2_sim         Y3_sim         Y4_sim         Y5_sim         Y1_res         Y2_res         Y3_res         Y4_res         Y5_res         Y1_stdres      Y2_stdres      Y3_stdres      Y4_stdres      Y5_stdres      
   0.100000E+01   0.100000E+01   0.356140E-04   0.432000E+05   0.100000E+01   0.100000E+01   0.356140E-04   0.432000E+05   0.237876E+03  -0.999900E+04  -0.999900E+04  -0.999900E+04  -0.999900E+04   0.237876E+03  -0.999900E+04  -0.999900E+04  -0.999900E+04  -0.999900E+04   0.237832E+03   0.114000E+02   0.691514E+00   0.403141E+02   0.300000E+02   0.444570E-01  -0.999900E+04  -0.999900E+04  -0.999900E+04  -0.999900E+04   0.888165E+00  -0.999900E+04  -0.999900E+04  -0.999900E+04  -0.999900E+04
   0.100000E+01   0.100000E+01   0.119855E+02   0.432000E+05   0.100000E+01   0.100000E+01   0.119855E+02   0.432000E+05   0.237838E+03  -0.999900E+04  -0.999900E+04  -0.999900E+04  -0.999900E+04   0.237838E+03  -0.999900E+04  -0.999900E+04  -0.999900E+04  -0.999900E+04   0.237823E+03   0.114000E+02   0.645320E+00   0.338544E+02   0.300000E+02   0.146968E-01  -0.999900E+04  -0.999900E+04  -0.999900E+04  -0.999900E+04   0.293613E+00  -0.999900E+04  -0.999900E+04  -0.999900E+04  -0.999900E+04
   0.100000E+01   0.100000E+01   0.144059E+02   0.432000E+05   0.100000E+01   0.100000E+01   0.144059E+02   0.432000E+05   0.237829E+03  -0.999900E+04  -0.999900E+04  -0.999900E+04  -0.999900E+04   0.237829E+03  -0.999900E+04  -0.999900E+04  -0.999900E+04  -0.999900E+04   0.237821E+03   0.114000E+02   0.636981E+00   0.338544E+02   0.300000E+02   0.755835E-02  -0.999900E+04  -0.999900E+04  -0.999900E+04  -0.999900E+04   0.151001E+00  -0.999900E+04  -0.999900E+04  -0.999900E+04  -0.999900E+04
   0.100000E+01   0.100000E+01   0.198431E+02   0.432000E+05   0.100000E+01   0.100000E+01   0.198431E+02   0.432000E+05   0.237816E+03  -0.999900E+04  -0.999900E+04  -0.999900E+04  -0.999900E+04   0.237816E+03  -0.999900E+04  -0.999900E+04  -0.999900E+04  -0.999900E+04   0.237817E+03   0.114000E+02   0.619718E+00   0.338544E+02   0.300000E+02  -0.757202E-03  -0.999900E+04  -0.999900E+04  -0.999900E+04  -0.999900E+04  -0.151274E-01  -0.999900E+04  -0.999900E+04  -0.999900E+04  -0.999900E+04
   0.100000E+01   0.100000E+01   0.249191E+02   0.432000E+05   0.100000E+01   0.100000E+01   0.249191E+02   0.432000E+05   0.237810E+03  -0.999900E+04  -0.999900E+04  -0.999900E+04  -0.999900E+04   0.237810E+03  -0.999900E+04  -0.999900E+04  -0.999900E+04  -0.999900E+04   0.237811E+03   0.114000E+02   0.606192E+00   0.264515E+02   0.300000E+02  -0.974121E-03  -0.999900E+04  -0.999900E+04  -0.999900E+04  -0.999900E+04  -0.194610E-01  -0.999900E+04  -0.999900E+04  -0.999900E+04  -0.999900E+04
   0.100000E+01   0.100000E+01   0.319369E+02   0.432000E+05   0.100000E+01   0.100000E+01   0.319369E+02   0.432000E+05   0.237795E+03  -0.999900E+04  -0.999900E+04  -0.999900E+04  -0.999900E+04   0.237795E+03  -0.999900E+04  -0.999900E+04  -0.999900E+04  -0.999900E+04   0.237800E+03   0.114000E+02   0.591714E+00   0.264515E+02   0.300000E+02  -0.523193E-02  -0.999900E+04  -0.999900E+04  -0.999900E+04  -0.999900E+04  -0.104524E+00  -0.999900E+04  -0.999900E+04  -0.999900E+04  -0.999900E+04
   0.100000E+01   0.100000E+01   0.379737E+02   0.432000E+05   0.100000E+01   0.100000E+01   0.379737E+02   0.432000E+05   0.237788E+03  -0.999900E+04  -0.999900E+04  -0.999900E+04  -0.999900E+04   0.237788E+03  -0.999900E+04  -0.999900E+04  -0.999900E+04  -0.999900E+04   0.237787E+03   0.114000E+02   0.584706E+00   0.203290E+02   0.300000E+02   0.890625E-03  -0.999900E+04  -0.999900E+04  -0.999900E+04  -0.999900E+04   0.177929E-01  -0.999900E+04  -0.999900E+04  -0.999900E+04  -0.999900E+04
   0.100000E+01   0.100000E+01   0.445311E+02   0.432000E+05   0.100000E+01   0.100000E+01   0.445311E+02   0.432000E+05   0.237780E+03  -0.999900E+04  -0.999900E+04  -0.999900E+04  -0.999900E+04   0.237780E+03  -0.999900E+04  -0.999900E+04  -0.999900E+04  -0.999900E+04   0.237768E+03   0.114000E+02   0.583697E+00   0.164587E+02   0.300000E+02   0.120862E-01  -0.999900E+04  -0.999900E+04  -0.999900E+04  -0.999900E+04   0.241458E+00  -0.999900E+04  -0.999900E+04  -0.999900E+04  -0.999900E+04
   0.100000E+01   0.100000E+01   0.506607E+02   0.432000E+05   0.100000E+01   0.100000E+01   0.506607E+02   0.432000E+05   0.237750E+03  -0.999900E+04  -0.999900E+04  -0.999900E+04  -0.999900E+04   0.237750E+03  -0.999900E+04  -0.999900E+04  -0.999900E+04  -0.999900E+04   0.237744E+03   0.114000E+02   0.590862E+00   0.164587E+02   0.300000E+02   0.596619E-02  -0.999900E+04  -0.999900E+04  -0.999900E+04  -0.999900E+04   0.119193E+00  -0.999900E+04  -0.999900E+04  -0.999900E+04  -0.999900E+04
   0.100000E+01   0.100000E+01   0.559866E+02   0.432000E+05   0.100000E+01   0.100000E+01   0.559866E+02   0.432000E+05   0.237697E+03  -0.999900E+04  -0.999900E+04  -0.999900E+04  -0.999900E+04   0.237697E+03  -0.999900E+04  -0.999900E+04  -0.999900E+04  -0.999900E+04   0.237719E+03   0.114000E+02   0.603531E+00   0.150027E+02   0.300000E+02  -0.218416E-01  -0.999900E+04  -0.999900E+04  -0.999900E+04  -0.999900E+04  -0.436352E+00  -0.999900E+04  -0.999900E+04  -0.999900E+04  -0.999900E+04
   0.100000E+01   0.100000E+01   0.660172E+02   0.432000E+05   0.100000E+01   0.100000E+01   0.660172E+02   0.432000E+05   0.237652E+03  -0.999900E+04  -0.999900E+04  -0.999900E+04  -0.999900E+04   0.237652E+03  -0.999900E+04  -0.999900E+04  -0.999900E+04  -0.999900E+04   0.237661E+03   0.114000E+02   0.645016E+00   0.156433E+02   0.300000E+02  -0.885815E-02  -0.999900E+04  -0.999900E+04  -0.999900E+04  -0.999900E+04  -0.176969E+00  -0.999900E+04  -0.999900E+04  -0.999900E+04  -0.999900E+04
   0.100000E+01   0.100000E+01   0.710619E+02   0.432000E+05   0.100000E+01   0.100000E+01   0.710619E+02   0.432000E+05   0.237654E+03  -0.999900E+04  -0.999900E+04  -0.999900E+04  -0.999900E+04   0.237654E+03  -0.999900E+04  -0.999900E+04  -0.999900E+04  -0.999900E+04   0.237629E+03   0.114000E+02   0.671846E+00   0.156433E+02   0.300000E+02   0.249564E-01  -0.999900E+04  -0.999900E+04  -0.999900E+04  -0.999900E+04   0.498581E+00  -0.999900E+04  -0.999900E+04  -0.999900E+04  -0.999900E+04
   0.100000E+01   0.100000E+01   0.742142E+02   0.432000E+05   0.100000E+01   0.100000E+01   0.742142E+02   0.432000E+05   0.237606E+03  -0.999900E+04  -0.999900E+04  -0.999900E+04  -0.999900E+04   0.237606E+03  -0.999900E+04  -0.999900E+04  -0.999900E+04  -0.999900E+04   0.237610E+03   0.114000E+02   0.688357E+00   0.156433E+02   0.300000E+02  -0.378699E-02  -0.999900E+04  -0.999900E+04  -0.999900E+04  -0.999900E+04  -0.756566E-01  -0.999900E+04  -0.999900E+04  -0.999900E+04  -0.999900E+04
   0.100000E+01   0.100000E+01   0.827127E+02   0.432000E+05   0.100000E+01   0.100000E+01   0.827127E+02   0.432000E+05   0.237551E+03  -0.999900E+04  -0.999900E+04  -0.999900E+04  -0.999900E+04   0.237551E+03  -0.999900E+04  -0.999900E+04  -0.999900E+04  -0.999900E+04   0.237560E+03   0.114000E+02   0.730131E+00   0.178208E+02   0.300000E+02  -0.919592E-02  -0.999900E+04  -0.999900E+04  -0.999900E+04  -0.999900E+04  -0.183717E+00  -0.999900E+04  -0.999900E+04  -0.999900E+04  -0.999900E+04
   0.100000E+01   0.100000E+01   0.899986E+02   0.432000E+05   0.100000E+01   0.100000E+01   0.899986E+02   0.432000E+05   0.237490E+03  -0.999900E+04  -0.999900E+04  -0.999900E+04  -0.999900E+04   0.237490E+03  -0.999900E+04  -0.999900E+04  -0.999900E+04  -0.999900E+04   0.237516E+03   0.114000E+02   0.772435E+00   0.208990E+02   0.300000E+02  -0.256860E-01  -0.999900E+04  -0.999900E+04  -0.999900E+04  -0.999900E+04  -0.513157E+00  -0.999900E+04  -0.999900E+04  -0.999900E+04  -0.999900E+04
   0.100000E+01   0.100000E+01   0.943654E+02   0.432000E+05   0.100000E+01   0.100000E+01   0.943654E+02   0.432000E+05   0.237469E+03  -0.999900E+04  -0.999900E+04  -0.999900E+04  -0.999900E+04   0.237469E+03  -0.999900E+04  -0.999900E+04  -0.999900E+04  -0.999900E+04   0.237491E+03   0.114000E+02   0.796372E+00   0.208990E+02   0.300000E+02  -0.215243E-01  -0.999900E+04  -0.999900E+04  -0.999900E+04  -0.999900E+04  -0.430013E+00  -0.999900E+04  -0.999900E+04  -0.999900E+04  -0.999900E+04
   0.100000E+01   0.100000E+01   0.100275E+03   0.432000E+05   0.100000E+01   0.100000E+01   0.100275E+03   0.432000E+05   0.237459E+03  -0.999900E+04  -0.999900E+04  -0.999900E+04  -0.999900E+04   0.237459E+03  -0.999900E+04  -0.999900E+04  -0.999900E+04  -0.999900E+04   0.237458E+03   0.114000E+02   0.826394E+00   0.242744E+02   0.300000E+02   0.656494E-03  -0.999900E+04  -0.999900E+04  -0.999900E+04  -0.999900E+04   0.131155E-01  -0.999900E+04  -0.999900E+04  -0.999900E+04  -0.999900E+04
   0.100000E+01   0.100000E+01   0.106892E+03   0.432000E+05   0.100000E+01   0.100000E+01   0.106892E+03   0.432000E+05   0.237426E+03  -0.999900E+04  -0.999900E+04  -0.999900E+04  -0.999900E+04   0.237426E+03  -0.999900E+04  -0.999900E+04  -0.999900E+04  -0.999900E+04   0.237425E+03   0.114000E+02   0.855046E+00   0.242744E+02   0.300000E+02   0.722290E-03  -0.999900E+04  -0.999900E+04  -0.999900E+04  -0.999900E+04   0.144299E-01  -0.999900E+04  -0.999900E+04  -0.999900E+04  -0.999900E+04
   0.100000E+01   0.100000E+01   0.113137E+03   0.432000E+05   0.100000E+01   0.100000E+01   0.113137E+03   0.432000E+05   0.237397E+03  -0.999900E+04  -0.999900E+04  -0.999900E+04  -0.999900E+04   0.237397E+03  -0.999900E+04  -0.999900E+04  -0.999900E+04  -0.999900E+04   0.237397E+03   0.114000E+02   0.876699E+00   0.274409E+02   0.300000E+02   0.134155E-03  -0.999900E+04  -0.999900E+04  -0.999900E+04  -0.999900E+04   0.268016E-02  -0.999900E+04  -0.999900E+04  -0.999900E+04  -0.999900E+04
   0.100000E+01   0.100000E+01   0.117892E+03   0.432000E+05   0.100000E+01   0.100000E+01   0.117892E+03   0.432000E+05   0.237395E+03  -0.999900E+04  -0.999900E+04  -0.999900E+04  -0.999900E+04   0.237395E+03  -0.999900E+04  -0.999900E+04  -0.999900E+04  -0.999900E+04   0.237377E+03   0.114000E+02   0.889144E+00   0.274409E+02   0.300000E+02   0.179248E-01  -0.999900E+04  -0.999900E+04  -0.999900E+04  -0.999900E+04   0.358103E+00  -0.999900E+04  -0.999900E+04  -0.999900E+04  -0.999900E+04
   0.100000E+01   0.100000E+01   0.123836E+03   0.432000E+05   0.100000E+01   0.100000E+01   0.123836E+03   0.432000E+05   0.237360E+03  -0.999900E+04  -0.999900E+04  -0.999900E+04  -0.999900E+04   0.237360E+03  -0.999900E+04  -0.999900E+04  -0.999900E+04  -0.999900E+04   0.237354E+03   0.114000E+02   0.900587E+00   0.300226E+02   0.300000E+02   0.591980E-02  -0.999900E+04  -0.999900E+04  -0.999900E+04  -0.999900E+04   0.118266E+00  -0.999900E+04  -0.999900E+04  -0.999900E+04  -0.999900E+04
   0.100000E+01   0.100000E+01   0.130490E+03   0.432000E+05   0.100000E+01   0.100000E+01   0.130490E+03   0.432000E+05   0.237354E+03  -0.999900E+04  -0.999900E+04  -0.999900E+04  -0.999900E+04   0.237354E+03  -0.999900E+04  -0.999900E+04  -0.999900E+04  -0.999900E+04   0.237331E+03   0.114000E+02   0.907962E+00   0.300226E+02   0.300000E+02   0.234336E-01  -0.999900E+04  -0.999900E+04  -0.999900E+04  -0.999900E+04   0.468157E+00  -0.999900E+04  -0.999900E+04  -0.999900E+04  -0.999900E+04
   0.100000E+01   0.100000E+01   0.141822E+03   0.432000E+05   0.100000E+01   0.100000E+01   0.141822E+03   0.432000E+05   0.237311E+03  -0.999900E+04  -0.999900E+04  -0.999900E+04  -0.999900E+04   0.237311E+03  -0.999900E+04  -0.999900E+04  -0.999900E+04  -0.999900E+04   0.237294E+03   0.114000E+02   0.910587E+00   0.326171E+02   0.300000E+02   0.165817E-01  -0.999900E+04  -0.999900E+04  -0.999900E+04  -0.999900E+04   0.331269E+00  -0.999900E+04  -0.999900E+04  -0.999900E+04  -0.999900E+04
   0.100000E+01   0.100000E+01   0.148093E+03   0.432000E+05   0.100000E+01   0.100000E+01   0.148093E+03   0.432000E+05   0.237272E+03  -0.999900E+04  -0.999900E+04  -0.999900E+04  -0.999900E+04   0.237272E+03  -0.999900E+04  -0.999900E+04  -0.999900E+04  -0.999900E+04   0.237276E+03   0.114000E+02   0.908173E+00   0.326171E+02   0.300000E+02  -0.397046E-02  -0.999900E+04  -0.999900E+04  -0.999900E+04  -0.999900E+04  -0.793220E-01  -0.999900E+04  -0.999900E+04  -0.999900E+04  -0.999900E+04
   0.100000E+01   0.100000E+01   0.152989E+03   0.432000E+05   0.100000E+01   0.100000E+01   0.152989E+03   0.432000E+05   0.237254E+03  -0.999900E+04  -0.999900E+04  -0.999900E+04  -0.999900E+04   0.237254E+03  -0.999900E+04  -0.999900E+04  -0.999900E+04  -0.999900E+04   0.237262E+03   0.114000E+02   0.905505E+00   0.325349E+02   0.300000E+02  -0.787134E-02  -0.999900E+04  -0.999900E+04  -0.999900E+04  -0.999900E+04  -0.157254E+00  -0.999900E+04  -0.999900E+04  -0.999900E+04  -0.999900E+04
   0.100000E+01   0.100000E+01   0.156509E+03   0.432000E+05   0.100000E+01   0.100000E+01   0.156509E+03   0.432000E+05   0.237246E+03  -0.999900E+04  -0.999900E+04  -0.999900E+04  -0.999900E+04   0.237246E+03  -0.999900E+04  -0.999900E+04  -0.999900E+04  -0.999900E+04   0.237252E+03   0.114000E+02   0.903151E+00   0.325349E+02   0.300000E+02  -0.592261E-02  -0.999900E+04  -0.999900E+04  -0.999900E+04  -0.999900E+04  -0.118322E+00  -0.999900E+04  -0.999900E+04  -0.999900E+04  -0.999900E+04
   0.100000E+01   0.100000E+01   0.171968E+03   0.432000E+05   0.100000E+01   0.100000E+01   0.171968E+03   0.432000E+05   0.237220E+03  -0.999900E+04  -0.999900E+04  -0.999900E+04  -0.999900E+04   0.237220E+03  -0.999900E+04  -0.999900E+04  -0.999900E+04  -0.999900E+04   0.237209E+03   0.114000E+02   0.891646E+00   0.316371E+02   0.300000E+02   0.113513E-01  -0.999900E+04  -0.999900E+04  -0.999900E+04  -0.999900E+04   0.226777E+00  -0.999900E+04  -0.999900E+04  -0.999900E+04  -0.999900E+04
   0.100000E+01   0.100000E+01   0.177492E+03   0.432000E+05   0.100000E+01   0.100000E+01   0.177492E+03   0.432000E+05   0.237206E+03  -0.999900E+04  -0.999900E+04  -0.999900E+04  -0.999900E+04   0.237206E+03  -0.999900E+04  -0.999900E+04  -0.999900E+04  -0.999900E+04   0.237192E+03   0.114000E+02   0.889328E+00   0.300897E+02   0.300000E+02   0.136019E-01  -0.999900E+04  -0.999900E+04  -0.999900E+04  -0.999900E+04   0.271740E+00  -0.999900E+04  -0.999900E+04  -0.999900E+04  -0.999900E+04
   0.100000E+01   0.100000E+01   0.183070E+03   0.432000E+05   0.100000E+01   0.100000E+01   0.183070E+03   0.432000E+05   0.237159E+03  -0.999900E+04  -0.999900E+04  -0.999900E+04  -0.999900E+04   0.237159E+03  -0.999900E+04  -0.999900E+04  -0.999900E+04  -0.999900E+04   0.237175E+03   0.114000E+02   0.883612E+00   0.300897E+02   0.300000E+02  -0.162319E-01  -0.999900E+04  -0.999900E+04  -0.999900E+04  -0.999900E+04  -0.324282E+00  -0.999900E+04  -0.999900E+04  -0.999900E+04  -0.999900E+04
   0.100000E+01   0.100000E+01   0.190293E+03   0.432000E+05   0.100000E+01   0.100000E+01   0.190293E+03   0.432000E+05   0.237168E+03  -0.999900E+04  -0.999900E+04  -0.999900E+04  -0.999900E+04   0.237168E+03  -0.999900E+04  -0.999900E+04  -0.999900E+04  -0.999900E+04   0.237148E+03   0.114000E+02   0.891417E+00   0.280985E+02   0.300000E+02   0.199592E-01  -0.999900E+04  -0.999900E+04  -0.999900E+04  -0.999900E+04   0.398746E+00  -0.999900E+04  -0.999900E+04  -0.999900E+04  -0.999900E+04
   0.100000E+01   0.100000E+01   0.192772E+03   0.432000E+05   0.100000E+01   0.100000E+01   0.192772E+03   0.432000E+05   0.237126E+03  -0.999900E+04  -0.999900E+04  -0.999900E+04  -0.999900E+04   0.237126E+03  -0.999900E+04  -0.999900E+04  -0.999900E+04  -0.999900E+04   0.237137E+03   0.114000E+02   0.901168E+00   0.280985E+02   0.300000E+02  -0.105967E-01  -0.999900E+04  -0.999900E+04  -0.999900E+04  -0.999900E+04  -0.211701E+00  -0.999900E+04  -0.999900E+04  -0.999900E+04  -0.999900E+04
   0.100000E+01   0.100000E+01   0.198304E+03   0.432000E+05   0.100000E+01   0.100000E+01   0.198304E+03   0.432000E+05   0.237105E+03  -0.999900E+04  -0.999900E+04  -0.999900E+04  -0.999900E+04   0.237105E+03  -0.999900E+04  -0.999900E+04  -0.999900E+04  -0.999900E+04   0.237105E+03   0.114000E+02   0.945372E+00   0.258857E+02   0.300000E+02   0.416260E-03  -0.999900E+04  -0.999900E+04  -0.999900E+04  -0.999900E+04   0.831606E-02  -0.999900E+04  -0.999900E+04  -0.999900E+04  -0.999900E+04
   0.100000E+01   0.100000E+01   0.207164E+03   0.432000E+05   0.100000E+01   0.100000E+01   0.207164E+03   0.432000E+05   0.237079E+03  -0.999900E+04  -0.999900E+04  -0.999900E+04  -0.999900E+04   0.237079E+03  -0.999900E+04  -0.999900E+04  -0.999900E+04  -0.999900E+04   0.237021E+03   0.114000E+02   0.108171E+01   0.236698E+02   0.300000E+02   0.583396E-01  -0.999900E+04  -0.999900E+04  -0.999900E+04  -0.999900E+04   0.116551E+01  -0.999900E+04  -0.999900E+04  -0.999900E+04  -0.999900E+04
   0.100000E+01   0.100000E+01   0.210440E+03   0.432000E+05   0.100000E+01   0.100000E+01   0.210440E+03   0.432000E+05   0.237033E+03  -0.999900E+04  -0.999900E+04  -0.999900E+04  -0.999900E+04   0.237033E+03  -0.999900E+04  -0.999900E+04  -0.999900E+04  -0.999900E+04   0.237004E+03   0.114000E+02   0.964856E+00   0.236698E+02   0.300000E+02   0.289106E-01  -0.999900E+04  -0.999900E+04  -0.999900E+04  -0.999900E+04   0.577578E+00  -0.999900E+04  -0.999900E+04  -0.999900E+04  -0.999900E+04
   0.100000E+01   0.100000E+01   0.222373E+03   0.432000E+05   0.100000E+01   0.100000E+01   0.222373E+03   0.432000E+05   0.236958E+03  -0.999900E+04  -0.999900E+04  -0.999900E+04  -0.999900E+04   0.236958E+03  -0.999900E+04  -0.999900E+04  -0.999900E+04  -0.999900E+04   0.236970E+03   0.114000E+02   0.680556E+00   0.216495E+02   0.300000E+02  -0.121233E-01  -0.999900E+04  -0.999900E+04  -0.999900E+04  -0.999900E+04  -0.242200E+00  -0.999900E+04  -0.999900E+04  -0.999900E+04  -0.999900E+04
   0.100000E+01   0.100000E+01   0.229058E+03   0.432000E+05   0.100000E+01   0.100000E+01   0.229058E+03   0.432000E+05   0.236974E+03  -0.999900E+04  -0.999900E+04  -0.999900E+04  -0.999900E+04   0.236974E+03  -0.999900E+04  -0.999900E+04  -0.999900E+04  -0.999900E+04   0.236957E+03   0.114000E+02   0.587073E+00   0.199913E+02   0.300000E+02   0.165568E-01  -0.999900E+04  -0.999900E+04  -0.999900E+04  -0.999900E+04   0.330772E+00  -0.999900E+04  -0.999900E+04  -0.999900E+04  -0.999900E+04
   0.100000E+01   0.100000E+01   0.235225E+03   0.432000E+05   0.100000E+01   0.100000E+01   0.235225E+03   0.432000E+05   0.236969E+03  -0.999900E+04  -0.999900E+04  -0.999900E+04  -0.999900E+04   0.236969E+03  -0.999900E+04  -0.999900E+04  -0.999900E+04  -0.999900E+04   0.236948E+03   0.114000E+02   0.528497E+00   0.199913E+02   0.300000E+02   0.211698E-01  -0.999900E+04  -0.999900E+04  -0.999900E+04  -0.999900E+04   0.422931E+00  -0.999900E+04  -0.999900E+04  -0.999900E+04  -0.999900E+04
   0.100000E+01   0.100000E+01   0.241845E+03   0.432000E+05   0.100000E+01   0.100000E+01   0.241845E+03   0.432000E+05   0.236983E+03  -0.999900E+04  -0.999900E+04  -0.999900E+04  -0.999900E+04   0.236983E+03  -0.999900E+04  -0.999900E+04  -0.999900E+04  -0.999900E+04   0.236939E+03   0.114000E+02   0.487088E+00   0.188219E+02   0.300000E+02   0.437147E-01  -0.999900E+04  -0.999900E+04  -0.999900E+04  -0.999900E+04   0.873335E+00  -0.999900E+04  -0.999900E+04  -0.999900E+04  -0.999900E+04
   0.100000E+01   0.100000E+01   0.248957E+03   0.432000E+05   0.100000E+01   0.100000E+01   0.248957E+03   0.432000E+05   0.236971E+03  -0.999900E+04  -0.999900E+04  -0.999900E+04  -0.999900E+04   0.236971E+03  -0.999900E+04  -0.999900E+04  -0.999900E+04  -0.999900E+04   0.236930E+03   0.114000E+02   0.471052E+00   0.188219E+02   0.300000E+02   0.405953E-01  -0.999900E+04  -0.999900E+04  -0.999900E+04  -0.999900E+04   0.811016E+00  -0.999900E+04  -0.999900E+04  -0.999900E+04  -0.999900E+04
   0.100000E+01   0.100000E+01   0.254375E+03   0.432000E+05   0.100000E+01   0.100000E+01   0.254375E+03   0.432000E+05   0.236938E+03  -0.999900E+04  -0.999900E+04  -0.999900E+04  -0.999900E+04   0.236938E+03  -0.999900E+04  -0.999900E+04  -0.999900E+04  -0.999900E+04   0.236922E+03   0.114000E+02   0.479067E+00   0.182243E+02   0.300000E+02   0.155146E-01  -0.999900E+04  -0.999900E+04  -0.999900E+04  -0.999900E+04   0.309952E+00  -0.999900E+04  -0.999900E+04  -0.999900E+04  -0.999900E+04
   0.100000E+01   0.100000E+01   0.259537E+03   0.432000E+05   0.100000E+01   0.100000E+01   0.259537E+03   0.432000E+05   0.236882E+03  -0.999900E+04  -0.999900E+04  -0.999900E+04  -0.999900E+04   0.236882E+03  -0.999900E+04  -0.999900E+04  -0.999900E+04  -0.999900E+04   0.236914E+03   0.114000E+02   0.486106E+00   0.182243E+02   0.300000E+02  -0.323677E-01  -0.999900E+04  -0.999900E+04  -0.999900E+04  -0.999900E+04  -0.646643E+00  -0.999900E+04  -0.999900E+04  -0.999900E+04  -0.999900E+04
   0.100000E+01   0.100000E+01   0.269946E+03   0.432000E+05   0.100000E+01   0.100000E+01   0.269946E+03   0.432000E+05   0.236883E+03  -0.999900E+04  -0.999900E+04  -0.999900E+04  -0.999900E+04   0.236883E+03  -0.999900E+04  -0.999900E+04  -0.999900E+04  -0.999900E+04   0.236897E+03   0.114000E+02   0.496560E+00   0.182369E+02   0.300000E+02  -0.142015E-01  -0.999900E+04  -0.999900E+04  -0.999900E+04  -0.999900E+04  -0.283719E+00  -0.999900E+04  -0.999900E+04  -0.999900E+04  -0.999900E+04
   0.100000E+01   0.100000E+01   0.280778E+03   0.432000E+05   0.100000E+01   0.100000E+01   0.280778E+03   0.432000E+05   0.236875E+03  -0.999900E+04  -0.999900E+04  -0.999900E+04  -0.999900E+04   0.236875E+03  -0.999900E+04  -0.999900E+04  -0.999900E+04  -0.999900E+04   0.236882E+03   0.114000E+02   0.480588E+00   0.188561E+02   0.300000E+02  -0.672913E-02  -0.999900E+04  -0.999900E+04  -0.999900E+04  -0.999900E+04  -0.134435E+00  -0.999900E+04  -0.999900E+04  -0.999900E+04  -0.999900E+04
   0.100000E+01   0.100000E+01   0.285062E+03   0.432000E+05   0.100000E+01   0.100000E+01   0.285062E+03   0.432000E+05   0.236870E+03  -0.999900E+04  -0.999900E+04  -0.999900E+04  -0.999900E+04   0.236870E+03  -0.999900E+04  -0.999900E+04  -0.999900E+04  -0.999900E+04   0.236877E+03   0.114000E+02   0.468553E+00   0.200407E+02   0.300000E+02  -0.686157E-02  -0.999900E+04  -0.999900E+04  -0.999900E+04  -0.999900E+04  -0.137081E+00  -0.999900E+04  -0.999900E+04  -0.999900E+04  -0.999900E+04
   0.100000E+01   0.100000E+01   0.289704E+03   0.432000E+05   0.100000E+01   0.100000E+01   0.289704E+03   0.432000E+05   0.236869E+03  -0.999900E+04  -0.999900E+04  -0.999900E+04  -0.999900E+04   0.236869E+03  -0.999900E+04  -0.999900E+04  -0.999900E+04  -0.999900E+04   0.236872E+03   0.114000E+02   0.456103E+00   0.200407E+02   0.300000E+02  -0.319238E-02  -0.999900E+04  -0.999900E+04  -0.999900E+04  -0.999900E+04  -0.637776E-01  -0.999900E+04  -0.999900E+04  -0.999900E+04  -0.999900E+04
   0.100000E+01   0.100000E+01   0.296273E+03   0.432000E+05   0.100000E+01   0.100000E+01   0.296273E+03   0.432000E+05   0.236861E+03  -0.999900E+04  -0.999900E+04  -0.999900E+04  -0.999900E+04   0.236861E+03  -0.999900E+04  -0.999900E+04  -0.999900E+04  -0.999900E+04   0.236866E+03   0.114000E+02   0.439439E+00   0.217183E+02   0.300000E+02  -0.539404E-02  -0.999900E+04  -0.999900E+04  -0.999900E+04  -0.999900E+04  -0.107762E+00  -0.999900E+04  -0.999900E+04  -0.999900E+04  -0.999900E+04
   0.100000E+01   0.100000E+01   0.303659E+03   0.432000E+05   0.100000E+01   0.100000E+01   0.303659E+03   0.432000E+05   0.236865E+03  -0.999900E+04  -0.999900E+04  -0.999900E+04  -0.999900E+04   0.236865E+03  -0.999900E+04  -0.999900E+04  -0.999900E+04  -0.999900E+04   0.236861E+03   0.114000E+02   0.429638E+00   0.217183E+02   0.300000E+02   0.432800E-02  -0.999900E+04  -0.999900E+04  -0.999900E+04  -0.999900E+04   0.864651E-01  -0.999900E+04  -0.999900E+04  -0.999900E+04  -0.999900E+04
   0.100000E+01   0.100000E+01   0.310056E+03   0.432000E+05   0.100000E+01   0.100000E+01   0.310056E+03   0.432000E+05   0.236853E+03  -0.999900E+04  -0.999900E+04  -0.999900E+04  -0.999900E+04   0.236853E+03  -0.999900E+04  -0.999900E+04  -0.999900E+04  -0.999900E+04   0.236855E+03   0.114000E+02   0.444305E+00   0.237929E+02   0.300000E+02  -0.201099E-02  -0.999900E+04  -0.999900E+04  -0.999900E+04  -0.999900E+04  -0.401756E-01  -0.999900E+04  -0.999900E+04  -0.999900E+04  -0.999900E+04
   0.100000E+01   0.100000E+01   0.316532E+03   0.432000E+05   0.100000E+01   0.100000E+01   0.316532E+03   0.432000E+05   0.236859E+03  -0.999900E+04  -0.999900E+04  -0.999900E+04  -0.999900E+04   0.236859E+03  -0.999900E+04  -0.999900E+04  -0.999900E+04  -0.999900E+04   0.236849E+03   0.114000E+02   0.460424E+00   0.261525E+02   0.300000E+02   0.989417E-02  -0.999900E+04  -0.999900E+04  -0.999900E+04  -0.999900E+04   0.197666E+00  -0.999900E+04  -0.999900E+04  -0.999900E+04  -0.999900E+04
   0.100000E+01   0.100000E+01   0.324277E+03   0.432000E+05   0.100000E+01   0.100000E+01   0.324277E+03   0.432000E+05   0.236836E+03  -0.999900E+04  -0.999900E+04  -0.999900E+04  -0.999900E+04   0.236836E+03  -0.999900E+04  -0.999900E+04  -0.999900E+04  -0.999900E+04   0.236842E+03   0.114000E+02   0.481598E+00   0.261525E+02   0.300000E+02  -0.585791E-02  -0.999900E+04  -0.999900E+04  -0.999900E+04  -0.999900E+04  -0.117030E+00  -0.999900E+04  -0.999900E+04  -0.999900E+04  -0.999900E+04
   0.100000E+01   0.100000E+01   0.328147E+03   0.432000E+05   0.100000E+01   0.100000E+01   0.328147E+03   0.432000E+05   0.236834E+03  -0.999900E+04  -0.999900E+04  -0.999900E+04  -0.999900E+04   0.236834E+03  -0.999900E+04  -0.999900E+04  -0.999900E+04  -0.999900E+04   0.236838E+03   0.114000E+02   0.493126E+00   0.286769E+02   0.300000E+02  -0.404321E-02  -0.999900E+04  -0.999900E+04  -0.999900E+04  -0.999900E+04  -0.807755E-01  -0.999900E+04  -0.999900E+04  -0.999900E+04  -0.999900E+04
   0.100000E+01   0.100000E+01   0.334669E+03   0.432000E+05   0.100000E+01   0.100000E+01   0.334669E+03   0.432000E+05   0.236815E+03  -0.999900E+04  -0.999900E+04  -0.999900E+04  -0.999900E+04   0.236815E+03  -0.999900E+04  -0.999900E+04  -0.999900E+04  -0.999900E+04   0.236831E+03   0.114000E+02   0.512987E+00   0.286769E+02   0.300000E+02  -0.164819E-01  -0.999900E+04  -0.999900E+04  -0.999900E+04  -0.999900E+04  -0.329277E+00  -0.999900E+04  -0.999900E+04  -0.999900E+04  -0.999900E+04
   0.100000E+01   0.100000E+01   0.336060E+03   0.432000E+05   0.100000E+01   0.100000E+01   0.336060E+03   0.432000E+05   0.236836E+03  -0.999900E+04  -0.999900E+04  -0.999900E+04  -0.999900E+04   0.236836E+03  -0.999900E+04  -0.999900E+04  -0.999900E+04  -0.999900E+04   0.236831E+03   0.114000E+02   0.509623E+00   0.286769E+02   0.300000E+02   0.543359E-02  -0.999900E+04  -0.999900E+04  -0.999900E+04  -0.999900E+04   0.108553E+00  -0.999900E+04  -0.999900E+04  -0.999900E+04  -0.999900E+04
   0.100000E+01   0.100000E+01   0.343576E+03   0.432000E+05   0.100000E+01   0.100000E+01   0.343576E+03   0.432000E+05   0.236822E+03  -0.999900E+04  -0.999900E+04  -0.999900E+04  -0.999900E+04   0.236822E+03  -0.999900E+04  -0.999900E+04  -0.999900E+04  -0.999900E+04   0.236826E+03   0.114000E+02   0.490759E+00   0.312456E+02   0.300000E+02  -0.398877E-02  -0.999900E+04  -0.999900E+04  -0.999900E+04  -0.999900E+04  -0.796878E-01  -0.999900E+04  -0.999900E+04  -0.999900E+04  -0.999900E+04
   0.100000E+01   0.100000E+01   0.349713E+03   0.432000E+05   0.100000E+01   0.100000E+01   0.349713E+03   0.432000E+05   0.236826E+03  -0.999900E+04  -0.999900E+04  -0.999900E+04  -0.999900E+04   0.236826E+03  -0.999900E+04  -0.999900E+04  -0.999900E+04  -0.999900E+04   0.236823E+03   0.114000E+02   0.474475E+00   0.337444E+02   0.300000E+02   0.281885E-02  -0.999900E+04  -0.999900E+04  -0.999900E+04  -0.999900E+04   0.563151E-01  -0.999900E+04  -0.999900E+04  -0.999900E+04  -0.999900E+04
   0.100000E+01   0.100000E+01   0.358995E+03   0.432000E+05   0.100000E+01   0.100000E+01   0.358995E+03   0.432000E+05   0.236815E+03  -0.999900E+04  -0.999900E+04  -0.999900E+04  -0.999900E+04   0.236815E+03  -0.999900E+04  -0.999900E+04  -0.999900E+04  -0.999900E+04   0.236820E+03   0.114000E+02   0.449667E+00   0.337444E+02   0.300000E+02  -0.509888E-02  -0.999900E+04  -0.999900E+04  -0.999900E+04  -0.999900E+04  -0.101866E+00  -0.999900E+04  -0.999900E+04  -0.999900E+04  -0.999900E+04
   0.100000E+01   0.100000E+01   0.365374E+03   0.432000E+05   0.100000E+01   0.100000E+01   0.365374E+03   0.432000E+05   0.236832E+03  -0.999900E+04  -0.999900E+04  -0.999900E+04  -0.999900E+04   0.236832E+03  -0.999900E+04  -0.999900E+04  -0.999900E+04  -0.999900E+04   0.236819E+03   0.114000E+02   0.432821E+00   0.360709E+02   0.300000E+02   0.134423E-01  -0.999900E+04  -0.999900E+04  -0.999900E+04  -0.999900E+04   0.268550E+00  -0.999900E+04  -0.999900E+04  -0.999900E+04  -0.999900E+04
   0.100000E+01   0.100000E+01   0.370819E+03   0.432000E+05   0.100000E+01   0.100000E+01   0.370819E+03   0.432000E+05   0.236819E+03  -0.999900E+04  -0.999900E+04  -0.999900E+04  -0.999900E+04   0.236819E+03  -0.999900E+04  -0.999900E+04  -0.999900E+04  -0.999900E+04   0.236817E+03   0.114000E+02   0.424382E+00   0.381391E+02   0.300000E+02   0.170874E-02  -0.999900E+04  -0.999900E+04  -0.999900E+04  -0.999900E+04   0.341373E-01  -0.999900E+04  -0.999900E+04  -0.999900E+04  -0.999900E+04
   0.100000E+01   0.100000E+01   0.377605E+03   0.432000E+05   0.100000E+01   0.100000E+01   0.377605E+03   0.432000E+05   0.236814E+03  -0.999900E+04  -0.999900E+04  -0.999900E+04  -0.999900E+04   0.236814E+03  -0.999900E+04  -0.999900E+04  -0.999900E+04  -0.999900E+04   0.236815E+03   0.114000E+02   0.423906E+00   0.381391E+02   0.300000E+02  -0.149072E-02  -0.999900E+04  -0.999900E+04  -0.999900E+04  -0.999900E+04  -0.297817E-01  -0.999900E+04  -0.999900E+04  -0.999900E+04  -0.999900E+04
   0.100000E+01   0.100000E+01   0.385766E+03   0.432000E+05   0.100000E+01   0.100000E+01   0.385766E+03   0.432000E+05   0.236826E+03  -0.999900E+04  -0.999900E+04  -0.999900E+04  -0.999900E+04   0.236826E+03  -0.999900E+04  -0.999900E+04  -0.999900E+04  -0.999900E+04   0.236813E+03   0.114000E+02   0.424400E+00   0.398827E+02   0.300000E+02   0.125692E-01  -0.999900E+04  -0.999900E+04  -0.999900E+04  -0.999900E+04   0.251108E+00  -0.999900E+04  -0.999900E+04  -0.999900E+04  -0.999900E+04
   0.100000E+01   0.100000E+01   0.392254E+03   0.432000E+05   0.100000E+01   0.100000E+01   0.392254E+03   0.432000E+05   0.236816E+03  -0.999900E+04  -0.999900E+04  -0.999900E+04  -0.999900E+04   0.236816E+03  -0.999900E+04  -0.999900E+04  -0.999900E+04  -0.999900E+04   0.236812E+03   0.114000E+02   0.418591E+00   0.398827E+02   0.300000E+02   0.383569E-02  -0.999900E+04  -0.999900E+04  -0.999900E+04  -0.999900E+04   0.766297E-01  -0.999900E+04  -0.999900E+04  -0.999900E+04  -0.999900E+04
   0.100000E+01   0.100000E+01   0.401554E+03   0.432000E+05   0.100000E+01   0.100000E+01   0.401554E+03   0.432000E+05   0.236814E+03  -0.999900E+04  -0.999900E+04  -0.999900E+04  -0.999900E+04   0.236814E+03  -0.999900E+04  -0.999900E+04  -0.999900E+04  -0.999900E+04   0.236812E+03   0.114000E+02   0.377435E+00   0.412567E+02   0.300000E+02   0.206458E-02  -0.999900E+04  -0.999900E+04  -0.999900E+04  -0.999900E+04   0.412462E-01  -0.999900E+04  -0.999900E+04  -0.999900E+04  -0.999900E+04
   0.100000E+01   0.100000E+01   0.404423E+03   0.432000E+05   0.100000E+01   0.100000E+01   0.404423E+03   0.432000E+05   0.236795E+03  -0.999900E+04  -0.999900E+04  -0.999900E+04  -0.999900E+04   0.236795E+03  -0.999900E+04  -0.999900E+04  -0.999900E+04  -0.999900E+04   0.236812E+03   0.114000E+02   0.357888E+00   0.422381E+02   0.300000E+02  -0.172559E-01  -0.999900E+04  -0.999900E+04  -0.999900E+04  -0.999900E+04  -0.344738E+00  -0.999900E+04  -0.999900E+04  -0.999900E+04  -0.999900E+04
   0.100000E+01   0.100000E+01   0.409978E+03   0.432000E+05   0.100000E+01   0.100000E+01   0.409978E+03   0.432000E+05   0.236821E+03  -0.999900E+04  -0.999900E+04  -0.999900E+04  -0.999900E+04   0.236821E+03  -0.999900E+04  -0.999900E+04  -0.999900E+04  -0.999900E+04   0.236813E+03   0.114000E+02   0.326852E+00   0.422381E+02   0.300000E+02   0.830164E-02  -0.999900E+04  -0.999900E+04  -0.999900E+04  -0.999900E+04   0.165850E+00  -0.999900E+04  -0.999900E+04  -0.999900E+04  -0.999900E+04
   0.100000E+01   0.100000E+01   0.415930E+03   0.432000E+05   0.100000E+01   0.100000E+01   0.415930E+03   0.432000E+05   0.236798E+03  -0.999900E+04  -0.999900E+04  -0.999900E+04  -0.999900E+04   0.236798E+03  -0.999900E+04  -0.999900E+04  -0.999900E+04  -0.999900E+04   0.236813E+03   0.114000E+02   0.300719E+00   0.428249E+02   0.300000E+02  -0.150493E-01  -0.999900E+04  -0.999900E+04  -0.999900E+04  -0.999900E+04  -0.300656E+00  -0.999900E+04  -0.999900E+04  -0.999900E+04  -0.999900E+04
   0.100000E+01   0.100000E+01   0.418991E+03   0.432000E+05   0.100000E+01   0.100000E+01   0.418991E+03   0.432000E+05   0.236792E+03  -0.999900E+04  -0.999900E+04  -0.999900E+04  -0.999900E+04   0.236792E+03  -0.999900E+04  -0.999900E+04  -0.999900E+04  -0.999900E+04   0.236813E+03   0.114000E+02   0.289222E+00   0.428249E+02   0.300000E+02  -0.212172E-01  -0.999900E+04  -0.999900E+04  -0.999900E+04  -0.999900E+04  -0.423878E+00  -0.999900E+04  -0.999900E+04  -0.999900E+04  -0.999900E+04
   0.100000E+01   0.100000E+01   0.425012E+03   0.432000E+05   0.100000E+01   0.100000E+01   0.425012E+03   0.432000E+05   0.236793E+03  -0.999900E+04  -0.999900E+04  -0.999900E+04  -0.999900E+04   0.236793E+03  -0.999900E+04  -0.999900E+04  -0.999900E+04  -0.999900E+04   0.236813E+03   0.114000E+02   0.269863E+00   0.428249E+02   0.300000E+02  -0.204308E-01  -0.999900E+04  -0.999900E+04  -0.999900E+04  -0.999900E+04  -0.408167E+00  -0.999900E+04  -0.999900E+04  -0.999900E+04  -0.999900E+04
   0.100000E+01   0.100000E+01   0.430597E+03   0.432000E+05   0.100000E+01   0.100000E+01   0.430597E+03   0.432000E+05   0.236795E+03  -0.999900E+04  -0.999900E+04  -0.999900E+04  -0.999900E+04   0.236795E+03  -0.999900E+04  -0.999900E+04  -0.999900E+04  -0.999900E+04   0.236813E+03   0.114000E+02   0.260347E+00   0.430349E+02   0.300000E+02  -0.184308E-01  -0.999900E+04  -0.999900E+04  -0.999900E+04  -0.999900E+04  -0.368211E+00  -0.999900E+04  -0.999900E+04  -0.999900E+04  -0.999900E+04
   0.100000E+01   0.100000E+01   0.435800E+03   0.432000E+05   0.100000E+01   0.100000E+01   0.435800E+03   0.432000E+05   0.236787E+03  -0.999900E+04  -0.999900E+04  -0.999900E+04  -0.999900E+04   0.236787E+03  -0.999900E+04  -0.999900E+04  -0.999900E+04  -0.999900E+04   0.236814E+03   0.114000E+02   0.249365E+00   0.430349E+02   0.300000E+02  -0.265376E-01  -0.999900E+04  -0.999900E+04  -0.999900E+04  -0.999900E+04  -0.530169E+00  -0.999900E+04  -0.999900E+04  -0.999900E+04  -0.999900E+04
   0.100000E+01   0.100000E+01   0.446512E+03   0.432000E+05   0.100000E+01   0.100000E+01   0.446512E+03   0.432000E+05   0.236816E+03  -0.999900E+04  -0.999900E+04  -0.999900E+04  -0.999900E+04   0.236816E+03  -0.999900E+04  -0.999900E+04  -0.999900E+04  -0.999900E+04   0.236814E+03   0.114000E+02   0.225592E+00   0.429023E+02   0.300000E+02   0.224878E-02  -0.999900E+04  -0.999900E+04  -0.999900E+04  -0.999900E+04   0.449262E-01  -0.999900E+04  -0.999900E+04  -0.999900E+04  -0.999900E+04
   0.100000E+01   0.100000E+01   0.447926E+03   0.432000E+05   0.100000E+01   0.100000E+01   0.447926E+03   0.432000E+05   0.236778E+03  -0.999900E+04  -0.999900E+04  -0.999900E+04  -0.999900E+04   0.236778E+03  -0.999900E+04  -0.999900E+04  -0.999900E+04  -0.999900E+04   0.236814E+03   0.114000E+02   0.223111E+00   0.424751E+02   0.300000E+02  -0.357817E-01  -0.999900E+04  -0.999900E+04  -0.999900E+04  -0.999900E+04  -0.714849E+00  -0.999900E+04  -0.999900E+04  -0.999900E+04  -0.999900E+04
   0.100000E+01   0.100000E+01   0.451560E+03   0.432000E+05   0.100000E+01   0.100000E+01   0.451560E+03   0.432000E+05   0.236804E+03  -0.999900E+04  -0.999900E+04  -0.999900E+04  -0.999900E+04   0.236804E+03  -0.999900E+04  -0.999900E+04  -0.999900E+04  -0.999900E+04   0.236814E+03   0.114000E+02   0.216860E+00   0.424751E+02   0.300000E+02  -0.981226E-02  -0.999900E+04  -0.999900E+04  -0.999900E+04  -0.999900E+04  -0.196030E+00  -0.999900E+04  -0.999900E+04  -0.999900E+04  -0.999900E+04
   0.100000E+01   0.100000E+01   0.454584E+03   0.432000E+05   0.100000E+01   0.100000E+01   0.454584E+03   0.432000E+05   0.236815E+03  -0.999900E+04  -0.999900E+04  -0.999900E+04  -0.999900E+04   0.236815E+03  -0.999900E+04  -0.999900E+04  -0.999900E+04  -0.999900E+04   0.236814E+03   0.114000E+02   0.212448E+00   0.424751E+02   0.300000E+02   0.115723E-02  -0.999900E+04  -0.999900E+04  -0.999900E+04  -0.999900E+04   0.231191E-01  -0.999900E+04  -0.999900E+04  -0.999900E+04  -0.999900E+04
   0.100000E+01   0.100000E+01   0.462210E+03   0.432000E+05   0.100000E+01   0.100000E+01   0.462210E+03   0.432000E+05   0.236806E+03  -0.999900E+04  -0.999900E+04  -0.999900E+04  -0.999900E+04   0.236806E+03  -0.999900E+04  -0.999900E+04  -0.999900E+04  -0.999900E+04   0.236814E+03   0.114000E+02   0.214373E+00   0.418106E+02   0.300000E+02  -0.756812E-02  -0.999900E+04  -0.999900E+04  -0.999900E+04  -0.999900E+04  -0.151196E+00  -0.999900E+04  -0.999900E+04  -0.999900E+04  -0.999900E+04
   0.100000E+01   0.100000E+01   0.466431E+03   0.432000E+05   0.100000E+01   0.100000E+01   0.466431E+03   0.432000E+05   0.236798E+03  -0.999900E+04  -0.999900E+04  -0.999900E+04  -0.999900E+04   0.236798E+03  -0.999900E+04  -0.999900E+04  -0.999900E+04  -0.999900E+04   0.236813E+03   0.114000E+02   0.217773E+00   0.418106E+02   0.300000E+02  -0.153698E-01  -0.999900E+04  -0.999900E+04  -0.999900E+04  -0.999900E+04  -0.307058E+00  -0.999900E+04  -0.999900E+04  -0.999900E+04  -0.999900E+04
   0.100000E+01   0.100000E+01   0.476247E+03   0.432000E+05   0.100000E+01   0.100000E+01   0.476247E+03   0.432000E+05   0.236801E+03  -0.999900E+04  -0.999900E+04  -0.999900E+04  -0.999900E+04   0.236801E+03  -0.999900E+04  -0.999900E+04  -0.999900E+04  -0.999900E+04   0.236813E+03   0.114000E+02   0.226537E+00   0.409723E+02   0.300000E+02  -0.118357E-01  -0.999900E+04  -0.999900E+04  -0.999900E+04  -0.999900E+04  -0.236454E+00  -0.999900E+04  -0.999900E+04  -0.999900E+04  -0.999900E+04
   0.100000E+01   0.100000E+01   0.476328E+03   0.432000E+05   0.100000E+01   0.100000E+01   0.476328E+03   0.432000E+05   0.236796E+03  -0.999900E+04  -0.999900E+04  -0.999900E+04  -0.999900E+04   0.236796E+03  -0.999900E+04  -0.999900E+04  -0.999900E+04  -0.999900E+04   0.236813E+03   0.114000E+02   0.226613E+00   0.409723E+02   0.300000E+02  -0.168357E-01  -0.999900E+04  -0.999900E+04  -0.999900E+04  -0.999900E+04  -0.336344E+00  -0.999900E+04  -0.999900E+04  -0.999900E+04  -0.999900E+04
   0.100000E+01   0.100000E+01   0.490482E+03   0.432000E+05   0.100000E+01   0.100000E+01   0.490482E+03   0.432000E+05   0.236779E+03  -0.999900E+04  -0.999900E+04  -0.999900E+04  -0.999900E+04   0.236779E+03  -0.999900E+04  -0.999900E+04  -0.999900E+04  -0.999900E+04   0.236812E+03   0.114000E+02   0.240526E+00   0.400251E+02   0.300000E+02  -0.329049E-01  -0.999900E+04  -0.999900E+04  -0.999900E+04  -0.999900E+04  -0.657376E+00  -0.999900E+04  -0.999900E+04  -0.999900E+04  -0.999900E+04
   0.100000E+01   0.100000E+01   0.496578E+03   0.432000E+05   0.100000E+01   0.100000E+01   0.496578E+03   0.432000E+05   0.236804E+03  -0.999900E+04  -0.999900E+04  -0.999900E+04  -0.999900E+04   0.236804E+03  -0.999900E+04  -0.999900E+04  -0.999900E+04  -0.999900E+04   0.236811E+03   0.114000E+02   0.261043E+00   0.390320E+02   0.300000E+02  -0.703516E-02  -0.999900E+04  -0.999900E+04  -0.999900E+04  -0.999900E+04  -0.140549E+00  -0.999900E+04  -0.999900E+04  -0.999900E+04  -0.999900E+04
   0.100000E+01   0.100000E+01   0.502968E+03   0.432000E+05   0.100000E+01   0.100000E+01   0.502968E+03   0.432000E+05   0.236802E+03  -0.999900E+04  -0.999900E+04  -0.999900E+04  -0.999900E+04   0.236802E+03  -0.999900E+04  -0.999900E+04  -0.999900E+04  -0.999900E+04   0.236810E+03   0.114000E+02   0.283959E+00   0.380505E+02   0.300000E+02  -0.793652E-02  -0.999900E+04  -0.999900E+04  -0.999900E+04  -0.999900E+04  -0.158556E+00  -0.999900E+04  -0.999900E+04  -0.999900E+04  -0.999900E+04
   0.100000E+01   0.100000E+01   0.506325E+03   0.432000E+05   0.100000E+01   0.100000E+01   0.506325E+03   0.432000E+05   0.236808E+03  -0.999900E+04  -0.999900E+04  -0.999900E+04  -0.999900E+04   0.236808E+03  -0.999900E+04  -0.999900E+04  -0.999900E+04  -0.999900E+04   0.236809E+03   0.114000E+02   0.296378E+00   0.380505E+02   0.300000E+02  -0.123462E-02  -0.999900E+04  -0.999900E+04  -0.999900E+04  -0.999900E+04  -0.246653E-01  -0.999900E+04  -0.999900E+04  -0.999900E+04  -0.999900E+04
   0.100000E+01   0.100000E+01   0.516895E+03   0.432000E+05   0.100000E+01   0.100000E+01   0.516895E+03   0.432000E+05   0.236822E+03  -0.999900E+04  -0.999900E+04  -0.999900E+04  -0.999900E+04   0.236822E+03  -0.999900E+04  -0.999900E+04  -0.999900E+04  -0.999900E+04   0.236807E+03   0.114000E+02   0.337841E+00   0.371301E+02   0.300000E+02   0.154357E-01  -0.999900E+04  -0.999900E+04  -0.999900E+04  -0.999900E+04   0.308375E+00  -0.999900E+04  -0.999900E+04  -0.999900E+04  -0.999900E+04
   0.100000E+01   0.100000E+01   0.523063E+03   0.432000E+05   0.100000E+01   0.100000E+01   0.523063E+03   0.432000E+05   0.236791E+03  -0.999900E+04  -0.999900E+04  -0.999900E+04  -0.999900E+04   0.236791E+03  -0.999900E+04  -0.999900E+04  -0.999900E+04  -0.999900E+04   0.236804E+03   0.114000E+02   0.365307E+00   0.371301E+02   0.300000E+02  -0.134128E-01  -0.999900E+04  -0.999900E+04  -0.999900E+04  -0.999900E+04  -0.267962E+00  -0.999900E+04  -0.999900E+04  -0.999900E+04  -0.999900E+04
   0.100000E+01   0.100000E+01   0.530080E+03   0.432000E+05   0.100000E+01   0.100000E+01   0.530080E+03   0.432000E+05   0.236816E+03  -0.999900E+04  -0.999900E+04  -0.999900E+04  -0.999900E+04   0.236816E+03  -0.999900E+04  -0.999900E+04  -0.999900E+04  -0.999900E+04   0.236802E+03   0.114000E+02   0.384040E+00   0.363098E+02   0.300000E+02   0.139065E-01  -0.999900E+04  -0.999900E+04  -0.999900E+04  -0.999900E+04   0.277825E+00  -0.999900E+04  -0.999900E+04  -0.999900E+04  -0.999900E+04
   0.100000E+01   0.100000E+01   0.535966E+03   0.432000E+05   0.100000E+01   0.100000E+01   0.535966E+03   0.432000E+05   0.236801E+03  -0.999900E+04  -0.999900E+04  -0.999900E+04  -0.999900E+04   0.236801E+03  -0.999900E+04  -0.999900E+04  -0.999900E+04  -0.999900E+04   0.236799E+03   0.114000E+02   0.406524E+00   0.356168E+02   0.300000E+02   0.150049E-02  -0.999900E+04  -0.999900E+04  -0.999900E+04  -0.999900E+04   0.299768E-01  -0.999900E+04  -0.999900E+04  -0.999900E+04  -0.999900E+04
   0.100000E+01   0.100000E+01   0.546780E+03   0.432000E+05   0.100000E+01   0.100000E+01   0.546780E+03   0.432000E+05   0.236800E+03  -0.999900E+04  -0.999900E+04  -0.999900E+04  -0.999900E+04   0.236800E+03  -0.999900E+04  -0.999900E+04  -0.999900E+04  -0.999900E+04   0.236794E+03   0.114000E+02   0.446285E+00   0.350664E+02   0.300000E+02   0.614624E-02  -0.999900E+04  -0.999900E+04  -0.999900E+04  -0.999900E+04   0.122790E+00  -0.999900E+04  -0.999900E+04  -0.999900E+04  -0.999900E+04
   0.100000E+01   0.100000E+01   0.548608E+03   0.432000E+05   0.100000E+01   0.100000E+01   0.548608E+03   0.432000E+05   0.236804E+03  -0.999900E+04  -0.999900E+04  -0.999900E+04  -0.999900E+04   0.236804E+03  -0.999900E+04  -0.999900E+04  -0.999900E+04  -0.999900E+04   0.236793E+03   0.114000E+02   0.452752E+00   0.350664E+02   0.300000E+02   0.111533E-01  -0.999900E+04  -0.999900E+04  -0.999900E+04  -0.999900E+04   0.222822E+00  -0.999900E+04  -0.999900E+04  -0.999900E+04  -0.999900E+04
   0.100000E+01   0.100000E+01   0.560218E+03   0.432000E+05   0.100000E+01   0.100000E+01   0.560218E+03   0.432000E+05   0.236822E+03  -0.999900E+04  -0.999900E+04  -0.999900E+04  -0.999900E+04   0.236822E+03  -0.999900E+04  -0.999900E+04  -0.999900E+04  -0.999900E+04   0.236788E+03   0.114000E+02   0.450564E+00   0.346612E+02   0.300000E+02   0.340209E-01  -0.999900E+04  -0.999900E+04  -0.999900E+04  -0.999900E+04   0.679671E+00  -0.999900E+04  -0.999900E+04  -0.999900E+04  -0.999900E+04
   0.100000E+01   0.100000E+01   0.564534E+03   0.432000E+05   0.100000E+01   0.100000E+01   0.564534E+03   0.432000E+05   0.236789E+03  -0.999900E+04  -0.999900E+04  -0.999900E+04  -0.999900E+04   0.236789E+03  -0.999900E+04  -0.999900E+04  -0.999900E+04  -0.999900E+04   0.236786E+03   0.114000E+02   0.448513E+00   0.346612E+02   0.300000E+02   0.277563E-02  -0.999900E+04  -0.999900E+04  -0.999900E+04  -0.999900E+04   0.554518E-01  -0.999900E+04  -0.999900E+04  -0.999900E+04  -0.999900E+04
   0.100000E+01   0.100000E+01   0.567623E+03   0.432000E+05   0.100000E+01   0.100000E+01   0.567623E+03   0.432000E+05   0.236780E+03  -0.999900E+04  -0.999900E+04  -0.999900E+04  -0.999900E+04   0.236780E+03  -0.999900E+04  -0.999900E+04  -0.999900E+04  -0.999900E+04   0.236785E+03   0.114000E+02   0.446963E+00   0.343933E+02   0.300000E+02  -0.500366E-02  -0.999900E+04  -0.999900E+04  -0.999900E+04  -0.999900E+04  -0.999634E-01  -0.999900E+04  -0.999900E+04  -0.999900E+04  -0.999900E+04
   0.100000E+01   0.100000E+01   0.577139E+03   0.432000E+05   0.100000E+01   0.100000E+01   0.577139E+03   0.432000E+05   0.236796E+03  -0.999900E+04  -0.999900E+04  -0.999900E+04  -0.999900E+04   0.236796E+03  -0.999900E+04  -0.999900E+04  -0.999900E+04  -0.999900E+04   0.236781E+03   0.114000E+02   0.441916E+00   0.343933E+02   0.300000E+02   0.146279E-01  -0.999900E+04  -0.999900E+04  -0.999900E+04  -0.999900E+04   0.292237E+00  -0.999900E+04  -0.999900E+04  -0.999900E+04  -0.999900E+04
   0.100000E+01   0.100000E+01   0.579335E+03   0.432000E+05   0.100000E+01   0.100000E+01   0.579335E+03   0.432000E+05   0.236787E+03  -0.999900E+04  -0.999900E+04  -0.999900E+04  -0.999900E+04   0.236787E+03  -0.999900E+04  -0.999900E+04  -0.999900E+04  -0.999900E+04   0.236781E+03   0.114000E+02   0.440689E+00   0.342447E+02   0.300000E+02   0.645190E-02  -0.999900E+04  -0.999900E+04  -0.999900E+04  -0.999900E+04   0.128896E+00  -0.999900E+04  -0.999900E+04  -0.999900E+04  -0.999900E+04
   0.100000E+01   0.100000E+01   0.583101E+03   0.432000E+05   0.100000E+01   0.100000E+01   0.583101E+03   0.432000E+05   0.236769E+03  -0.999900E+04  -0.999900E+04  -0.999900E+04  -0.999900E+04   0.236769E+03  -0.999900E+04  -0.999900E+04  -0.999900E+04  -0.999900E+04   0.236780E+03   0.114000E+02   0.430496E+00   0.342447E+02   0.300000E+02  -0.105715E-01  -0.999900E+04  -0.999900E+04  -0.999900E+04  -0.999900E+04  -0.211199E+00  -0.999900E+04  -0.999900E+04  -0.999900E+04  -0.999900E+04
   0.100000E+01   0.100000E+01   0.589673E+03   0.432000E+05   0.100000E+01   0.100000E+01   0.589673E+03   0.432000E+05   0.236776E+03  -0.999900E+04  -0.999900E+04  -0.999900E+04  -0.999900E+04   0.236776E+03  -0.999900E+04  -0.999900E+04  -0.999900E+04  -0.999900E+04   0.236779E+03   0.114000E+02   0.391921E+00   0.341903E+02   0.300000E+02  -0.311377E-02  -0.999900E+04  -0.999900E+04  -0.999900E+04  -0.999900E+04  -0.622070E-01  -0.999900E+04  -0.999900E+04  -0.999900E+04  -0.999900E+04
   0.100000E+01   0.100000E+01   0.599275E+03   0.432000E+05   0.100000E+01   0.100000E+01   0.599275E+03   0.432000E+05   0.236788E+03  -0.999900E+04  -0.999900E+04  -0.999900E+04  -0.999900E+04   0.236788E+03  -0.999900E+04  -0.999900E+04  -0.999900E+04  -0.999900E+04   0.236779E+03   0.114000E+02   0.347467E+00   0.341903E+02   0.300000E+02   0.942029E-02  -0.999900E+04  -0.999900E+04  -0.999900E+04  -0.999900E+04   0.188199E+00  -0.999900E+04  -0.999900E+04  -0.999900E+04  -0.999900E+04
   0.100000E+01   0.100000E+01   0.604179E+03   0.432000E+05   0.100000E+01   0.100000E+01   0.604179E+03   0.432000E+05   0.236778E+03  -0.999900E+04  -0.999900E+04  -0.999900E+04  -0.999900E+04   0.236778E+03  -0.999900E+04  -0.999900E+04  -0.999900E+04  -0.999900E+04   0.236778E+03   0.114000E+02   0.329169E+00   0.342000E+02   0.300000E+02  -0.366089E-03  -0.999900E+04  -0.999900E+04  -0.999900E+04  -0.999900E+04  -0.731374E-02  -0.999900E+04  -0.999900E+04  -0.999900E+04  -0.999900E+04
   0.100000E+01   0.100000E+01   0.609244E+03   0.432000E+05   0.100000E+01   0.100000E+01   0.609244E+03   0.432000E+05   0.236764E+03  -0.999900E+04  -0.999900E+04  -0.999900E+04  -0.999900E+04   0.236764E+03  -0.999900E+04  -0.999900E+04  -0.999900E+04  -0.999900E+04   0.236778E+03   0.114000E+02   0.312928E+00   0.342000E+02   0.300000E+02  -0.141677E-01  -0.999900E+04  -0.999900E+04  -0.999900E+04  -0.999900E+04  -0.283043E+00  -0.999900E+04  -0.999900E+04  -0.999900E+04  -0.999900E+04
   0.100000E+01   0.100000E+01   0.616768E+03   0.432000E+05   0.100000E+01   0.100000E+01   0.616768E+03   0.432000E+05   0.236763E+03  -0.999900E+04  -0.999900E+04  -0.999900E+04  -0.999900E+04   0.236763E+03  -0.999900E+04  -0.999900E+04  -0.999900E+04  -0.999900E+04   0.236778E+03   0.114000E+02   0.294047E+00   0.342418E+02   0.300000E+02  -0.148778E-01  -0.999900E+04  -0.999900E+04  -0.999900E+04  -0.999900E+04  -0.297230E+00  -0.999900E+04  -0.999900E+04  -0.999900E+04  -0.999900E+04
   0.100000E+01   0.100000E+01   0.620755E+03   0.432000E+05   0.100000E+01   0.100000E+01   0.620755E+03   0.432000E+05   0.236768E+03  -0.999900E+04  -0.999900E+04  -0.999900E+04  -0.999900E+04   0.236768E+03  -0.999900E+04  -0.999900E+04  -0.999900E+04  -0.999900E+04   0.236778E+03   0.114000E+02   0.287689E+00   0.342418E+02   0.300000E+02  -0.964893E-02  -0.999900E+04  -0.999900E+04  -0.999900E+04  -0.999900E+04  -0.192767E+00  -0.999900E+04  -0.999900E+04  -0.999900E+04  -0.999900E+04
   0.100000E+01   0.100000E+01   0.625320E+03   0.432000E+05   0.100000E+01   0.100000E+01   0.625320E+03   0.432000E+05   0.236772E+03  -0.999900E+04  -0.999900E+04  -0.999900E+04  -0.999900E+04   0.236772E+03  -0.999900E+04  -0.999900E+04  -0.999900E+04  -0.999900E+04   0.236777E+03   0.114000E+02   0.281072E+00   0.342840E+02   0.300000E+02  -0.540479E-02  -0.999900E+04  -0.999900E+04  -0.999900E+04  -0.999900E+04  -0.107977E+00  -0.999900E+04  -0.999900E+04  -0.999900E+04  -0.999900E+04
   0.100000E+01   0.100000E+01   0.637896E+03   0.432000E+05   0.100000E+01   0.100000E+01   0.637896E+03   0.432000E+05   0.236771E+03  -0.999900E+04  -0.999900E+04  -0.999900E+04  -0.999900E+04   0.236771E+03  -0.999900E+04  -0.999900E+04  -0.999900E+04  -0.999900E+04   0.236777E+03   0.114000E+02   0.263373E+00   0.342987E+02   0.300000E+02  -0.596228E-02  -0.999900E+04  -0.999900E+04  -0.999900E+04  -0.999900E+04  -0.119115E+00  -0.999900E+04  -0.999900E+04  -0.999900E+04  -0.999900E+04
   0.100000E+01   0.100000E+01   0.640287E+03   0.432000E+05   0.100000E+01   0.100000E+01   0.640287E+03   0.432000E+05   0.236757E+03  -0.999900E+04  -0.999900E+04  -0.999900E+04  -0.999900E+04   0.236757E+03  -0.999900E+04  -0.999900E+04  -0.999900E+04  -0.999900E+04   0.236777E+03   0.114000E+02   0.260033E+00   0.342987E+02   0.300000E+02  -0.199012E-01  -0.999900E+04  -0.999900E+04  -0.999900E+04  -0.999900E+04  -0.397588E+00  -0.999900E+04  -0.999900E+04  -0.999900E+04  -0.999900E+04
   0.100000E+01   0.100000E+01   0.648934E+03   0.432000E+05   0.100000E+01   0.100000E+01   0.648934E+03   0.432000E+05   0.236765E+03  -0.999900E+04  -0.999900E+04  -0.999900E+04  -0.999900E+04   0.236765E+03  -0.999900E+04  -0.999900E+04  -0.999900E+04  -0.999900E+04   0.236776E+03   0.114000E+02   0.258816E+00   0.342631E+02   0.300000E+02  -0.114587E-01  -0.999900E+04  -0.999900E+04  -0.999900E+04  -0.999900E+04  -0.228923E+00  -0.999900E+04  -0.999900E+04  -0.999900E+04  -0.999900E+04
   0.100000E+01   0.100000E+01   0.654674E+03   0.432000E+05   0.100000E+01   0.100000E+01   0.654674E+03   0.432000E+05   0.236757E+03  -0.999900E+04  -0.999900E+04  -0.999900E+04  -0.999900E+04   0.236757E+03  -0.999900E+04  -0.999900E+04  -0.999900E+04  -0.999900E+04   0.236776E+03   0.114000E+02   0.267672E+00   0.341620E+02   0.300000E+02  -0.188636E-01  -0.999900E+04  -0.999900E+04  -0.999900E+04  -0.999900E+04  -0.376859E+00  -0.999900E+04  -0.999900E+04  -0.999900E+04  -0.999900E+04
   0.100000E+01   0.100000E+01   0.657559E+03   0.432000E+05   0.100000E+01   0.100000E+01   0.657559E+03   0.432000E+05   0.236747E+03  -0.999900E+04  -0.999900E+04  -0.999900E+04  -0.999900E+04   0.236747E+03  -0.999900E+04  -0.999900E+04  -0.999900E+04  -0.999900E+04   0.236776E+03   0.114000E+02   0.272348E+00   0.341620E+02   0.300000E+02  -0.285432E-01  -0.999900E+04  -0.999900E+04  -0.999900E+04  -0.999900E+04  -0.570238E+00  -0.999900E+04  -0.999900E+04  -0.999900E+04  -0.999900E+04
   0.100000E+01   0.100000E+01   0.663277E+03   0.432000E+05   0.100000E+01   0.100000E+01   0.663277E+03   0.432000E+05   0.236785E+03  -0.999900E+04  -0.999900E+04  -0.999900E+04  -0.999900E+04   0.236785E+03  -0.999900E+04  -0.999900E+04  -0.999900E+04  -0.999900E+04   0.236775E+03   0.114000E+02   0.281950E+00   0.341620E+02   0.300000E+02   0.101129E-01  -0.999900E+04  -0.999900E+04  -0.999900E+04  -0.999900E+04   0.202036E+00  -0.999900E+04  -0.999900E+04  -0.999900E+04  -0.999900E+04
   0.100000E+01   0.100000E+01   0.668185E+03   0.432000E+05   0.100000E+01   0.100000E+01   0.668185E+03   0.432000E+05   0.236781E+03  -0.999900E+04  -0.999900E+04  -0.999900E+04  -0.999900E+04   0.236781E+03  -0.999900E+04  -0.999900E+04  -0.999900E+04  -0.999900E+04   0.236774E+03   0.114000E+02   0.290608E+00   0.339885E+02   0.300000E+02   0.673853E-02  -0.999900E+04  -0.999900E+04  -0.999900E+04  -0.999900E+04   0.134623E+00  -0.999900E+04  -0.999900E+04  -0.999900E+04  -0.999900E+04
   0.100000E+01   0.100000E+01   0.676249E+03   0.432000E+05   0.100000E+01   0.100000E+01   0.676249E+03   0.432000E+05   0.236751E+03  -0.999900E+04  -0.999900E+04  -0.999900E+04  -0.999900E+04   0.236751E+03  -0.999900E+04  -0.999900E+04  -0.999900E+04  -0.999900E+04   0.236773E+03   0.114000E+02   0.303799E+00   0.337444E+02   0.300000E+02  -0.221934E-01  -0.999900E+04  -0.999900E+04  -0.999900E+04  -0.999900E+04  -0.443380E+00  -0.999900E+04  -0.999900E+04  -0.999900E+04  -0.999900E+04
   0.100000E+01   0.100000E+01   0.680808E+03   0.432000E+05   0.100000E+01   0.100000E+01   0.680808E+03   0.432000E+05   0.236774E+03  -0.999900E+04  -0.999900E+04  -0.999900E+04  -0.999900E+04   0.236774E+03  -0.999900E+04  -0.999900E+04  -0.999900E+04  -0.999900E+04   0.236773E+03   0.114000E+02   0.303396E+00   0.337444E+02   0.300000E+02   0.120337E-02  -0.999900E+04  -0.999900E+04  -0.999900E+04  -0.999900E+04   0.240410E-01  -0.999900E+04  -0.999900E+04  -0.999900E+04  -0.999900E+04
   0.100000E+01   0.100000E+01   0.688130E+03   0.432000E+05   0.100000E+01   0.100000E+01   0.688130E+03   0.432000E+05   0.236766E+03  -0.999900E+04  -0.999900E+04  -0.999900E+04  -0.999900E+04   0.236766E+03  -0.999900E+04  -0.999900E+04  -0.999900E+04  -0.999900E+04   0.236772E+03   0.114000E+02   0.308384E+00   0.334397E+02   0.300000E+02  -0.594214E-02  -0.999900E+04  -0.999900E+04  -0.999900E+04  -0.999900E+04  -0.118712E+00  -0.999900E+04  -0.999900E+04  -0.999900E+04  -0.999900E+04
   0.100000E+01   0.100000E+01   0.694363E+03   0.432000E+05   0.100000E+01   0.100000E+01   0.694363E+03   0.432000E+05   0.236772E+03  -0.999900E+04  -0.999900E+04  -0.999900E+04  -0.999900E+04   0.236772E+03  -0.999900E+04  -0.999900E+04  -0.999900E+04  -0.999900E+04   0.236771E+03   0.114000E+02   0.317649E+00   0.334397E+02   0.300000E+02   0.104968E-02  -0.999900E+04  -0.999900E+04  -0.999900E+04  -0.999900E+04   0.209706E-01  -0.999900E+04  -0.999900E+04  -0.999900E+04  -0.999900E+04
   0.100000E+01   0.100000E+01   0.700816E+03   0.432000E+05   0.100000E+01   0.100000E+01   0.700816E+03   0.432000E+05   0.236757E+03  -0.999900E+04  -0.999900E+04  -0.999900E+04  -0.999900E+04   0.236757E+03  -0.999900E+04  -0.999900E+04  -0.999900E+04  -0.999900E+04   0.236770E+03   0.114000E+02   0.332993E+00   0.330911E+02   0.300000E+02  -0.126075E-01  -0.999900E+04  -0.999900E+04  -0.999900E+04  -0.999900E+04  -0.251874E+00  -0.999900E+04  -0.999900E+04  -0.999900E+04  -0.999900E+04
   0.100000E+01   0.100000E+01   0.707817E+03   0.432000E+05   0.100000E+01   0.100000E+01   0.707817E+03   0.432000E+05   0.236789E+03  -0.999900E+04  -0.999900E+04  -0.999900E+04  -0.999900E+04   0.236789E+03  -0.999900E+04  -0.999900E+04  -0.999900E+04  -0.999900E+04   0.236768E+03   0.114000E+02   0.347407E+00   0.330911E+02   0.300000E+02   0.209946E-01  -0.999900E+04  -0.999900E+04  -0.999900E+04  -0.999900E+04   0.419432E+00  -0.999900E+04  -0.999900E+04  -0.999900E+04  -0.999900E+04
   0.100000E+01   0.100000E+01   0.714310E+03   0.432000E+05   0.100000E+01   0.100000E+01   0.714310E+03   0.432000E+05   0.236758E+03  -0.999900E+04  -0.999900E+04  -0.999900E+04  -0.999900E+04   0.236758E+03  -0.999900E+04  -0.999900E+04  -0.999900E+04  -0.999900E+04   0.236767E+03   0.114000E+02   0.334142E+00   0.327196E+02   0.300000E+02  -0.941028E-02  -0.999900E+04  -0.999900E+04  -0.999900E+04  -0.999900E+04  -0.187999E+00  -0.999900E+04  -0.999900E+04  -0.999900E+04  -0.999900E+04
   0.100000E+01   0.100000E+01   0.723056E+03   0.432000E+05   0.100000E+01   0.100000E+01   0.723056E+03   0.432000E+05   0.236761E+03  -0.999900E+04  -0.999900E+04  -0.999900E+04  -0.999900E+04   0.236761E+03  -0.999900E+04  -0.999900E+04  -0.999900E+04  -0.999900E+04   0.236767E+03   0.114000E+02   0.318140E+00   0.323479E+02   0.300000E+02  -0.572363E-02  -0.999900E+04  -0.999900E+04  -0.999900E+04  -0.999900E+04  -0.114347E+00  -0.999900E+04  -0.999900E+04  -0.999900E+04  -0.999900E+04
   0.100000E+01   0.100000E+01   0.728027E+03   0.432000E+05   0.100000E+01   0.100000E+01   0.728027E+03   0.432000E+05   0.236762E+03  -0.999900E+04  -0.999900E+04  -0.999900E+04  -0.999900E+04   0.236762E+03  -0.999900E+04  -0.999900E+04  -0.999900E+04  -0.999900E+04   0.236766E+03   0.114000E+02   0.310010E+00   0.323479E+02   0.300000E+02  -0.438794E-02  -0.999900E+04  -0.999900E+04  -0.999900E+04  -0.999900E+04  -0.876625E-01  -0.999900E+04  -0.999900E+04  -0.999900E+04  -0.999900E+04
   0.100000E+01   0.100000E+01   0.735156E+03   0.432000E+05   0.100000E+01   0.100000E+01   0.735156E+03   0.432000E+05   0.236761E+03  -0.999900E+04  -0.999900E+04  -0.999900E+04  -0.999900E+04   0.236761E+03  -0.999900E+04  -0.999900E+04  -0.999900E+04  -0.999900E+04   0.236766E+03   0.114000E+02   0.299192E+00   0.319964E+02   0.300000E+02  -0.489966E-02  -0.999900E+04  -0.999900E+04  -0.999900E+04  -0.999900E+04  -0.978856E-01  -0.999900E+04  -0.999900E+04  -0.999900E+04  -0.999900E+04
   0.100000E+01   0.100000E+01   0.737473E+03   0.432000E+05   0.100000E+01   0.100000E+01   0.737473E+03   0.432000E+05   0.236758E+03  -0.999900E+04  -0.999900E+04  -0.999900E+04  -0.999900E+04   0.236758E+03  -0.999900E+04  -0.999900E+04  -0.999900E+04  -0.999900E+04   0.236766E+03   0.114000E+02   0.295985E+00   0.319964E+02   0.300000E+02  -0.777759E-02  -0.999900E+04  -0.999900E+04  -0.999900E+04  -0.999900E+04  -0.155381E+00  -0.999900E+04  -0.999900E+04  -0.999900E+04  -0.999900E+04
   0.100000E+01   0.100000E+01   0.743355E+03   0.432000E+05   0.100000E+01   0.100000E+01   0.743355E+03   0.432000E+05   0.236764E+03  -0.999900E+04  -0.999900E+04  -0.999900E+04  -0.999900E+04   0.236764E+03  -0.999900E+04  -0.999900E+04  -0.999900E+04  -0.999900E+04   0.236765E+03   0.114000E+02   0.291668E+00   0.316800E+02   0.300000E+02  -0.131982E-02  -0.999900E+04  -0.999900E+04  -0.999900E+04  -0.999900E+04  -0.263675E-01  -0.999900E+04  -0.999900E+04  -0.999900E+04  -0.999900E+04
   0.100000E+01   0.100000E+01   0.748141E+03   0.432000E+05   0.100000E+01   0.100000E+01   0.748141E+03   0.432000E+05   0.236766E+03  -0.999900E+04  -0.999900E+04  -0.999900E+04  -0.999900E+04   0.236766E+03  -0.999900E+04  -0.999900E+04  -0.999900E+04  -0.999900E+04   0.236765E+03   0.114000E+02   0.292496E+00   0.316800E+02   0.300000E+02   0.119897E-02  -0.999900E+04  -0.999900E+04  -0.999900E+04  -0.999900E+04   0.239532E-01  -0.999900E+04  -0.999900E+04  -0.999900E+04  -0.999900E+04
   0.100000E+01   0.100000E+01   0.759598E+03   0.432000E+05   0.100000E+01   0.100000E+01   0.759598E+03   0.432000E+05   0.236755E+03  -0.999900E+04  -0.999900E+04  -0.999900E+04  -0.999900E+04   0.236755E+03  -0.999900E+04  -0.999900E+04  -0.999900E+04  -0.999900E+04   0.236763E+03   0.114000E+02   0.295791E+00   0.314037E+02   0.300000E+02  -0.842773E-02  -0.999900E+04  -0.999900E+04  -0.999900E+04  -0.999900E+04  -0.168370E+00  -0.999900E+04  -0.999900E+04  -0.999900E+04  -0.999900E+04
   0.100000E+01   0.100000E+01   0.762921E+03   0.432000E+05   0.100000E+01   0.100000E+01   0.762921E+03   0.432000E+05   0.236764E+03  -0.999900E+04  -0.999900E+04  -0.999900E+04  -0.999900E+04   0.236764E+03  -0.999900E+04  -0.999900E+04  -0.999900E+04  -0.999900E+04   0.236763E+03   0.114000E+02   0.297099E+00   0.314037E+02   0.300000E+02   0.999512E-03  -0.999900E+04  -0.999900E+04  -0.999900E+04  -0.999900E+04   0.199683E-01  -0.999900E+04  -0.999900E+04  -0.999900E+04  -0.999900E+04
   0.100000E+01   0.100000E+01   0.767216E+03   0.432000E+05   0.100000E+01   0.100000E+01   0.767216E+03   0.432000E+05   0.236822E+03  -0.999900E+04  -0.999900E+04  -0.999900E+04  -0.999900E+04   0.236822E+03  -0.999900E+04  -0.999900E+04  -0.999900E+04  -0.999900E+04   0.236762E+03   0.114000E+02   0.299814E+00   0.311601E+02   0.300000E+02   0.596404E-01  -0.999900E+04  -0.999900E+04  -0.999900E+04  -0.999900E+04   0.119150E+01  -0.999900E+04  -0.999900E+04  -0.999900E+04  -0.999900E+04
   0.100000E+01   0.100000E+01   0.775480E+03   0.432000E+05   0.100000E+01   0.100000E+01   0.775480E+03   0.432000E+05   0.236758E+03  -0.999900E+04  -0.999900E+04  -0.999900E+04  -0.999900E+04   0.236758E+03  -0.999900E+04  -0.999900E+04  -0.999900E+04  -0.999900E+04   0.236760E+03   0.114000E+02   0.322222E+00   0.309260E+02   0.300000E+02  -0.240649E-02  -0.999900E+04  -0.999900E+04  -0.999900E+04  -0.999900E+04  -0.480771E-01  -0.999900E+04  -0.999900E+04  -0.999900E+04  -0.999900E+04
   0.100000E+01   0.100000E+01   0.781353E+03   0.432000E+05   0.100000E+01   0.100000E+01   0.781353E+03   0.432000E+05   0.236751E+03  -0.999900E+04  -0.999900E+04  -0.999900E+04  -0.999900E+04   0.236751E+03  -0.999900E+04  -0.999900E+04  -0.999900E+04  -0.999900E+04   0.236759E+03   0.114000E+02   0.338685E+00   0.309260E+02   0.300000E+02  -0.774329E-02  -0.999900E+04  -0.999900E+04  -0.999900E+04  -0.999900E+04  -0.154696E+00  -0.999900E+04  -0.999900E+04  -0.999900E+04  -0.999900E+04
   0.100000E+01   0.100000E+01   0.792534E+03   0.432000E+05   0.100000E+01   0.100000E+01   0.792534E+03   0.432000E+05   0.236716E+03  -0.999900E+04  -0.999900E+04  -0.999900E+04  -0.999900E+04   0.236716E+03  -0.999900E+04  -0.999900E+04  -0.999900E+04  -0.999900E+04   0.236755E+03   0.114000E+02   0.371029E+00   0.306623E+02   0.300000E+02  -0.386692E-01  -0.999900E+04  -0.999900E+04  -0.999900E+04  -0.999900E+04  -0.772535E+00  -0.999900E+04  -0.999900E+04  -0.999900E+04  -0.999900E+04
   0.100000E+01   0.100000E+01   0.795218E+03   0.432000E+05   0.100000E+01   0.100000E+01   0.795218E+03   0.432000E+05   0.236742E+03  -0.999900E+04  -0.999900E+04  -0.999900E+04  -0.999900E+04   0.236742E+03  -0.999900E+04  -0.999900E+04  -0.999900E+04  -0.999900E+04   0.236753E+03   0.114000E+02   0.378931E+00   0.306623E+02   0.300000E+02  -0.114943E-01  -0.999900E+04  -0.999900E+04  -0.999900E+04  -0.999900E+04  -0.229633E+00  -0.999900E+04  -0.999900E+04  -0.999900E+04  -0.999900E+04
   0.100000E+01   0.100000E+01   0.802777E+03   0.432000E+05   0.100000E+01   0.100000E+01   0.802777E+03   0.432000E+05   0.236753E+03  -0.999900E+04  -0.999900E+04  -0.999900E+04  -0.999900E+04   0.236753E+03  -0.999900E+04  -0.999900E+04  -0.999900E+04  -0.999900E+04   0.236750E+03   0.114000E+02   0.400284E+00   0.303139E+02   0.300000E+02   0.325940E-02  -0.999900E+04  -0.999900E+04  -0.999900E+04  -0.999900E+04   0.651164E-01  -0.999900E+04  -0.999900E+04  -0.999900E+04  -0.999900E+04
   0.100000E+01   0.100000E+01   0.806374E+03   0.432000E+05   0.100000E+01   0.100000E+01   0.806374E+03   0.432000E+05   0.236740E+03  -0.999900E+04  -0.999900E+04  -0.999900E+04  -0.999900E+04   0.236740E+03  -0.999900E+04  -0.999900E+04  -0.999900E+04  -0.999900E+04   0.236748E+03   0.114000E+02   0.406353E+00   0.303139E+02   0.300000E+02  -0.790955E-02  -0.999900E+04  -0.999900E+04  -0.999900E+04  -0.999900E+04  -0.158017E+00  -0.999900E+04  -0.999900E+04  -0.999900E+04  -0.999900E+04
   0.100000E+01   0.100000E+01   0.812545E+03   0.432000E+05   0.100000E+01   0.100000E+01   0.812545E+03   0.432000E+05   0.236756E+03  -0.999900E+04  -0.999900E+04  -0.999900E+04  -0.999900E+04   0.236756E+03  -0.999900E+04  -0.999900E+04  -0.999900E+04  -0.999900E+04   0.236745E+03   0.114000E+02   0.417012E+00   0.298129E+02   0.300000E+02   0.114321E-01  -0.999900E+04  -0.999900E+04  -0.999900E+04  -0.999900E+04   0.228392E+00  -0.999900E+04  -0.999900E+04  -0.999900E+04  -0.999900E+04
   0.100000E+01   0.100000E+01   0.824506E+03   0.432000E+05   0.100000E+01   0.100000E+01   0.824506E+03   0.432000E+05   0.236708E+03  -0.999900E+04  -0.999900E+04  -0.999900E+04  -0.999900E+04   0.236708E+03  -0.999900E+04  -0.999900E+04  -0.999900E+04  -0.999900E+04   0.236737E+03   0.114000E+02   0.432654E+00   0.290844E+02   0.300000E+02  -0.291063E-01  -0.999900E+04  -0.999900E+04  -0.999900E+04  -0.999900E+04  -0.581488E+00  -0.999900E+04  -0.999900E+04  -0.999900E+04  -0.999900E+04
   0.100000E+01   0.100000E+01   0.828824E+03   0.432000E+05   0.100000E+01   0.100000E+01   0.828824E+03   0.432000E+05   0.236715E+03  -0.999900E+04  -0.999900E+04  -0.999900E+04  -0.999900E+04   0.236715E+03  -0.999900E+04  -0.999900E+04  -0.999900E+04  -0.999900E+04   0.236734E+03   0.114000E+02   0.438986E+00   0.280550E+02   0.300000E+02  -0.188562E-01  -0.999900E+04  -0.999900E+04  -0.999900E+04  -0.999900E+04  -0.376710E+00  -0.999900E+04  -0.999900E+04  -0.999900E+04  -0.999900E+04
   0.100000E+01   0.100000E+01   0.834252E+03   0.432000E+05   0.100000E+01   0.100000E+01   0.834252E+03   0.432000E+05   0.236727E+03  -0.999900E+04  -0.999900E+04  -0.999900E+04  -0.999900E+04   0.236727E+03  -0.999900E+04  -0.999900E+04  -0.999900E+04  -0.999900E+04   0.236729E+03   0.114000E+02   0.447358E+00   0.280550E+02   0.300000E+02  -0.238538E-02  -0.999900E+04  -0.999900E+04  -0.999900E+04  -0.999900E+04  -0.476552E-01  -0.999900E+04  -0.999900E+04  -0.999900E+04  -0.999900E+04
   0.100000E+01   0.100000E+01   0.839766E+03   0.432000E+05   0.100000E+01   0.100000E+01   0.839766E+03   0.432000E+05   0.236727E+03  -0.999900E+04  -0.999900E+04  -0.999900E+04  -0.999900E+04   0.236727E+03  -0.999900E+04  -0.999900E+04  -0.999900E+04  -0.999900E+04   0.236724E+03   0.114000E+02   0.456890E+00   0.266643E+02   0.300000E+02   0.280261E-02  -0.999900E+04  -0.999900E+04  -0.999900E+04  -0.999900E+04   0.559907E-01  -0.999900E+04  -0.999900E+04  -0.999900E+04  -0.999900E+04
   0.100000E+01   0.100000E+01   0.845928E+03   0.432000E+05   0.100000E+01   0.100000E+01   0.845928E+03   0.432000E+05   0.236700E+03  -0.999900E+04  -0.999900E+04  -0.999900E+04  -0.999900E+04   0.236700E+03  -0.999900E+04  -0.999900E+04  -0.999900E+04  -0.999900E+04   0.236717E+03   0.114000E+02   0.469240E+00   0.266643E+02   0.300000E+02  -0.174988E-01  -0.999900E+04  -0.999900E+04  -0.999900E+04  -0.999900E+04  -0.349591E+00  -0.999900E+04  -0.999900E+04  -0.999900E+04  -0.999900E+04
   0.100000E+01   0.100000E+01   0.853796E+03   0.432000E+05   0.100000E+01   0.100000E+01   0.853796E+03   0.432000E+05   0.236681E+03  -0.999900E+04  -0.999900E+04  -0.999900E+04  -0.999900E+04   0.236681E+03  -0.999900E+04  -0.999900E+04  -0.999900E+04  -0.999900E+04   0.236707E+03   0.114000E+02   0.488599E+00   0.248797E+02   0.300000E+02  -0.260770E-01  -0.999900E+04  -0.999900E+04  -0.999900E+04  -0.999900E+04  -0.520968E+00  -0.999900E+04  -0.999900E+04  -0.999900E+04  -0.999900E+04
   0.100000E+01   0.100000E+01   0.862250E+03   0.432000E+05   0.100000E+01   0.100000E+01   0.862250E+03   0.432000E+05   0.236691E+03  -0.999900E+04  -0.999900E+04  -0.999900E+04  -0.999900E+04   0.236691E+03  -0.999900E+04  -0.999900E+04  -0.999900E+04  -0.999900E+04   0.236692E+03   0.114000E+02   0.515706E+00   0.227139E+02   0.300000E+02  -0.110815E-02  -0.999900E+04  -0.999900E+04  -0.999900E+04  -0.999900E+04  -0.221388E-01  -0.999900E+04  -0.999900E+04  -0.999900E+04  -0.999900E+04
   0.100000E+01   0.100000E+01   0.864604E+03   0.432000E+05   0.100000E+01   0.100000E+01   0.864604E+03   0.432000E+05   0.236650E+03  -0.999900E+04  -0.999900E+04  -0.999900E+04  -0.999900E+04   0.236650E+03  -0.999900E+04  -0.999900E+04  -0.999900E+04  -0.999900E+04   0.236688E+03   0.114000E+02   0.523179E+00   0.227139E+02   0.300000E+02  -0.375000E-01  -0.999900E+04  -0.999900E+04  -0.999900E+04  -0.999900E+04  -0.749177E+00  -0.999900E+04  -0.999900E+04  -0.999900E+04  -0.999900E+04
   0.100000E+01   0.100000E+01   0.876099E+03   0.432000E+05   0.100000E+01   0.100000E+01   0.876099E+03   0.432000E+05   0.236667E+03  -0.999900E+04  -0.999900E+04  -0.999900E+04  -0.999900E+04   0.236667E+03  -0.999900E+04  -0.999900E+04  -0.999900E+04  -0.999900E+04   0.236660E+03   0.114000E+02   0.560656E+00   0.202438E+02   0.300000E+02   0.678271E-02  -0.999900E+04  -0.999900E+04  -0.999900E+04  -0.999900E+04   0.135505E+00  -0.999900E+04  -0.999900E+04  -0.999900E+04  -0.999900E+04
   0.100000E+01   0.100000E+01   0.883313E+03   0.432000E+05   0.100000E+01   0.100000E+01   0.883313E+03   0.432000E+05   0.236638E+03  -0.999900E+04  -0.999900E+04  -0.999900E+04  -0.999900E+04   0.236638E+03  -0.999900E+04  -0.999900E+04  -0.999900E+04  -0.999900E+04   0.236634E+03   0.114000E+02   0.599607E+00   0.176308E+02   0.300000E+02   0.372266E-02  -0.999900E+04  -0.999900E+04  -0.999900E+04  -0.999900E+04   0.743714E-01  -0.999900E+04  -0.999900E+04  -0.999900E+04  -0.999900E+04
   0.100000E+01   0.100000E+01   0.894028E+03   0.432000E+05   0.100000E+01   0.100000E+01   0.894028E+03   0.432000E+05   0.236590E+03  -0.999900E+04  -0.999900E+04  -0.999900E+04  -0.999900E+04   0.236590E+03  -0.999900E+04  -0.999900E+04  -0.999900E+04  -0.999900E+04   0.236568E+03   0.114000E+02   0.692441E+00   0.151395E+02   0.300000E+02   0.215643E-01  -0.999900E+04  -0.999900E+04  -0.999900E+04  -0.999900E+04   0.430813E+00  -0.999900E+04  -0.999900E+04  -0.999900E+04  -0.999900E+04
   0.100000E+01   0.100000E+01   0.900196E+03   0.432000E+05   0.100000E+01   0.100000E+01   0.900196E+03   0.432000E+05   0.236539E+03  -0.999900E+04  -0.999900E+04  -0.999900E+04  -0.999900E+04   0.236539E+03  -0.999900E+04  -0.999900E+04  -0.999900E+04  -0.999900E+04   0.236521E+03   0.114000E+02   0.673974E+00   0.151395E+02   0.300000E+02   0.176682E-01  -0.999900E+04  -0.999900E+04  -0.999900E+04  -0.999900E+04   0.352976E+00  -0.999900E+04  -0.999900E+04  -0.999900E+04  -0.999900E+04
   0.100000E+01   0.100000E+01   0.913897E+03   0.432000E+05   0.100000E+01   0.100000E+01   0.913897E+03   0.432000E+05   0.236452E+03  -0.999900E+04  -0.999900E+04  -0.999900E+04  -0.999900E+04   0.236452E+03  -0.999900E+04  -0.999900E+04  -0.999900E+04  -0.999900E+04   0.236395E+03   0.114000E+02   0.682291E+00   0.131522E+02   0.300000E+02   0.566600E-01  -0.999900E+04  -0.999900E+04  -0.999900E+04  -0.999900E+04   0.113196E+01  -0.999900E+04  -0.999900E+04  -0.999900E+04  -0.999900E+04
   0.100000E+01   0.100000E+01   0.920278E+03   0.432000E+05   0.100000E+01   0.100000E+01   0.920278E+03   0.432000E+05   0.236388E+03  -0.999900E+04  -0.999900E+04  -0.999900E+04  -0.999900E+04   0.236388E+03  -0.999900E+04  -0.999900E+04  -0.999900E+04  -0.999900E+04   0.236318E+03   0.114000E+02   0.723279E+00   0.121771E+02   0.300000E+02   0.697627E-01  -0.999900E+04  -0.999900E+04  -0.999900E+04  -0.999900E+04   0.139372E+01  -0.999900E+04  -0.999900E+04  -0.999900E+04  -0.999900E+04
   0.100000E+01   0.100000E+01   0.921538E+03   0.432000E+05   0.100000E+01   0.100000E+01   0.921538E+03   0.432000E+05   0.236330E+03  -0.999900E+04  -0.999900E+04  -0.999900E+04  -0.999900E+04   0.236330E+03  -0.999900E+04  -0.999900E+04  -0.999900E+04  -0.999900E+04   0.236301E+03   0.114000E+02   0.735284E+00   0.121771E+02   0.300000E+02   0.289136E-01  -0.999900E+04  -0.999900E+04  -0.999900E+04  -0.999900E+04   0.577637E+00  -0.999900E+04  -0.999900E+04  -0.999900E+04  -0.999900E+04
   0.100000E+01   0.100000E+01   0.925000E+03   0.432000E+05   0.100000E+01   0.100000E+01   0.925000E+03   0.432000E+05   0.236254E+03  -0.999900E+04  -0.999900E+04  -0.999900E+04  -0.999900E+04   0.236254E+03  -0.999900E+04  -0.999900E+04  -0.999900E+04  -0.999900E+04   0.236249E+03   0.114000E+02   0.780756E+00   0.121771E+02   0.300000E+02   0.500708E-02  -0.999900E+04  -0.999900E+04  -0.999900E+04  -0.999900E+04   0.100032E+00  -0.999900E+04  -0.999900E+04  -0.999900E+04  -0.999900E+04
   0.100000E+01   0.100000E+01   0.933614E+03   0.432000E+05   0.100000E+01   0.100000E+01   0.933614E+03   0.432000E+05   0.236181E+03  -0.999900E+04  -0.999900E+04  -0.999900E+04  -0.999900E+04   0.236181E+03  -0.999900E+04  -0.999900E+04  -0.999900E+04  -0.999900E+04   0.236096E+03   0.114000E+02   0.908905E+00   0.128443E+02   0.300000E+02   0.849612E-01  -0.999900E+04  -0.999900E+04  -0.999900E+04  -0.999900E+04   0.169736E+01  -0.999900E+04  -0.999900E+04  -0.999900E+04  -0.999900E+04
   0.100000E+01   0.100000E+01   0.937871E+03   0.432000E+05   0.100000E+01   0.100000E+01   0.937871E+03   0.432000E+05   0.236033E+03  -0.999900E+04  -0.999900E+04  -0.999900E+04  -0.999900E+04   0.236033E+03  -0.999900E+04  -0.999900E+04  -0.999900E+04  -0.999900E+04   0.236016E+03   0.114000E+02   0.979347E+00   0.158845E+02   0.300000E+02   0.170546E-01  -0.999900E+04  -0.999900E+04  -0.999900E+04  -0.999900E+04   0.340717E+00  -0.999900E+04  -0.999900E+04  -0.999900E+04  -0.999900E+04
   0.100000E+01   0.100000E+01   0.944325E+03   0.432000E+05   0.100000E+01   0.100000E+01   0.944325E+03   0.432000E+05   0.235866E+03  -0.999900E+04  -0.999900E+04  -0.999900E+04  -0.999900E+04   0.235866E+03  -0.999900E+04  -0.999900E+04  -0.999900E+04  -0.999900E+04   0.235895E+03   0.114000E+02   0.110227E+01   0.158845E+02   0.300000E+02  -0.289280E-01  -0.999900E+04  -0.999900E+04  -0.999900E+04  -0.999900E+04  -0.577925E+00  -0.999900E+04  -0.999900E+04  -0.999900E+04  -0.999900E+04
   0.100000E+01   0.100000E+01   0.951420E+03   0.432000E+05   0.100000E+01   0.100000E+01   0.951420E+03   0.432000E+05   0.235700E+03  -0.999900E+04  -0.999900E+04  -0.999900E+04  -0.999900E+04   0.235700E+03  -0.999900E+04  -0.999900E+04  -0.999900E+04  -0.999900E+04   0.235794E+03   0.114000E+02   0.115558E+01   0.220835E+02   0.300000E+02  -0.944641E-01  -0.999900E+04  -0.999900E+04  -0.999900E+04  -0.999900E+04  -0.188721E+01  -0.999900E+04  -0.999900E+04  -0.999900E+04  -0.999900E+04
   0.100000E+01   0.100000E+01   0.957414E+03   0.432000E+05   0.100000E+01   0.100000E+01   0.957414E+03   0.432000E+05   0.235725E+03  -0.999900E+04  -0.999900E+04  -0.999900E+04  -0.999900E+04   0.235725E+03  -0.999900E+04  -0.999900E+04  -0.999900E+04  -0.999900E+04   0.235747E+03   0.114000E+02   0.108542E+01   0.220835E+02   0.300000E+02  -0.216736E-01  -0.999900E+04  -0.999900E+04  -0.999900E+04  -0.999900E+04  -0.432996E+00  -0.999900E+04  -0.999900E+04  -0.999900E+04  -0.999900E+04
   0.100000E+01   0.100000E+01   0.962893E+03   0.432000E+05   0.100000E+01   0.100000E+01   0.962893E+03   0.432000E+05   0.235728E+03  -0.999900E+04  -0.999900E+04  -0.999900E+04  -0.999900E+04   0.235728E+03  -0.999900E+04  -0.999900E+04  -0.999900E+04  -0.999900E+04   0.235720E+03   0.114000E+02   0.104014E+01   0.322031E+02   0.300000E+02   0.822766E-02  -0.999900E+04  -0.999900E+04  -0.999900E+04  -0.999900E+04   0.164373E+00  -0.999900E+04  -0.999900E+04  -0.999900E+04  -0.999900E+04
   0.100000E+01   0.100000E+01   0.967659E+03   0.432000E+05   0.100000E+01   0.100000E+01   0.967659E+03   0.432000E+05   0.235728E+03  -0.999900E+04  -0.999900E+04  -0.999900E+04  -0.999900E+04   0.235728E+03  -0.999900E+04  -0.999900E+04  -0.999900E+04  -0.999900E+04   0.235709E+03   0.114000E+02   0.100135E+01   0.322031E+02   0.300000E+02   0.189241E-01  -0.999900E+04  -0.999900E+04  -0.999900E+04  -0.999900E+04   0.378066E+00  -0.999900E+04  -0.999900E+04  -0.999900E+04  -0.999900E+04
   0.100000E+01   0.100000E+01   0.973707E+03   0.432000E+05   0.100000E+01   0.100000E+01   0.973707E+03   0.432000E+05   0.235753E+03  -0.999900E+04  -0.999900E+04  -0.999900E+04  -0.999900E+04   0.235753E+03  -0.999900E+04  -0.999900E+04  -0.999900E+04  -0.999900E+04   0.235702E+03   0.114000E+02   0.943019E+00   0.468586E+02   0.300000E+02   0.506532E-01  -0.999900E+04  -0.999900E+04  -0.999900E+04  -0.999900E+04   0.101195E+01  -0.999900E+04  -0.999900E+04  -0.999900E+04  -0.999900E+04
   0.100000E+01   0.100000E+01   0.980498E+03   0.432000E+05   0.100000E+01   0.100000E+01   0.980498E+03   0.432000E+05   0.235734E+03  -0.999900E+04  -0.999900E+04  -0.999900E+04  -0.999900E+04   0.235734E+03  -0.999900E+04  -0.999900E+04  -0.999900E+04  -0.999900E+04   0.235703E+03   0.114000E+02   0.867359E+00   0.468586E+02   0.300000E+02   0.312717E-01  -0.999900E+04  -0.999900E+04  -0.999900E+04  -0.999900E+04   0.624748E+00  -0.999900E+04  -0.999900E+04  -0.999900E+04  -0.999900E+04
   0.100000E+01   0.100000E+01   0.985340E+03   0.432000E+05   0.100000E+01   0.100000E+01   0.985340E+03   0.432000E+05   0.235736E+03  -0.999900E+04  -0.999900E+04  -0.999900E+04  -0.999900E+04   0.235736E+03  -0.999900E+04  -0.999900E+04  -0.999900E+04  -0.999900E+04   0.235705E+03   0.114000E+02   0.814891E+00   0.663394E+02   0.300000E+02   0.308914E-01  -0.999900E+04  -0.999900E+04  -0.999900E+04  -0.999900E+04   0.617149E+00  -0.999900E+04  -0.999900E+04  -0.999900E+04  -0.999900E+04
   0.100000E+01   0.100000E+01   0.990341E+03   0.432000E+05   0.100000E+01   0.100000E+01   0.990341E+03   0.432000E+05   0.235706E+03  -0.999900E+04  -0.999900E+04  -0.999900E+04  -0.999900E+04   0.235706E+03  -0.999900E+04  -0.999900E+04  -0.999900E+04  -0.999900E+04   0.235708E+03   0.114000E+02   0.764428E+00   0.663394E+02   0.300000E+02  -0.167212E-02  -0.999900E+04  -0.999900E+04  -0.999900E+04  -0.999900E+04  -0.334057E-01  -0.999900E+04  -0.999900E+04  -0.999900E+04  -0.999900E+04
   0.100000E+01   0.100000E+01   0.996731E+03   0.432000E+05   0.100000E+01   0.100000E+01   0.996731E+03   0.432000E+05   0.235709E+03  -0.999900E+04  -0.999900E+04  -0.999900E+04  -0.999900E+04   0.235709E+03  -0.999900E+04  -0.999900E+04  -0.999900E+04  -0.999900E+04   0.235710E+03   0.114000E+02   0.723923E+00   0.903586E+02   0.300000E+02  -0.548950E-03  -0.999900E+04  -0.999900E+04  -0.999900E+04  -0.999900E+04  -0.109670E-01  -0.999900E+04  -0.999900E+04  -0.999900E+04  -0.999900E+04
   0.100000E+01   0.100000E+01   0.100255E+04   0.432000E+05   0.100000E+01   0.100000E+01   0.100255E+04   0.432000E+05   0.235735E+03  -0.999900E+04  -0.999900E+04  -0.999900E+04  -0.999900E+04   0.235735E+03  -0.999900E+04  -0.999900E+04  -0.999900E+04  -0.999900E+04   0.235711E+03   0.114000E+02   0.697614E+00   0.903586E+02   0.300000E+02   0.242456E-01  -0.999900E+04  -0.999900E+04  -0.999900E+04  -0.999900E+04   0.484380E+00  -0.999900E+04  -0.999900E+04  -0.999900E+04  -0.999900E+04
   0.100000E+01   0.100000E+01   0.100924E+04   0.432000E+05   0.100000E+01   0.100000E+01   0.100924E+04   0.432000E+05   0.235718E+03  -0.999900E+04  -0.999900E+04  -0.999900E+04  -0.999900E+04   0.235718E+03  -0.999900E+04  -0.999900E+04  -0.999900E+04  -0.999900E+04   0.235713E+03   0.114000E+02   0.664044E+00   0.117712E+03   0.300000E+02   0.546033E-02  -0.999900E+04  -0.999900E+04  -0.999900E+04  -0.999900E+04   0.109087E+00  -0.999900E+04  -0.999900E+04  -0.999900E+04  -0.999900E+04
   0.100000E+01   0.100000E+01   0.101458E+04   0.432000E+05   0.100000E+01   0.100000E+01   0.101458E+04   0.432000E+05   0.235723E+03  -0.999900E+04  -0.999900E+04  -0.999900E+04  -0.999900E+04   0.235723E+03  -0.999900E+04  -0.999900E+04  -0.999900E+04  -0.999900E+04   0.235714E+03   0.114000E+02   0.636046E+00   0.145827E+03   0.300000E+02   0.891919E-02  -0.999900E+04  -0.999900E+04  -0.999900E+04  -0.999900E+04   0.178188E+00  -0.999900E+04  -0.999900E+04  -0.999900E+04  -0.999900E+04
   0.100000E+01   0.100000E+01   0.101971E+04   0.432000E+05   0.100000E+01   0.100000E+01   0.101971E+04   0.432000E+05   0.235749E+03  -0.999900E+04  -0.999900E+04  -0.999900E+04  -0.999900E+04   0.235749E+03  -0.999900E+04  -0.999900E+04  -0.999900E+04  -0.999900E+04   0.235716E+03   0.114000E+02   0.609183E+00   0.145827E+03   0.300000E+02   0.333933E-01  -0.999900E+04  -0.999900E+04  -0.999900E+04  -0.999900E+04   0.667133E+00  -0.999900E+04  -0.999900E+04  -0.999900E+04  -0.999900E+04
   0.100000E+01   0.100000E+01   0.102562E+04   0.432000E+05   0.100000E+01   0.100000E+01   0.102562E+04   0.432000E+05   0.235734E+03  -0.999900E+04  -0.999900E+04  -0.999900E+04  -0.999900E+04   0.235734E+03  -0.999900E+04  -0.999900E+04  -0.999900E+04  -0.999900E+04   0.235717E+03   0.114000E+02   0.589055E+00   0.170176E+03   0.300000E+02   0.173557E-01  -0.999900E+04  -0.999900E+04  -0.999900E+04  -0.999900E+04   0.346733E+00  -0.999900E+04  -0.999900E+04  -0.999900E+04  -0.999900E+04
   0.100000E+01   0.100000E+01   0.103119E+04   0.432000E+05   0.100000E+01   0.100000E+01   0.103119E+04   0.432000E+05   0.235719E+03  -0.999900E+04  -0.999900E+04  -0.999900E+04  -0.999900E+04   0.235719E+03  -0.999900E+04  -0.999900E+04  -0.999900E+04  -0.999900E+04   0.235717E+03   0.114000E+02   0.574249E+00   0.170176E+03   0.300000E+02   0.159277E-02  -0.999900E+04  -0.999900E+04  -0.999900E+04  -0.999900E+04   0.318205E-01  -0.999900E+04  -0.999900E+04  -0.999900E+04  -0.999900E+04
   0.100000E+01   0.100000E+01   0.103694E+04   0.432000E+05   0.100000E+01   0.100000E+01   0.103694E+04   0.432000E+05   0.235745E+03  -0.999900E+04  -0.999900E+04  -0.999900E+04  -0.999900E+04   0.235745E+03  -0.999900E+04  -0.999900E+04  -0.999900E+04  -0.999900E+04   0.235718E+03   0.114000E+02   0.558988E+00   0.183528E+03   0.300000E+02   0.268451E-01  -0.999900E+04  -0.999900E+04  -0.999900E+04  -0.999900E+04   0.536313E+00  -0.999900E+04  -0.999900E+04  -0.999900E+04  -0.999900E+04
   0.100000E+01   0.100000E+01   0.104365E+04   0.432000E+05   0.100000E+01   0.100000E+01   0.104365E+04   0.432000E+05   0.235700E+03  -0.999900E+04  -0.999900E+04  -0.999900E+04  -0.999900E+04   0.235700E+03  -0.999900E+04  -0.999900E+04  -0.999900E+04  -0.999900E+04   0.235719E+03   0.114000E+02   0.541332E+00   0.183528E+03   0.300000E+02  -0.190552E-01  -0.999900E+04  -0.999900E+04  -0.999900E+04  -0.999900E+04  -0.380685E+00  -0.999900E+04  -0.999900E+04  -0.999900E+04  -0.999900E+04
   0.100000E+01   0.100000E+01   0.105003E+04   0.432000E+05   0.100000E+01   0.100000E+01   0.105003E+04   0.432000E+05   0.235727E+03  -0.999900E+04  -0.999900E+04  -0.999900E+04  -0.999900E+04   0.235727E+03  -0.999900E+04  -0.999900E+04  -0.999900E+04  -0.999900E+04   0.235720E+03   0.114000E+02   0.527624E+00   0.175001E+03   0.300000E+02   0.730396E-02  -0.999900E+04  -0.999900E+04  -0.999900E+04  -0.999900E+04   0.145919E+00  -0.999900E+04  -0.999900E+04  -0.999900E+04  -0.999900E+04
   0.100000E+01   0.100000E+01   0.105693E+04   0.432000E+05   0.100000E+01   0.100000E+01   0.105693E+04   0.432000E+05   0.235724E+03  -0.999900E+04  -0.999900E+04  -0.999900E+04  -0.999900E+04   0.235724E+03  -0.999900E+04  -0.999900E+04  -0.999900E+04  -0.999900E+04   0.235720E+03   0.114000E+02   0.522833E+00   0.175001E+03   0.300000E+02   0.419714E-02  -0.999900E+04  -0.999900E+04  -0.999900E+04  -0.999900E+04   0.838507E-01  -0.999900E+04  -0.999900E+04  -0.999900E+04  -0.999900E+04
   0.100000E+01   0.100000E+01   0.106299E+04   0.432000E+05   0.100000E+01   0.100000E+01   0.106299E+04   0.432000E+05   0.235732E+03  -0.999900E+04  -0.999900E+04  -0.999900E+04  -0.999900E+04   0.235732E+03  -0.999900E+04  -0.999900E+04  -0.999900E+04  -0.999900E+04   0.235720E+03   0.114000E+02   0.518843E+00   0.128884E+03   0.300000E+02   0.121514E-01  -0.999900E+04  -0.999900E+04  -0.999900E+04  -0.999900E+04   0.242761E+00  -0.999900E+04  -0.999900E+04  -0.999900E+04  -0.999900E+04
   0.100000E+01   0.100000E+01   0.106879E+04   0.432000E+05   0.100000E+01   0.100000E+01   0.106879E+04   0.432000E+05   0.235712E+03  -0.999900E+04  -0.999900E+04  -0.999900E+04  -0.999900E+04   0.235712E+03  -0.999900E+04  -0.999900E+04  -0.999900E+04  -0.999900E+04   0.235717E+03   0.114000E+02   0.517298E+00   0.231811E+02   0.300000E+02  -0.537671E-02  -0.999900E+04  -0.999900E+04  -0.999900E+04  -0.999900E+04  -0.107416E+00  -0.999900E+04  -0.999900E+04  -0.999900E+04  -0.999900E+04
   0.100000E+01   0.100000E+01   0.107788E+04   0.432000E+05   0.100000E+01   0.100000E+01   0.107788E+04   0.432000E+05   0.235707E+03  -0.999900E+04  -0.999900E+04  -0.999900E+04  -0.999900E+04   0.235707E+03  -0.999900E+04  -0.999900E+04  -0.999900E+04  -0.999900E+04   0.235708E+03   0.114000E+02   0.519939E+00   0.231811E+02   0.300000E+02  -0.120618E-02  -0.999900E+04  -0.999900E+04  -0.999900E+04  -0.999900E+04  -0.240971E-01  -0.999900E+04  -0.999900E+04  -0.999900E+04  -0.999900E+04
