               Km_a0          Km_a1          Km_a2          Km_a3          Km_a4          Km_a5          Km_a6          Km_a7          Km_a8          Km_a9          Km_a10         Km_a11         Km_a12         Y1_intercept   Y2_intercept   Y3_intercept   Y4_intercept   Y5_intercept   
N                 0.320000E+03   0.320000E+03   0.320000E+03   0.320000E+03   0.320000E+03   0.320000E+03   0.320000E+03   0.320000E+03   0.320000E+03   0.320000E+03   0.320000E+03   0.320000E+03   0.320000E+03   0.320000E+03   0.320000E+03   0.320000E+03   0.320000E+03   0.320000E+03
Minimum           0.357108E+02   0.220160E+02   0.150273E+02   0.253748E+02   0.298257E+02   0.922003E+01  -0.120666E+02  -0.339959E+02  -0.468430E+02  -0.689669E+02  -0.443446E+02  -0.489324E+02  -0.394336E+02   0.346149E-05   0.167872E-04   0.791515E-04   0.413844E-04   0.177504E-04
Maximum           0.446292E+02   0.365768E+02   0.436466E+02   0.556661E+02   0.575513E+02   0.380199E+02   0.113351E+02  -0.140645E+01  -0.168128E+02  -0.343980E+02  -0.144267E+02  -0.727259E+01   0.294070E+01   0.121287E-01   0.671825E-01   0.787851E-01   0.483870E-01   0.438814E-01
Range             0.891840E+01   0.145608E+02   0.286193E+02   0.302913E+02   0.277256E+02   0.287999E+02   0.234017E+02   0.325894E+02   0.300302E+02   0.345689E+02   0.299179E+02   0.416598E+02   0.423743E+02   0.121252E-01   0.671657E-01   0.787059E-01   0.483456E-01   0.438636E-01
Mean              0.395094E+02   0.286846E+02   0.284661E+02   0.421789E+02   0.441576E+02   0.222419E+02  -0.152699E+01  -0.156852E+02  -0.316616E+02  -0.542229E+02  -0.283903E+02  -0.251910E+02  -0.221526E+02   0.361053E-02   0.924705E-02   0.102595E-01   0.101340E-01   0.100194E-01
Median            0.391664E+02   0.275387E+02   0.274821E+02   0.421222E+02   0.436447E+02   0.212552E+02  -0.161812E+01  -0.152052E+02  -0.312436E+02  -0.544187E+02  -0.284304E+02  -0.246848E+02  -0.216869E+02   0.311993E-02   0.709707E-02   0.715096E-02   0.754716E-02   0.734632E-02
Q10%              0.373534E+02   0.240055E+02   0.210868E+02   0.340386E+02   0.376382E+02   0.152564E+02  -0.709668E+01  -0.235484E+02  -0.406099E+02  -0.639348E+02  -0.358644E+02  -0.350643E+02  -0.323141E+02   0.574472E-03   0.932422E-03   0.125813E-02   0.961248E-03   0.100090E-02
Q25%              0.382096E+02   0.251631E+02   0.233763E+02   0.368728E+02   0.410006E+02   0.179030E+02  -0.426281E+01  -0.195627E+02  -0.367103E+02  -0.596461E+02  -0.325450E+02  -0.303203E+02  -0.271415E+02   0.164687E-02   0.271777E-02   0.325219E-02   0.283801E-02   0.316461E-02
Q75%              0.408740E+02   0.323640E+02   0.336869E+02   0.474894E+02   0.479963E+02   0.257405E+02   0.130795E+01  -0.113229E+02  -0.268586E+02  -0.489310E+02  -0.245404E+02  -0.202050E+02  -0.175936E+02   0.513720E-02   0.130440E-01   0.133253E-01   0.139413E-01   0.149050E-01
Q90%              0.421959E+02   0.342086E+02   0.368294E+02   0.507694E+02   0.518428E+02   0.319252E+02   0.358660E+01  -0.806365E+01  -0.231703E+02  -0.448115E+02  -0.205471E+02  -0.152584E+02  -0.123845E+02   0.701575E-02   0.202997E-01   0.255823E-01   0.236990E-01   0.225743E-01
St.Dev.           0.179428E+01   0.394672E+01   0.607248E+01   0.637727E+01   0.535864E+01   0.620822E+01   0.421812E+01   0.600563E+01   0.666624E+01   0.710569E+01   0.583402E+01   0.761817E+01   0.761621E+01   0.249395E-02   0.863704E-02   0.107209E-01   0.957853E-02   0.915831E-02
Variance          0.321945E+01   0.155766E+02   0.368750E+02   0.406695E+02   0.287151E+02   0.385419E+02   0.177925E+02   0.360676E+02   0.444387E+02   0.504908E+02   0.340358E+02   0.580366E+02   0.580067E+02   0.621981E-05   0.745985E-04   0.114937E-03   0.917482E-04   0.838746E-04
CV                0.454141E-01   0.137590E+00   0.213323E+00   0.151196E+00   0.121353E+00   0.279123E+00   0.276237E+01   0.382884E+00   0.210547E+00   0.131046E+00   0.205493E+00   0.302417E+00   0.343807E+00   0.690744E+00   0.934032E+00   0.104497E+01   0.945191E+00   0.914055E+00
Skewness          0.362807E+00   0.208402E+00   0.179675E+00  -0.985644E-01   0.158488E-01   0.504028E+00   0.140952E+00  -0.301698E+00  -0.152963E+00   0.177794E+00   0.207296E-01  -0.221908E+00   0.184825E+00   0.742491E+00   0.198462E+01   0.226897E+01   0.147045E+01   0.128295E+01
Kurtosis         -0.434305E+00  -0.135460E+01  -0.940545E+00  -0.832544E+00  -0.135803E+00  -0.338058E+00  -0.862546E-01  -0.169394E+00  -0.615475E+00  -0.543461E+00  -0.402736E+00  -0.224432E+00   0.152057E+00   0.122961E+00   0.725384E+01   0.769626E+01   0.211084E+01   0.126650E+01
MaxPost           0.382604E+02   0.247120E+02   0.252281E+02   0.381522E+02   0.413057E+02   0.172181E+02  -0.179760E+01  -0.160576E+02  -0.268686E+02  -0.506845E+02  -0.239094E+02  -0.219067E+02  -0.204710E+02   0.234457E-02   0.289607E-02   0.289592E-02   0.109453E-02   0.529868E-02
