1 -2.65546795805207e-15 0.456583635621152 -2.80405668116516e-15 0.402701826641637 -2.4586103851176e-15 -0.179227451555077 3.00779361464771e-15 -0.560519648560027 2.48448347705032e-15 0 0 0 0 0 0 0 0
-2.65484766654119e-15 1 -3.83807985359743e-15 0.935757265408319 -3.03363795560678e-15 0.829196588354629 4.0686771999407e-15 -0.898192054949112 2.55898121388301e-15 -0.955402436691996 0 0 0 0 0 0 0 0
0.456583635621152 -3.83807985359743e-15 1 -3.73182408336516e-15 0.54797781140855 -3.1906857328791e-15 -0.278852285162462 3.85432779501536e-15 -0.787867872308824 3.62714138820115e-15 0 0 0 0 0 0 0 0
-2.79794263007513e-15 0.935757265408319 -3.79667250620941e-15 1 -3.14192067314832e-15 0.823569344360837 4.03827223407939e-15 -0.913297414551407 2.75247922230755e-15 -0.961739189927006 0 0 0 0 0 0 0 0
0.402701826641637 -2.98452551049733e-15 0.54797781140855 -3.14192067314832e-15 1 -2.34586400576618e-15 -0.369726063284126 3.19266988751042e-15 -0.751429697538934 2.80507278698764e-15 0 0 0 0 0 0 0 0
-2.4586103851176e-15 0.829196588354629 -3.23541497212507e-15 0.823569344360837 -2.37326095765834e-15 1 3.27012123158795e-15 -0.868569716669701 2.22061832278631e-15 -0.872754158255956 0 0 0 0 0 0 0 0
-0.179227451555077 3.98996034963955e-15 -0.278852285162462 4.00008382958419e-15 -0.369726063284126 3.28015569837428e-15 1 -3.83920467382666e-15 -8.50687640857827e-16 -3.85216665056297e-15 0 0 0 0 0 0 0 0
2.99200726141354e-15 -0.898192054949112 3.85432779501536e-15 -0.913297414551407 3.19266988751042e-15 -0.8685697166697 -3.8517255207042e-15 1 -2.91466773929646e-15 0.864675402334233 0 0 0 0 0 0 0 0
-0.560519648560027 2.61348815098057e-15 -0.787867872308824 2.75247922230755e-15 -0.751429697538934 2.22061832278631e-15 -8.50931530663119e-16 -2.84235762553822e-15 1 -2.48833895233227e-15 0 0 0 0 0 0 0 0
2.5182926815122e-15 -0.955402436691996 3.61518819189596e-15 -0.961739189927006 2.78302275620964e-15 -0.872754158255956 -3.85931746605261e-15 0.864675402334233 -2.46103574676203e-15 1 0 0 0 0 0 0 0 0
0 0 0 0 0 0 0 0 0 0 1 0 0 0 0 0 0 0
0 0 0 0 0 0 0 0 0 0 0 1 0 0 0 0 0 0
0 0 0 0 0 0 0 0 0 0 0 0 1 0 0 0 0 0
0 0 0 0 0 0 0 0 0 0 0 0 0 1 0 0 0 0
0 0 0 0 0 0 0 0 0 0 0 0 0 0 1 0 0 0
0 0 0 0 0 0 0 0 0 0 0 0 0 0 0 1 0 0
0 0 0 0 0 0 0 0 0 0 0 0 0 0 0 0 1 0
0 0 0 0 0 0 0 0 0 0 0 0 0 0 0 0 0 1
