Km_SU1_Rh_a0  Km_SU2_Rh_a0  Km_SU1_Ai_a0  Y1_intercept  Y2_intercept  Y3_intercept  Y4_intercept  Y5_intercept  LogPost       
  0.360000E+02  0.310000E+02  0.190000E+02  0.100000E+00  0.100000E-01  0.100000E-01  0.100000E-01  0.100000E-01 -0.434150E+04
  0.388636E+02  0.310000E+02  0.190000E+02  0.100000E+00  0.100518E-01  0.939983E-02  0.891986E-02  0.100550E-01 -0.406441E+04
  0.388615E+02  0.310000E+02  0.190000E+02  0.101344E+00  0.936315E-02  0.939983E-02  0.965683E-02  0.995434E-02 -0.395288E+04
  0.388615E+02  0.310000E+02  0.190000E+02  0.101344E+00  0.937563E-02  0.806654E-02  0.778932E-02  0.120406E-01 -0.395277E+04
  0.388615E+02  0.308521E+02  0.190000E+02  0.101673E+00  0.994042E-02  0.658954E-02  0.644151E-02  0.118484E-01 -0.391559E+04
  0.388615E+02  0.308521E+02  0.190000E+02  0.103908E+00  0.109907E-01  0.756916E-02  0.644151E-02  0.118256E-01 -0.374146E+04
  0.388615E+02  0.308521E+02  0.190000E+02  0.103908E+00  0.114804E-01  0.819995E-02  0.651289E-02  0.127731E-01 -0.374168E+04
  0.388615E+02  0.308521E+02  0.190000E+02  0.103908E+00  0.121836E-01  0.692750E-02  0.702307E-02  0.138095E-01 -0.374178E+04
  0.398249E+02  0.308521E+02  0.190000E+02  0.105266E+00  0.107727E-01  0.787123E-02  0.789059E-02  0.127231E-01 -0.362311E+04
  0.398249E+02  0.308521E+02  0.190000E+02  0.105266E+00  0.941653E-02  0.659348E-02  0.821685E-02  0.127231E-01 -0.362288E+04
  0.398249E+02  0.308521E+02  0.190000E+02  0.105930E+00  0.106657E-01  0.699034E-02  0.765101E-02  0.123798E-01 -0.357530E+04
  0.398249E+02  0.276082E+02  0.194128E+02  0.106116E+00  0.126276E-01  0.789040E-02  0.737855E-02  0.134354E-01 -0.341992E+04
  0.398249E+02  0.276082E+02  0.194128E+02  0.106116E+00  0.128773E-01  0.510761E-02  0.679259E-02  0.134354E-01 -0.341961E+04
  0.398249E+02  0.276082E+02  0.194128E+02  0.107064E+00  0.129528E-01  0.663611E-02  0.684177E-02  0.145017E-01 -0.335597E+04
  0.398249E+02  0.276082E+02  0.194128E+02  0.107064E+00  0.106835E-01  0.555018E-02  0.739246E-02  0.169552E-01 -0.335594E+04
  0.398249E+02  0.276082E+02  0.194128E+02  0.108897E+00  0.989158E-02  0.516468E-02  0.107502E-01  0.171012E-01 -0.323730E+04
  0.398249E+02  0.276082E+02  0.194128E+02  0.110641E+00  0.994610E-02  0.485007E-02  0.967997E-02  0.170279E-01 -0.312932E+04
  0.402268E+02  0.276082E+02  0.194128E+02  0.111532E+00  0.962258E-02  0.427667E-02  0.835231E-02  0.165446E-01 -0.307609E+04
  0.402268E+02  0.276082E+02  0.194128E+02  0.112110E+00  0.844066E-02  0.501369E-02  0.985177E-02  0.152814E-01 -0.304225E+04
  0.402268E+02  0.266843E+02  0.194128E+02  0.112396E+00  0.751650E-02  0.326113E-02  0.949407E-02  0.154861E-01 -0.302165E+04
  0.404422E+02  0.266843E+02  0.197105E+02  0.112396E+00  0.592734E-02  0.228343E-02  0.929466E-02  0.131061E-01 -0.302019E+04
  0.404422E+02  0.266843E+02  0.197105E+02  0.112490E+00  0.635065E-02  0.236773E-02  0.926403E-02  0.120364E-01 -0.301472E+04
  0.404422E+02  0.266843E+02  0.197105E+02  0.112490E+00  0.489124E-02  0.278085E-02  0.783267E-02  0.123147E-01 -0.301450E+04
  0.404422E+02  0.266843E+02  0.197105E+02  0.112490E+00  0.481464E-02  0.384723E-02  0.800999E-02  0.119138E-01 -0.301458E+04
  0.404422E+02  0.266843E+02  0.197105E+02  0.116115E+00  0.574746E-02  0.340992E-02  0.388688E-02  0.120935E-01 -0.281554E+04
  0.404422E+02  0.266843E+02  0.197105E+02  0.117324E+00  0.654859E-02  0.261246E-02  0.619209E-02  0.110693E-01 -0.275336E+04
  0.404422E+02  0.266843E+02  0.197105E+02  0.117324E+00  0.684513E-02  0.286114E-02  0.447691E-02  0.106346E-01 -0.275320E+04
  0.404422E+02  0.266843E+02  0.197105E+02  0.117324E+00  0.652183E-02  0.344459E-02  0.462275E-02  0.105227E-01 -0.275323E+04
  0.404422E+02  0.266843E+02  0.204400E+02  0.117828E+00  0.653376E-02  0.585777E-02  0.483776E-02  0.855971E-02 -0.272678E+04
  0.404422E+02  0.266843E+02  0.204400E+02  0.117817E+00  0.789958E-02  0.587539E-02  0.517068E-02  0.879930E-02 -0.272749E+04
  0.401384E+02  0.266843E+02  0.204400E+02  0.119216E+00  0.707176E-02  0.624163E-02  0.421441E-02  0.995970E-02 -0.265689E+04
  0.401384E+02  0.266843E+02  0.197129E+02  0.119857E+00  0.453405E-02  0.608715E-02  0.226808E-02  0.901822E-02 -0.262671E+04
  0.401384E+02  0.268150E+02  0.197129E+02  0.119857E+00  0.528915E-02  0.628163E-02  0.129632E-02  0.890970E-02 -0.262627E+04
  0.402150E+02  0.268150E+02  0.198768E+02  0.119857E+00  0.265244E-02  0.614452E-02  0.177635E-02  0.937810E-02 -0.262583E+04
  0.402150E+02  0.268150E+02  0.198768E+02  0.119857E+00  0.152368E-02  0.511294E-02  0.182645E-02  0.948364E-02 -0.262563E+04
  0.402150E+02  0.268150E+02  0.198768E+02  0.120255E+00  0.172438E-02  0.765251E-02  0.162344E-02  0.836999E-02 -0.260695E+04
  0.402150E+02  0.268150E+02  0.200503E+02  0.120272E+00  0.725912E-03  0.876187E-02  0.772027E-03  0.947020E-02 -0.260599E+04
  0.402150E+02  0.268150E+02  0.200503E+02  0.120272E+00  0.725912E-03  0.846986E-02  0.772027E-03  0.818020E-02 -0.260583E+04
  0.402150E+02  0.268150E+02  0.200503E+02  0.120660E+00  0.367129E-02  0.734199E-02  0.772027E-03  0.739118E-02 -0.258778E+04
  0.402150E+02  0.268150E+02  0.202999E+02  0.120660E+00  0.348024E-02  0.700015E-02  0.643732E-03  0.726683E-02 -0.258758E+04
  0.402150E+02  0.265430E+02  0.202999E+02  0.120660E+00  0.348024E-02  0.896160E-02  0.643732E-03  0.804909E-02 -0.258882E+04
  0.402150E+02  0.265151E+02  0.202999E+02  0.121457E+00  0.341438E-02  0.817712E-02  0.643732E-03  0.804909E-02 -0.255207E+04
  0.402150E+02  0.265151E+02  0.203599E+02  0.123803E+00  0.480688E-02  0.100857E-01  0.656572E-03  0.757816E-02 -0.244804E+04
  0.402150E+02  0.265151E+02  0.203599E+02  0.124488E+00  0.271926E-02  0.939979E-02  0.132514E-02  0.890916E-02 -0.241866E+04
  0.402150E+02  0.265151E+02  0.203599E+02  0.125910E+00  0.234216E-02  0.107945E-01  0.288466E-02  0.931911E-02 -0.235965E+04
  0.402150E+02  0.265151E+02  0.203599E+02  0.127927E+00  0.130565E-03  0.117829E-01  0.723097E-03  0.782918E-02 -0.227838E+04
  0.402150E+02  0.265151E+02  0.203599E+02  0.128355E+00  0.130565E-03  0.962234E-02  0.723097E-03  0.782918E-02 -0.226154E+04
  0.402150E+02  0.265151E+02  0.203599E+02  0.130057E+00  0.130565E-03  0.105375E-01  0.723097E-03  0.782918E-02 -0.219708E+04
  0.402150E+02  0.265151E+02  0.203599E+02  0.130057E+00  0.130565E-03  0.108565E-01  0.488234E-03  0.471315E-02 -0.219678E+04
  0.402150E+02  0.265151E+02  0.203599E+02  0.132036E+00  0.154041E-02  0.988171E-02  0.488234E-03  0.475160E-02 -0.212492E+04
  0.402150E+02  0.265151E+02  0.203599E+02  0.132036E+00  0.194160E-02  0.101263E-01  0.213578E-02  0.657487E-02 -0.212533E+04
  0.402150E+02  0.265151E+02  0.203599E+02  0.132036E+00  0.194160E-02  0.958846E-02  0.281895E-02  0.574178E-02 -0.212526E+04
  0.402150E+02  0.265151E+02  0.203599E+02  0.132036E+00  0.385003E-02  0.113129E-01  0.281895E-02  0.567839E-02 -0.212562E+04
  0.402150E+02  0.265151E+02  0.203599E+02  0.132647E+00  0.166180E-02  0.120770E-01  0.183514E-02  0.474872E-02 -0.210375E+04
  0.402150E+02  0.268446E+02  0.203599E+02  0.132647E+00  0.166180E-02  0.119299E-01  0.193327E-02  0.655072E-02 -0.210310E+04
  0.402150E+02  0.268446E+02  0.203599E+02  0.132647E+00  0.945035E-03  0.142954E-01  0.366822E-02  0.403624E-02 -0.210318E+04
  0.402150E+02  0.268446E+02  0.203599E+02  0.132647E+00  0.814071E-03  0.159372E-01  0.602663E-02  0.200848E-02 -0.210337E+04
  0.402150E+02  0.268446E+02  0.204082E+02  0.132647E+00  0.327746E-02  0.130071E-01  0.462813E-02  0.278214E-02 -0.210323E+04
  0.402150E+02  0.268446E+02  0.204082E+02  0.132647E+00  0.433378E-02  0.132416E-01  0.634737E-02  0.139683E-02 -0.210339E+04
  0.400208E+02  0.268446E+02  0.204082E+02  0.132647E+00  0.507457E-02  0.130445E-01  0.463698E-02  0.344774E-02 -0.210319E+04
  0.400208E+02  0.268446E+02  0.204082E+02  0.134321E+00  0.516434E-02  0.122208E-01  0.532692E-02  0.295953E-02 -0.204570E+04
  0.400208E+02  0.268446E+02  0.204082E+02  0.134321E+00  0.375811E-02  0.110877E-01  0.385521E-02  0.474035E-02 -0.204548E+04
  0.400208E+02  0.267850E+02  0.204082E+02  0.136177E+00  0.398964E-02  0.103190E-01  0.464982E-02  0.509582E-02 -0.198430E+04
  0.400208E+02  0.267850E+02  0.204082E+02  0.136177E+00  0.300384E-02  0.957340E-02  0.219762E-02  0.214957E-02 -0.198359E+04
  0.404116E+02  0.267850E+02  0.204082E+02  0.136177E+00  0.300384E-02  0.472960E-02  0.441746E-03  0.354515E-04 -0.198399E+04
  0.404116E+02  0.267850E+02  0.204082E+02  0.137424E+00  0.375242E-02  0.466333E-02  0.194604E-02  0.120181E-02 -0.194461E+04
  0.400771E+02  0.267850E+02  0.204082E+02  0.137424E+00  0.427338E-02  0.524580E-02  0.394405E-02  0.120181E-02 -0.194368E+04
  0.400771E+02  0.267850E+02  0.204082E+02  0.137424E+00  0.427338E-02  0.262296E-02  0.438725E-02  0.120181E-02 -0.194346E+04
  0.400771E+02  0.267850E+02  0.204082E+02  0.137424E+00  0.845183E-03  0.241510E-02  0.486048E-02  0.268313E-02 -0.194329E+04
  0.400771E+02  0.267850E+02  0.204082E+02  0.137629E+00  0.413224E-02  0.166005E-02  0.248716E-02  0.313760E-02 -0.193695E+04
  0.400771E+02  0.267850E+02  0.204082E+02  0.137629E+00  0.441527E-02  0.239537E-02  0.248716E-02  0.900559E-03 -0.193683E+04
  0.400771E+02  0.267850E+02  0.204082E+02  0.137629E+00  0.480108E-02  0.239537E-02  0.248716E-02  0.191574E-02 -0.193697E+04
  0.400771E+02  0.267850E+02  0.204082E+02  0.137629E+00  0.447520E-02  0.306107E-02  0.129289E-02  0.310557E-02 -0.193700E+04
  0.400771E+02  0.267850E+02  0.204082E+02  0.137629E+00  0.537843E-02  0.306107E-02  0.236974E-02  0.310557E-02 -0.193720E+04
  0.400771E+02  0.267850E+02  0.204082E+02  0.138563E+00  0.495572E-02  0.234655E-02  0.199985E-02  0.319523E-02 -0.190818E+04
  0.400771E+02  0.267850E+02  0.204082E+02  0.138658E+00  0.495572E-02  0.234655E-02  0.199985E-02  0.284683E-03 -0.190498E+04
  0.400771E+02  0.267850E+02  0.204082E+02  0.138972E+00  0.405676E-02  0.168833E-02  0.100656E-02  0.284683E-03 -0.189517E+04
  0.400771E+02  0.267850E+02  0.204082E+02  0.138972E+00  0.563717E-02  0.302502E-02  0.100656E-02  0.284683E-03 -0.189546E+04
  0.400771E+02  0.267850E+02  0.204082E+02  0.140145E+00  0.697674E-02  0.272901E-02  0.328838E-03  0.686622E-03 -0.186045E+04
  0.400771E+02  0.267850E+02  0.204082E+02  0.140145E+00  0.109078E-01  0.279898E-02  0.328838E-03  0.413160E-02 -0.186119E+04
  0.400771E+02  0.267850E+02  0.204082E+02  0.140145E+00  0.831037E-02  0.102160E-02  0.328838E-03  0.413160E-02 -0.186075E+04
  0.400771E+02  0.267850E+02  0.204082E+02  0.140737E+00  0.845246E-02  0.164840E-02  0.831808E-03  0.438718E-02 -0.184352E+04
  0.400771E+02  0.267850E+02  0.204082E+02  0.140737E+00  0.449012E-02  0.865343E-03  0.831808E-03  0.700364E-02 -0.184331E+04
  0.400771E+02  0.267850E+02  0.193849E+02  0.140737E+00  0.460662E-02  0.228952E-02  0.326730E-02  0.630096E-02 -0.184615E+04
  0.400771E+02  0.271614E+02  0.206110E+02  0.141104E+00  0.535136E-02  0.228952E-02  0.571694E-02  0.779243E-02 -0.183591E+04
  0.400771E+02  0.272049E+02  0.206110E+02  0.141381E+00  0.424906E-02  0.367123E-02  0.565706E-02  0.998950E-02 -0.182843E+04
  0.400771E+02  0.272049E+02  0.205494E+02  0.142309E+00  0.203769E-02  0.338219E-02  0.531680E-02  0.887314E-02 -0.180102E+04
  0.400771E+02  0.272049E+02  0.205494E+02  0.142312E+00  0.203769E-02  0.934977E-03  0.869416E-02  0.108638E-01 -0.180122E+04
  0.400771E+02  0.272049E+02  0.202742E+02  0.143360E+00  0.203769E-02  0.450249E-03  0.894248E-02  0.743841E-02 -0.177151E+04
  0.400771E+02  0.272049E+02  0.202742E+02  0.143360E+00  0.360584E-02  0.450249E-03  0.567794E-02  0.940400E-02 -0.177154E+04
  0.397919E+02  0.272049E+02  0.197831E+02  0.143360E+00  0.440574E-02  0.450249E-03  0.565402E-02  0.125076E-01 -0.177136E+04
  0.397919E+02  0.272049E+02  0.197831E+02  0.143360E+00  0.404593E-02  0.350882E-02  0.772196E-02  0.147163E-01 -0.177205E+04
  0.397919E+02  0.272049E+02  0.200212E+02  0.145120E+00  0.381523E-02  0.225503E-02  0.586334E-02  0.134595E-01 -0.172410E+04
  0.397919E+02  0.272049E+02  0.200212E+02  0.145120E+00  0.381523E-02  0.618590E-03  0.983686E-02  0.149974E-01 -0.172449E+04
  0.397919E+02  0.263679E+02  0.200212E+02  0.145120E+00  0.197441E-02  0.442080E-03  0.145437E-01  0.176149E-01 -0.172565E+04
  0.397919E+02  0.263679E+02  0.200212E+02  0.145290E+00  0.932932E-03  0.442080E-03  0.138624E-01  0.121506E-01 -0.172044E+04
  0.397919E+02  0.272399E+02  0.200212E+02  0.145290E+00  0.230138E-02  0.167245E-02  0.138624E-01  0.113664E-01 -0.172017E+04
  0.401785E+02  0.269892E+02  0.200212E+02  0.145290E+00  0.500035E-02  0.472250E-03  0.132230E-01  0.122007E-01 -0.171927E+04
  0.401785E+02  0.269892E+02  0.200212E+02  0.145966E+00  0.312942E-02  0.472250E-03  0.864764E-02  0.875370E-02 -0.170055E+04
  0.401785E+02  0.268118E+02  0.200212E+02  0.146809E+00  0.510256E-02  0.472250E-03  0.866649E-02  0.766153E-02 -0.167879E+04
  0.402151E+02  0.268118E+02  0.200212E+02  0.146809E+00  0.547013E-02  0.472250E-03  0.108789E-01  0.598670E-02 -0.167899E+04
