1 1.97750303201726e-15 0.175278649227316 2.03803740967737e-15 0.0482255924428703 -1.09246434048672e-15 -0.358066947286275 -1.72190357095068e-15 0 0 0 0 0 0 0 0
1.97750303201726e-15 1 2.96335527100828e-15 0.707391234132834 -4.40385603040464e-16 -0.0513245583033943 -2.24234594855314e-15 -0.838630394269077 0 0 0 0 0 0 0 0
0.175278649227316 2.96335527100828e-15 1 2.51772439409578e-15 0.0254635135979912 -7.9586091983779e-16 -0.625622550348047 -2.49260655561074e-15 0 0 0 0 0 0 0 0
2.03803740967737e-15 0.707391234132834 2.50508521541056e-15 1 -9.80999228613823e-16 -0.136827968581842 -1.5255820780415e-15 -0.861591190050075 0 0 0 0 0 0 0 0
0.0482255924428703 -4.40385603040464e-16 0.0254635135979912 -9.4175925946927e-16 1 -4.11808904090556e-16 -0.606976978666884 9.56654440357067e-16 0 0 0 0 0 0 0 0
-1.04909106642273e-15 -0.0513245583033943 -8.3565396582968e-16 -0.136827968581842 -4.16098580174833e-16 1 9.22280001834016e-16 -0.20451184576213 0 0 0 0 0 0 0 0
-0.358066947286275 -2.24234594855314e-15 -0.625622550348047 -1.58099482094426e-15 -0.606976978666884 9.22280001834016e-16 1 1.54321906765978e-15 0 0 0 0 0 0 0 0
-1.68247634344763e-15 -0.838630394269077 -2.48006870014685e-15 -0.861591190050075 1.0284623823527e-15 -0.20451184576213 1.54308053812049e-15 1 0 0 0 0 0 0 0 0
0 0 0 0 0 0 0 0 1 0 0 0 0 0 0 0
0 0 0 0 0 0 0 0 0 1 0 0 0 0 0 0
0 0 0 0 0 0 0 0 0 0 1 0 0 0 0 0
0 0 0 0 0 0 0 0 0 0 0 1 0 0 0 0
0 0 0 0 0 0 0 0 0 0 0 0 1 0 0 0
0 0 0 0 0 0 0 0 0 0 0 0 0 1 0 0
0 0 0 0 0 0 0 0 0 0 0 0 0 0 1 0
0 0 0 0 0 0 0 0 0 0 0 0 0 0 0 1
