event	reach	x	t	WSE	Q	V	Kmin	Kflood	Yu_WSE	Yu_Q	Yu_V	Yu_Kmin	Yu_Kflood
1	6	22416.5	259230	210.445	-9999	-9999	-9999	-9999	0.025	-9999	-9999	-9999	-9999
1	6	22500	259266	210.3875	-9999	-9999	-9999	-9999	0.025	-9999	-9999	-9999	-9999
1	6	22624.666667	259301	210.3	-9999	-9999	-9999	-9999	0.025	-9999	-9999	-9999	-9999
1	6	22749.333333	259343	210.17	-9999	-9999	-9999	-9999	0.025	-9999	-9999	-9999	-9999
1	6	22874	259376	210.0275	-9999	-9999	-9999	-9999	0.025	-9999	-9999	-9999	-9999
1	6	23001.5	259413	209.945	-9999	-9999	-9999	-9999	0.025	-9999	-9999	-9999	-9999
1	6	23129	259441	209.865	-9999	-9999	-9999	-9999	0.025	-9999	-9999	-9999	-9999
1	6	23228	259478	209.765	-9999	-9999	-9999	-9999	0.025	-9999	-9999	-9999	-9999
1	6	23322.5	259498	209.775	-9999	-9999	-9999	-9999	0.025	-9999	-9999	-9999	-9999
1	6	23417	259528	209.7625	-9999	-9999	-9999	-9999	0.025	-9999	-9999	-9999	-9999
1	6	23517.714286	259556	209.6475	-9999	-9999	-9999	-9999	0.025	-9999	-9999	-9999	-9999
1	6	23618.428571	259586	209.6275	-9999	-9999	-9999	-9999	0.025	-9999	-9999	-9999	-9999
1	6	23719.142857	259629	209.375	-9999	-9999	-9999	-9999	0.025	-9999	-9999	-9999	-9999
1	6	23819.857143	259669	208.7975	-9999	-9999	-9999	-9999	0.025	-9999	-9999	-9999	-9999
1	6	23920.571429	259694	208.48	-9999	-9999	-9999	-9999	0.025	-9999	-9999	-9999	-9999
1	6	24021.285714	259724	208.365	-9999	-9999	-9999	-9999	0.025	-9999	-9999	-9999	-9999
1	6	24122	259767	208.0825	-9999	-9999	-9999	-9999	0.025	-9999	-9999	-9999	-9999
1	6	24213.5	259794	207.875	-9999	-9999	-9999	-9999	0.025	-9999	-9999	-9999	-9999
1	6	24305	259832	207.6575	-9999	-9999	-9999	-9999	0.025	-9999	-9999	-9999	-9999
1	6	24430.333333	259864	207.5775	-9999	-9999	-9999	-9999	0.025	-9999	-9999	-9999	-9999
1	6	24555.666667	259917	207.485	-9999	-9999	-9999	-9999	0.025	-9999	-9999	-9999	-9999
1	6	24681	259954	207.37	-9999	-9999	-9999	-9999	0.025	-9999	-9999	-9999	-9999
1	6	24796.25	259985	207.255	-9999	-9999	-9999	-9999	0.025	-9999	-9999	-9999	-9999
1	6	24911.5	260020	207.1	-9999	-9999	-9999	-9999	0.025	-9999	-9999	-9999	-9999
1	6	25026.75	260050	206.975	-9999	-9999	-9999	-9999	0.025	-9999	-9999	-9999	-9999
1	6	25142	260085	206.7675	-9999	-9999	-9999	-9999	0.025	-9999	-9999	-9999	-9999
1	6	25245.666667	260115	206.7475	-9999	-9999	-9999	-9999	0.025	-9999	-9999	-9999	-9999
1	6	25349.333333	260145	206.67	-9999	-9999	-9999	-9999	0.025	-9999	-9999	-9999	-9999
1	6	25453	260178	206.61	-9999	-9999	-9999	-9999	0.025	-9999	-9999	-9999	-9999
1	6	25556.666667	260220	206.4825	-9999	-9999	-9999	-9999	0.025	-9999	-9999	-9999	-9999
1	6	25660.333333	260244	206.3425	-9999	-9999	-9999	-9999	0.025	-9999	-9999	-9999	-9999
1	6	25764	260286	206.1825	-9999	-9999	-9999	-9999	0.025	-9999	-9999	-9999	-9999
1	6	25868.2	260334	206.07	-9999	-9999	-9999	-9999	0.025	-9999	-9999	-9999	-9999
1	6	25972.4	260381	205.9025	-9999	-9999	-9999	-9999	0.025	-9999	-9999	-9999	-9999
1	6	26076.6	260406	205.8825	-9999	-9999	-9999	-9999	0.025	-9999	-9999	-9999	-9999
1	6	26180.8	260439	205.805	-9999	-9999	-9999	-9999	0.025	-9999	-9999	-9999	-9999
1	6	26285	260471	205.7625	-9999	-9999	-9999	-9999	0.025	-9999	-9999	-9999	-9999
1	6	26409.666667	260516	205.7075	-9999	-9999	-9999	-9999	0.025	-9999	-9999	-9999	-9999
1	6	26534.333333	260551	205.635	-9999	-9999	-9999	-9999	0.025	-9999	-9999	-9999	-9999
1	6	26659	260590	205.2125	-9999	-9999	-9999	-9999	0.025	-9999	-9999	-9999	-9999
1	6	26778.25	260632	205.1075	-9999	-9999	-9999	-9999	0.025	-9999	-9999	-9999	-9999
1	6	26897.5	260677	204.94	-9999	-9999	-9999	-9999	0.025	-9999	-9999	-9999	-9999
1	6	27016.75	260707	204.8925	-9999	-9999	-9999	-9999	0.025	-9999	-9999	-9999	-9999
1	6	27136	260750	204.85	-9999	-9999	-9999	-9999	0.025	-9999	-9999	-9999	-9999
1	6	27282.5	260795	204.835	-9999	-9999	-9999	-9999	0.025	-9999	-9999	-9999	-9999
1	6	27429	260851	204.62	-9999	-9999	-9999	-9999	0.025	-9999	-9999	-9999	-9999
1	6	27561.666667	260888	204.45	-9999	-9999	-9999	-9999	0.025	-9999	-9999	-9999	-9999
1	6	27694.333333	260926	203.84	-9999	-9999	-9999	-9999	0.025	-9999	-9999	-9999	-9999
1	6	27827	260958	203.39	-9999	-9999	-9999	-9999	0.025	-9999	-9999	-9999	-9999
1	6	27957	261001	203.1975	-9999	-9999	-9999	-9999	0.025	-9999	-9999	-9999	-9999
1	6	28116	261061	203.0025	-9999	-9999	-9999	-9999	0.025	-9999	-9999	-9999	-9999
1	6	28223.25	261106	202.92	-9999	-9999	-9999	-9999	0.025	-9999	-9999	-9999	-9999
1	6	28330.5	261138	202.895	-9999	-9999	-9999	-9999	0.025	-9999	-9999	-9999	-9999
1	6	28437.75	261161	202.8725	-9999	-9999	-9999	-9999	0.025	-9999	-9999	-9999	-9999
1	6	28545	261193	202.8075	-9999	-9999	-9999	-9999	0.025	-9999	-9999	-9999	-9999
1	6	28652.25	261233	202.75	-9999	-9999	-9999	-9999	0.025	-9999	-9999	-9999	-9999
1	6	28759.5	261256	202.72	-9999	-9999	-9999	-9999	0.025	-9999	-9999	-9999	-9999
1	6	28866.75	261298	202.6625	-9999	-9999	-9999	-9999	0.025	-9999	-9999	-9999	-9999
1	6	28974	261329	202.56	-9999	-9999	-9999	-9999	0.025	-9999	-9999	-9999	-9999
1	6	29121	261377	202.36	-9999	-9999	-9999	-9999	0.025	-9999	-9999	-9999	-9999
1	6	29203.5	261397	202.2975	-9999	-9999	-9999	-9999	0.025	-9999	-9999	-9999	-9999
1	6	29286	261424	202.225	-9999	-9999	-9999	-9999	0.025	-9999	-9999	-9999	-9999
1	6	29387.75	261467	202.0775	-9999	-9999	-9999	-9999	0.025	-9999	-9999	-9999	-9999
1	6	29489.5	261489	201.6575	-9999	-9999	-9999	-9999	0.025	-9999	-9999	-9999	-9999
1	6	29591.25	261519	201.12	-9999	-9999	-9999	-9999	0.025	-9999	-9999	-9999	-9999
1	6	29693	261552	201.11	-9999	-9999	-9999	-9999	0.025	-9999	-9999	-9999	-9999
1	6	29806.333333	261592	201.02	-9999	-9999	-9999	-9999	0.025	-9999	-9999	-9999	-9999
1	6	29919.666667	261617	200.82	-9999	-9999	-9999	-9999	0.025	-9999	-9999	-9999	-9999
1	6	30033	261659	200.7	-9999	-9999	-9999	-9999	0.025	-9999	-9999	-9999	-9999
1	6	30124	261688	200.6225	-9999	-9999	-9999	-9999	0.025	-9999	-9999	-9999	-9999
1	6	30215	261708	200.6225	-9999	-9999	-9999	-9999	0.025	-9999	-9999	-9999	-9999
1	6	30321.333333	261740	200.54	-9999	-9999	-9999	-9999	0.025	-9999	-9999	-9999	-9999
1	6	30427.666667	261785	200.2975	-9999	-9999	-9999	-9999	0.025	-9999	-9999	-9999	-9999
1	6	30534	261813	200.0125	-9999	-9999	-9999	-9999	0.025	-9999	-9999	-9999	-9999
1	6	30688	261848	199.705	-9999	-9999	-9999	-9999	0.025	-9999	-9999	-9999	-9999
1	6	30771	261873	199.585	-9999	-9999	-9999	-9999	0.025	-9999	-9999	-9999	-9999
1	6	30858	261905	199.44	-9999	-9999	-9999	-9999	0.025	-9999	-9999	-9999	-9999
1	6	31099	261973	199.295	-9999	-9999	-9999	-9999	0.025	-9999	-9999	-9999	-9999
1	6	31278	262034	199.0625	-9999	-9999	-9999	-9999	0.025	-9999	-9999	-9999	-9999
1	6	31349.5	262044	198.9875	-9999	-9999	-9999	-9999	0.025	-9999	-9999	-9999	-9999
1	6	31421	262069	198.93	-9999	-9999	-9999	-9999	0.025	-9999	-9999	-9999	-9999
1	6	31494	262079	198.875	-9999	-9999	-9999	-9999	0.025	-9999	-9999	-9999	-9999
1	6	31567	262099	198.77	-9999	-9999	-9999	-9999	0.025	-9999	-9999	-9999	-9999
1	6	31640	262121	198.78	-9999	-9999	-9999	-9999	0.025	-9999	-9999	-9999	-9999
1	6	31713	262141	198.735	-9999	-9999	-9999	-9999	0.025	-9999	-9999	-9999	-9999
1	6	31769.25	262159	198.705	-9999	-9999	-9999	-9999	0.025	-9999	-9999	-9999	-9999
1	6	31825.5	262176	198.6875	-9999	-9999	-9999	-9999	0.025	-9999	-9999	-9999	-9999
1	6	31881.75	262201	198.655	-9999	-9999	-9999	-9999	0.025	-9999	-9999	-9999	-9999
1	6	31938	262209	198.635	-9999	-9999	-9999	-9999	0.025	-9999	-9999	-9999	-9999
1	6	31992.5	262224	198.595	-9999	-9999	-9999	-9999	0.025	-9999	-9999	-9999	-9999
1	6	32047	262249	198.56	-9999	-9999	-9999	-9999	0.025	-9999	-9999	-9999	-9999
1	6	32101.5	262264	198.5375	-9999	-9999	-9999	-9999	0.025	-9999	-9999	-9999	-9999
1	6	32156	262280	198.5175	-9999	-9999	-9999	-9999	0.025	-9999	-9999	-9999	-9999
1	6	32210.5	262287	198.455	-9999	-9999	-9999	-9999	0.025	-9999	-9999	-9999	-9999
1	6	32265	262302	198.4275	-9999	-9999	-9999	-9999	0.025	-9999	-9999	-9999	-9999
1	6	32316	262325	198.3975	-9999	-9999	-9999	-9999	0.025	-9999	-9999	-9999	-9999
1	6	32407	262355	198.3125	-9999	-9999	-9999	-9999	0.025	-9999	-9999	-9999	-9999
1	6	32486	262367	198.235	-9999	-9999	-9999	-9999	0.025	-9999	-9999	-9999	-9999
1	6	32571	262400	198.065	-9999	-9999	-9999	-9999	0.025	-9999	-9999	-9999	-9999
1	6	32640	262420	197.9125	-9999	-9999	-9999	-9999	0.025	-9999	-9999	-9999	-9999
1	6	32709	262442	197.62	-9999	-9999	-9999	-9999	0.025	-9999	-9999	-9999	-9999
1	6	32766	262460	197.4775	-9999	-9999	-9999	-9999	0.025	-9999	-9999	-9999	-9999
1	6	32823	262480	197.425	-9999	-9999	-9999	-9999	0.025	-9999	-9999	-9999	-9999
1	6	32880	262490	197.3675	-9999	-9999	-9999	-9999	0.025	-9999	-9999	-9999	-9999
1	6	32947.75	262518	197.2575	-9999	-9999	-9999	-9999	0.025	-9999	-9999	-9999	-9999
1	6	33015.5	262538	197.1825	-9999	-9999	-9999	-9999	0.025	-9999	-9999	-9999	-9999
1	6	33083.25	262548	197.125	-9999	-9999	-9999	-9999	0.025	-9999	-9999	-9999	-9999
1	6	33151	262566	197.045	-9999	-9999	-9999	-9999	0.025	-9999	-9999	-9999	-9999
1	6	33204.5	262588	197.005	-9999	-9999	-9999	-9999	0.025	-9999	-9999	-9999	-9999
1	6	33258	262603	196.9825	-9999	-9999	-9999	-9999	0.025	-9999	-9999	-9999	-9999
1	6	33316.5	262621	196.9425	-9999	-9999	-9999	-9999	0.025	-9999	-9999	-9999	-9999
1	6	33375	262628	196.8	-9999	-9999	-9999	-9999	0.025	-9999	-9999	-9999	-9999
1	6	33492	262668	196.5125	-9999	-9999	-9999	-9999	0.025	-9999	-9999	-9999	-9999
1	6	33664	262701	196.18	-9999	-9999	-9999	-9999	0.025	-9999	-9999	-9999	-9999
1	6	33736	262731	195.915	-9999	-9999	-9999	-9999	0.025	-9999	-9999	-9999	-9999
1	6	33759	262731	195.805	-9999	-9999	-9999	-9999	0.025	-9999	-9999	-9999	-9999
1	6	33839	262761	195.5775	-9999	-9999	-9999	-9999	0.025	-9999	-9999	-9999	-9999
1	6	33893.5	262778	195.55	-9999	-9999	-9999	-9999	0.025	-9999	-9999	-9999	-9999
1	6	33948	262803	195.5175	-9999	-9999	-9999	-9999	0.025	-9999	-9999	-9999	-9999
1	6	34002.5	262811	195.45	-9999	-9999	-9999	-9999	0.025	-9999	-9999	-9999	-9999
1	6	34057	262833	195.38	-9999	-9999	-9999	-9999	0.025	-9999	-9999	-9999	-9999
1	6	34122.5	262851	195.29	-9999	-9999	-9999	-9999	0.025	-9999	-9999	-9999	-9999
1	6	34188	262858	195.0625	-9999	-9999	-9999	-9999	0.025	-9999	-9999	-9999	-9999
1	6	34241	262871	194.9475	-9999	-9999	-9999	-9999	0.025	-9999	-9999	-9999	-9999
1	6	34294	262884	194.905	-9999	-9999	-9999	-9999	0.025	-9999	-9999	-9999	-9999
1	6	34347	262897	194.8675	-9999	-9999	-9999	-9999	0.025	-9999	-9999	-9999	-9999
1	6	34400	262919	194.8275	-9999	-9999	-9999	-9999	0.025	-9999	-9999	-9999	-9999
1	6	34453	262934	194.7675	-9999	-9999	-9999	-9999	0.025	-9999	-9999	-9999	-9999
1	6	34506	262947	194.7125	-9999	-9999	-9999	-9999	0.025	-9999	-9999	-9999	-9999
1	6	34559	262952	194.57	-9999	-9999	-9999	-9999	0.025	-9999	-9999	-9999	-9999
1	6	34614.6	262974	194.445	-9999	-9999	-9999	-9999	0.025	-9999	-9999	-9999	-9999
1	6	34670.2	262979	194.42	-9999	-9999	-9999	-9999	0.025	-9999	-9999	-9999	-9999
1	6	34725.8	262994	194.3625	-9999	-9999	-9999	-9999	0.025	-9999	-9999	-9999	-9999
1	6	34781.4	263019	194.35	-9999	-9999	-9999	-9999	0.025	-9999	-9999	-9999	-9999
1	6	34837	263027	194.3375	-9999	-9999	-9999	-9999	0.025	-9999	-9999	-9999	-9999
1	6	34902.666667	263047	194.3175	-9999	-9999	-9999	-9999	0.025	-9999	-9999	-9999	-9999
1	6	34968.333333	263074	194.275	-9999	-9999	-9999	-9999	0.025	-9999	-9999	-9999	-9999
1	6	35034	263082	194.2225	-9999	-9999	-9999	-9999	0.025	-9999	-9999	-9999	-9999
1	6	35154	263112	194.1275	-9999	-9999	-9999	-9999	0.025	-9999	-9999	-9999	-9999
1	6	35274	263155	193.945	-9999	-9999	-9999	-9999	0.025	-9999	-9999	-9999	-9999
1	6	35394	263185	193.885	-9999	-9999	-9999	-9999	0.025	-9999	-9999	-9999	-9999
1	6	35514	263208	193.8075	-9999	-9999	-9999	-9999	0.025	-9999	-9999	-9999	-9999
1	6	35621	263250	193.74	-9999	-9999	-9999	-9999	0.025	-9999	-9999	-9999	-9999
1	6	35728	263460	193.63	-9999	-9999	-9999	-9999	0.025	-9999	-9999	-9999	-9999
1	6	35845.666667	263483	193.3975	-9999	-9999	-9999	-9999	0.025	-9999	-9999	-9999	-9999
1	6	35963.333333	263515	193.155	-9999	-9999	-9999	-9999	0.025	-9999	-9999	-9999	-9999
1	6	36081	263552	192.9325	-9999	-9999	-9999	-9999	0.025	-9999	-9999	-9999	-9999
1	6	36213	263590	192.57	-9999	-9999	-9999	-9999	0.025	-9999	-9999	-9999	-9999
1	6	36266.666667	263605	192.39	-9999	-9999	-9999	-9999	0.025	-9999	-9999	-9999	-9999
1	6	36320.333333	263620	192.235	-9999	-9999	-9999	-9999	0.025	-9999	-9999	-9999	-9999
1	6	36374	263650	192.125	-9999	-9999	-9999	-9999	0.025	-9999	-9999	-9999	-9999
1	6	36427.5	263675	192.1425	-9999	-9999	-9999	-9999	0.025	-9999	-9999	-9999	-9999
1	6	36481	263685	192.07	-9999	-9999	-9999	-9999	0.025	-9999	-9999	-9999	-9999
1	6	36592.5	263727	191.73	-9999	-9999	-9999	-9999	0.025	-9999	-9999	-9999	-9999
1	6	36704	263752	191.655	-9999	-9999	-9999	-9999	0.025	-9999	-9999	-9999	-9999
1	6	36776.5	263783	191.61	-9999	-9999	-9999	-9999	0.025	-9999	-9999	-9999	-9999
1	6	36849	263796	191.575	-9999	-9999	-9999	-9999	0.025	-9999	-9999	-9999	-9999
1	6	36944	263831	191.4375	-9999	-9999	-9999	-9999	0.025	-9999	-9999	-9999	-9999
1	6	37003.5	263848	191.13	-9999	-9999	-9999	-9999	0.025	-9999	-9999	-9999	-9999
1	6	37063	263863	190.85	-9999	-9999	-9999	-9999	0.025	-9999	-9999	-9999	-9999
1	6	37115.5	263876	190.76	-9999	-9999	-9999	-9999	0.025	-9999	-9999	-9999	-9999
1	6	37168	263888	190.6875	-9999	-9999	-9999	-9999	0.025	-9999	-9999	-9999	-9999
1	6	37215	263891	190.655	-9999	-9999	-9999	-9999	0.025	-9999	-9999	-9999	-9999
1	6	37261	263921	190.645	-9999	-9999	-9999	-9999	0.025	-9999	-9999	-9999	-9999
1	6	37290	263931	190.6625	-9999	-9999	-9999	-9999	0.025	-9999	-9999	-9999	-9999
1	6	37328	263953	190.625	-9999	-9999	-9999	-9999	0.025	-9999	-9999	-9999	-9999
1	6	37399	263961	190.56	-9999	-9999	-9999	-9999	0.025	-9999	-9999	-9999	-9999
1	6	37444	263983	190.455	-9999	-9999	-9999	-9999	0.025	-9999	-9999	-9999	-9999
1	4	37553	264021	190.34	-9999	-9999	-9999	-9999	0.025	-9999	-9999	-9999	-9999
1	4	37616	264032	190.2475	-9999	-9999	-9999	-9999	0.025	-9999	-9999	-9999	-9999
1	4	37678	264059	189.9825	-9999	-9999	-9999	-9999	0.025	-9999	-9999	-9999	-9999
1	4	37741	264072	189.9675	-9999	-9999	-9999	-9999	0.025	-9999	-9999	-9999	-9999
1	4	37791	264092	189.93	-9999	-9999	-9999	-9999	0.025	-9999	-9999	-9999	-9999
1	4	37841	264119	189.905	-9999	-9999	-9999	-9999	0.025	-9999	-9999	-9999	-9999
1	4	37891	264129	189.8675	-9999	-9999	-9999	-9999	0.025	-9999	-9999	-9999	-9999
1	4	37941	264144	189.8325	-9999	-9999	-9999	-9999	0.025	-9999	-9999	-9999	-9999
1	4	38791	264380	188.6675	-9999	-9999	-9999	-9999	0.025	-9999	-9999	-9999	-9999
1	4	38841	264390	188.6275	-9999	-9999	-9999	-9999	0.025	-9999	-9999	-9999	-9999
1	4	39526	264602	187.7025	-9999	-9999	-9999	-9999	0.025	-9999	-9999	-9999	-9999
1	4	39586	264629	187.46	-9999	-9999	-9999	-9999	0.025	-9999	-9999	-9999	-9999
1	4	39646	264652	187.415	-9999	-9999	-9999	-9999	0.025	-9999	-9999	-9999	-9999
1	4	39692	264657	187.43	-9999	-9999	-9999	-9999	0.025	-9999	-9999	-9999	-9999
1	4	39738	264679	187.45	-9999	-9999	-9999	-9999	0.025	-9999	-9999	-9999	-9999
1	4	39784	264689	187.4225	-9999	-9999	-9999	-9999	0.025	-9999	-9999	-9999	-9999
1	4	39831	264737	187.425	-9999	-9999	-9999	-9999	0.025	-9999	-9999	-9999	-9999
1	4	39887	264749	187.3675	-9999	-9999	-9999	-9999	0.025	-9999	-9999	-9999	-9999
1	4	39943	264777	187.2725	-9999	-9999	-9999	-9999	0.025	-9999	-9999	-9999	-9999
1	4	39962	264779	187.265	-9999	-9999	-9999	-9999	0.025	-9999	-9999	-9999	-9999
1	4	39981	264787	187.235	-9999	-9999	-9999	-9999	0.025	-9999	-9999	-9999	-9999
1	4	39999	264794	187.1975	-9999	-9999	-9999	-9999	0.025	-9999	-9999	-9999	-9999
1	4	40018	264802	187.1725	-9999	-9999	-9999	-9999	0.025	-9999	-9999	-9999	-9999
1	4	40037	264799	187.17	-9999	-9999	-9999	-9999	0.025	-9999	-9999	-9999	-9999
1	4	40056	264802	187.17	-9999	-9999	-9999	-9999	0.025	-9999	-9999	-9999	-9999
1	4	40106	264817	187.155	-9999	-9999	-9999	-9999	0.025	-9999	-9999	-9999	-9999
1	4	40156	264839	187.1325	-9999	-9999	-9999	-9999	0.025	-9999	-9999	-9999	-9999
1	4	40206	264854	187.12	-9999	-9999	-9999	-9999	0.025	-9999	-9999	-9999	-9999
1	4	40256	264869	187.1	-9999	-9999	-9999	-9999	0.025	-9999	-9999	-9999	-9999
1	4	40306	264885	187.0625	-9999	-9999	-9999	-9999	0.025	-9999	-9999	-9999	-9999
1	4	40356	264900	187.005	-9999	-9999	-9999	-9999	0.025	-9999	-9999	-9999	-9999
1	4	40406	264905	186.9625	-9999	-9999	-9999	-9999	0.025	-9999	-9999	-9999	-9999
1	4	40456	264930	186.8975	-9999	-9999	-9999	-9999	0.025	-9999	-9999	-9999	-9999
1	4	40513	264945	186.805	-9999	-9999	-9999	-9999	0.025	-9999	-9999	-9999	-9999
1	4	40571	264963	186.705	-9999	-9999	-9999	-9999	0.025	-9999	-9999	-9999	-9999
1	4	40628	264968	186.6475	-9999	-9999	-9999	-9999	0.025	-9999	-9999	-9999	-9999
1	4	40686	264990	186.5925	-9999	-9999	-9999	-9999	0.025	-9999	-9999	-9999	-9999
1	4	40748	265010	186.56	-9999	-9999	-9999	-9999	0.025	-9999	-9999	-9999	-9999
1	4	40811	265028	186.53	-9999	-9999	-9999	-9999	0.025	-9999	-9999	-9999	-9999
1	4	40842	265033	186.515	-9999	-9999	-9999	-9999	0.025	-9999	-9999	-9999	-9999
1	4	40873	265035	186.4675	-9999	-9999	-9999	-9999	0.025	-9999	-9999	-9999	-9999
1	4	40904	265058	186.4225	-9999	-9999	-9999	-9999	0.025	-9999	-9999	-9999	-9999
1	4	40936	265063	186.4025	-9999	-9999	-9999	-9999	0.025	-9999	-9999	-9999	-9999
1	4	40957	265068	186.3775	-9999	-9999	-9999	-9999	0.025	-9999	-9999	-9999	-9999
1	4	40979	265065	186.355	-9999	-9999	-9999	-9999	0.025	-9999	-9999	-9999	-9999
1	4	41001	265083	186.315	-9999	-9999	-9999	-9999	0.025	-9999	-9999	-9999	-9999
1	4	41023	265078	186.3125	-9999	-9999	-9999	-9999	0.025	-9999	-9999	-9999	-9999
1	4	41067	265090	186.3025	-9999	-9999	-9999	-9999	0.025	-9999	-9999	-9999	-9999
1	4	41111	265105	186.285	-9999	-9999	-9999	-9999	0.025	-9999	-9999	-9999	-9999
1	4	41144	265115	186.275	-9999	-9999	-9999	-9999	0.025	-9999	-9999	-9999	-9999
1	4	41177	265144	186.245	-9999	-9999	-9999	-9999	0.025	-9999	-9999	-9999	-9999
1	5	41227	265156	186.2025	-9999	-9999	-9999	-9999	0.025	-9999	-9999	-9999	-9999
1	5	41244	265164	186.17	-9999	-9999	-9999	-9999	0.025	-9999	-9999	-9999	-9999
1	5	41261	265164	186.115	-9999	-9999	-9999	-9999	0.025	-9999	-9999	-9999	-9999
1	5	41277	265179	186.055	-9999	-9999	-9999	-9999	0.025	-9999	-9999	-9999	-9999
1	5	41294	265176	186.0125	-9999	-9999	-9999	-9999	0.025	-9999	-9999	-9999	-9999
1	5	41311	265179	185.9925	-9999	-9999	-9999	-9999	0.025	-9999	-9999	-9999	-9999
1	5	41327	265189	185.97	-9999	-9999	-9999	-9999	0.025	-9999	-9999	-9999	-9999
1	5	41344	265191	185.945	-9999	-9999	-9999	-9999	0.025	-9999	-9999	-9999	-9999
1	5	41361	265196	185.8925	-9999	-9999	-9999	-9999	0.025	-9999	-9999	-9999	-9999
1	5	41377	265191	185.8625	-9999	-9999	-9999	-9999	0.025	-9999	-9999	-9999	-9999
1	5	41394	265196	185.8125	-9999	-9999	-9999	-9999	0.025	-9999	-9999	-9999	-9999
1	5	41411	265209	185.7725	-9999	-9999	-9999	-9999	0.025	-9999	-9999	-9999	-9999
1	5	41427	265204	185.74	-9999	-9999	-9999	-9999	0.025	-9999	-9999	-9999	-9999
1	5	41444	265214	185.71	-9999	-9999	-9999	-9999	0.025	-9999	-9999	-9999	-9999
2	3	27000	259200	182.6165	-9999	-9999	-9999	-9999	0.025	-9999	-9999	-9999	-9999
2	3	27600	259200	182.6199	-9999	-9999	-9999	-9999	0.025	-9999	-9999	-9999	-9999
2	3	27650	259200	182.6331	-9999	-9999	-9999	-9999	0.025	-9999	-9999	-9999	-9999
2	3	27700	259200	182.6275	-9999	-9999	-9999	-9999	0.025	-9999	-9999	-9999	-9999
2	3	27750	259200	182.6343	-9999	-9999	-9999	-9999	0.025	-9999	-9999	-9999	-9999
2	3	27800	259200	182.6424	-9999	-9999	-9999	-9999	0.025	-9999	-9999	-9999	-9999
2	3	27900	259200	182.6475	-9999	-9999	-9999	-9999	0.025	-9999	-9999	-9999	-9999
2	3	27950	259200	182.6548	-9999	-9999	-9999	-9999	0.025	-9999	-9999	-9999	-9999
2	3	28500	259200	182.738	-9999	-9999	-9999	-9999	0.025	-9999	-9999	-9999	-9999
2	3	28625	259200	182.741	-9999	-9999	-9999	-9999	0.025	-9999	-9999	-9999	-9999
2	3	28750	259200	182.7505	-9999	-9999	-9999	-9999	0.025	-9999	-9999	-9999	-9999
2	3	28875	259200	182.783	-9999	-9999	-9999	-9999	0.025	-9999	-9999	-9999	-9999
2	3	29000	259200	182.8234	-9999	-9999	-9999	-9999	0.025	-9999	-9999	-9999	-9999
2	3	29125	259200	182.8724	-9999	-9999	-9999	-9999	0.025	-9999	-9999	-9999	-9999
2	3	29500	259200	182.9951	-9999	-9999	-9999	-9999	0.025	-9999	-9999	-9999	-9999
2	3	30500	259200	183.182	-9999	-9999	-9999	-9999	0.025	-9999	-9999	-9999	-9999
2	3	30525	259200	183.1759	-9999	-9999	-9999	-9999	0.025	-9999	-9999	-9999	-9999
2	3	30550	259200	183.2025	-9999	-9999	-9999	-9999	0.025	-9999	-9999	-9999	-9999
2	3	30600	259200	183.2283	-9999	-9999	-9999	-9999	0.025	-9999	-9999	-9999	-9999
2	3	30650	259200	183.2202	-9999	-9999	-9999	-9999	0.025	-9999	-9999	-9999	-9999
2	3	30725	259200	183.2344	-9999	-9999	-9999	-9999	0.025	-9999	-9999	-9999	-9999
2	3	30750	259200	183.2305	-9999	-9999	-9999	-9999	0.025	-9999	-9999	-9999	-9999
2	3	31000	259200	183.3005	-9999	-9999	-9999	-9999	0.025	-9999	-9999	-9999	-9999
2	3	31350	259200	183.3816	-9999	-9999	-9999	-9999	0.025	-9999	-9999	-9999	-9999
2	3	31400	259200	183.4123	-9999	-9999	-9999	-9999	0.025	-9999	-9999	-9999	-9999
2	3	31450	259200	183.4697	-9999	-9999	-9999	-9999	0.025	-9999	-9999	-9999	-9999
2	3	31625	259200	183.4921	-9999	-9999	-9999	-9999	0.025	-9999	-9999	-9999	-9999
2	3	31750	259200	183.5151	-9999	-9999	-9999	-9999	0.025	-9999	-9999	-9999	-9999
2	3	31875	259200	183.7024	-9999	-9999	-9999	-9999	0.025	-9999	-9999	-9999	-9999
2	3	32000	259200	183.8765	-9999	-9999	-9999	-9999	0.025	-9999	-9999	-9999	-9999
2	3	32125	259200	183.9257	-9999	-9999	-9999	-9999	0.025	-9999	-9999	-9999	-9999
2	3	32375	259200	184.1306	-9999	-9999	-9999	-9999	0.025	-9999	-9999	-9999	-9999
2	3	32500	259200	184.2083	-9999	-9999	-9999	-9999	0.025	-9999	-9999	-9999	-9999
2	3	32625	259200	184.3448	-9999	-9999	-9999	-9999	0.025	-9999	-9999	-9999	-9999
2	3	32750	259200	184.5601	-9999	-9999	-9999	-9999	0.025	-9999	-9999	-9999	-9999
2	3	33125	259200	184.7295	-9999	-9999	-9999	-9999	0.025	-9999	-9999	-9999	-9999
2	3	33300	259200	184.7728	-9999	-9999	-9999	-9999	0.025	-9999	-9999	-9999	-9999
2	3	33400	259200	184.8598	-9999	-9999	-9999	-9999	0.025	-9999	-9999	-9999	-9999
2	3	33625	259200	184.9939	-9999	-9999	-9999	-9999	0.025	-9999	-9999	-9999	-9999
2	3	33750	259200	185.1048	-9999	-9999	-9999	-9999	0.025	-9999	-9999	-9999	-9999
2	3	33875	259200	185.2202	-9999	-9999	-9999	-9999	0.025	-9999	-9999	-9999	-9999
2	3	34200	259200	185.3035	-9999	-9999	-9999	-9999	0.025	-9999	-9999	-9999	-9999
2	3	34250	259200	185.3117	-9999	-9999	-9999	-9999	0.025	-9999	-9999	-9999	-9999
2	3	34350	259200	185.4236	-9999	-9999	-9999	-9999	0.025	-9999	-9999	-9999	-9999
2	3	34400	259200	185.5526	-9999	-9999	-9999	-9999	0.025	-9999	-9999	-9999	-9999
2	3	34450	259200	185.5894	-9999	-9999	-9999	-9999	0.025	-9999	-9999	-9999	-9999
2	2	34625	259200	185.7127	-9999	-9999	-9999	-9999	0.025	-9999	-9999	-9999	-9999
2	2	34750	259200	185.8175	-9999	-9999	-9999	-9999	0.025	-9999	-9999	-9999	-9999
2	2	34875	259200	185.8557	-9999	-9999	-9999	-9999	0.025	-9999	-9999	-9999	-9999
2	2	35000	259200	185.8976	-9999	-9999	-9999	-9999	0.025	-9999	-9999	-9999	-9999
2	2	35100	259200	185.9563	-9999	-9999	-9999	-9999	0.025	-9999	-9999	-9999	-9999
2	2	35150	259200	186.0263	-9999	-9999	-9999	-9999	0.025	-9999	-9999	-9999	-9999
2	2	35250	259200	186.0765	-9999	-9999	-9999	-9999	0.025	-9999	-9999	-9999	-9999
2	2	35300	259200	186.1171	-9999	-9999	-9999	-9999	0.025	-9999	-9999	-9999	-9999
2	2	35350	259200	186.1604	-9999	-9999	-9999	-9999	0.025	-9999	-9999	-9999	-9999
2	2	35400	259200	186.2007	-9999	-9999	-9999	-9999	0.025	-9999	-9999	-9999	-9999
2	2	35450	259200	186.2336	-9999	-9999	-9999	-9999	0.025	-9999	-9999	-9999	-9999
2	2	35750	259200	186.5378	-9999	-9999	-9999	-9999	0.025	-9999	-9999	-9999	-9999
2	2	35875	259200	186.5426	-9999	-9999	-9999	-9999	0.025	-9999	-9999	-9999	-9999
2	2	36000	259200	186.6823	-9999	-9999	-9999	-9999	0.025	-9999	-9999	-9999	-9999
2	2	36125	259200	186.8501	-9999	-9999	-9999	-9999	0.025	-9999	-9999	-9999	-9999
2	1	36300	259200	186.9287	-9999	-9999	-9999	-9999	0.025	-9999	-9999	-9999	-9999
2	1	36350	259200	186.943	-9999	-9999	-9999	-9999	0.025	-9999	-9999	-9999	-9999
2	1	36400	259200	187.0546	-9999	-9999	-9999	-9999	0.025	-9999	-9999	-9999	-9999
2	1	36450	259200	187.1296	-9999	-9999	-9999	-9999	0.025	-9999	-9999	-9999	-9999
2	1	36625	259200	187.233	-9999	-9999	-9999	-9999	0.025	-9999	-9999	-9999	-9999
2	1	36750	259200	187.3011	-9999	-9999	-9999	-9999	0.025	-9999	-9999	-9999	-9999
2	1	36800	259200	187.3174	-9999	-9999	-9999	-9999	0.025	-9999	-9999	-9999	-9999
2	1	36850	259200	187.4209	-9999	-9999	-9999	-9999	0.025	-9999	-9999	-9999	-9999
2	1	36900	259200	187.4393	-9999	-9999	-9999	-9999	0.025	-9999	-9999	-9999	-9999
2	1	36950	259200	187.4469	-9999	-9999	-9999	-9999	0.025	-9999	-9999	-9999	-9999
2	1	37050	259200	187.4933	-9999	-9999	-9999	-9999	0.025	-9999	-9999	-9999	-9999
2	1	37100	259200	187.5481	-9999	-9999	-9999	-9999	0.025	-9999	-9999	-9999	-9999
2	1	37150	259200	187.5766	-9999	-9999	-9999	-9999	0.025	-9999	-9999	-9999	-9999
2	1	37200	259200	187.6099	-9999	-9999	-9999	-9999	0.025	-9999	-9999	-9999	-9999
2	1	37250	259200	187.59	-9999	-9999	-9999	-9999	0.025	-9999	-9999	-9999	-9999
2	1	37300	259200	187.595	-9999	-9999	-9999	-9999	0.025	-9999	-9999	-9999	-9999
2	1	37400	259200	187.6024	-9999	-9999	-9999	-9999	0.025	-9999	-9999	-9999	-9999
2	1	37450	259200	187.6436	-9999	-9999	-9999	-9999	0.025	-9999	-9999	-9999	-9999
2	1	37550	259200	187.705	-9999	-9999	-9999	-9999	0.025	-9999	-9999	-9999	-9999
2	1	37600	259200	187.7091	-9999	-9999	-9999	-9999	0.025	-9999	-9999	-9999	-9999
2	1	37700	259200	187.7368	-9999	-9999	-9999	-9999	0.025	-9999	-9999	-9999	-9999
2	1	37750	259200	187.7622	-9999	-9999	-9999	-9999	0.025	-9999	-9999	-9999	-9999
2	1	37800	259200	187.7742	-9999	-9999	-9999	-9999	0.025	-9999	-9999	-9999	-9999
2	1	37850	259200	187.7907	-9999	-9999	-9999	-9999	0.025	-9999	-9999	-9999	-9999
2	1	37900	259200	187.7937	-9999	-9999	-9999	-9999	0.025	-9999	-9999	-9999	-9999
2	1	38000	259200	187.8124	-9999	-9999	-9999	-9999	0.025	-9999	-9999	-9999	-9999
2	1	38050	259200	187.8441	-9999	-9999	-9999	-9999	0.025	-9999	-9999	-9999	-9999
2	1	38100	259200	187.9076	-9999	-9999	-9999	-9999	0.025	-9999	-9999	-9999	-9999
2	1	38150	259200	187.9807	-9999	-9999	-9999	-9999	0.025	-9999	-9999	-9999	-9999
2	1	38250	259200	187.9776	-9999	-9999	-9999	-9999	0.025	-9999	-9999	-9999	-9999
2	1	38300	259200	187.9461	-9999	-9999	-9999	-9999	0.025	-9999	-9999	-9999	-9999
2	1	38450	259200	187.9771	-9999	-9999	-9999	-9999	0.025	-9999	-9999	-9999	-9999
2	1	38500	259200	187.9878	-9999	-9999	-9999	-9999	0.025	-9999	-9999	-9999	-9999
2	1	39000	259200	188.2026	-9999	-9999	-9999	-9999	0.025	-9999	-9999	-9999	-9999
2	1	39300	259200	188.3421	-9999	-9999	-9999	-9999	0.025	-9999	-9999	-9999	-9999
2	1	39350	259200	188.3548	-9999	-9999	-9999	-9999	0.025	-9999	-9999	-9999	-9999
2	1	39400	259200	188.3833	-9999	-9999	-9999	-9999	0.025	-9999	-9999	-9999	-9999
2	1	39450	259200	188.4102	-9999	-9999	-9999	-9999	0.025	-9999	-9999	-9999	-9999
2	1	39595	259200	188.5295	-9999	-9999	-9999	-9999	0.025	-9999	-9999	-9999	-9999
2	1	39640	259200	188.5488	-9999	-9999	-9999	-9999	0.025	-9999	-9999	-9999	-9999
2	1	39685	259200	188.5661	-9999	-9999	-9999	-9999	0.025	-9999	-9999	-9999	-9999
2	1	39775	259200	188.5801	-9999	-9999	-9999	-9999	0.025	-9999	-9999	-9999	-9999
2	1	39820	259200	188.5785	-9999	-9999	-9999	-9999	0.025	-9999	-9999	-9999	-9999
2	1	39910	259200	188.6371	-9999	-9999	-9999	-9999	0.025	-9999	-9999	-9999	-9999
2	1	39955	259200	188.6667	-9999	-9999	-9999	-9999	0.025	-9999	-9999	-9999	-9999
2	1	40050	259200	188.6862	-9999	-9999	-9999	-9999	0.025	-9999	-9999	-9999	-9999
2	1	40100	259200	188.6948	-9999	-9999	-9999	-9999	0.025	-9999	-9999	-9999	-9999
2	1	40150	259200	188.7033	-9999	-9999	-9999	-9999	0.025	-9999	-9999	-9999	-9999
2	1	40250	259200	188.7121	-9999	-9999	-9999	-9999	0.025	-9999	-9999	-9999	-9999
2	1	40300	259200	188.7321	-9999	-9999	-9999	-9999	0.025	-9999	-9999	-9999	-9999
2	1	40350	259200	188.7473	-9999	-9999	-9999	-9999	0.025	-9999	-9999	-9999	-9999
2	1	40400	259200	188.7591	-9999	-9999	-9999	-9999	0.025	-9999	-9999	-9999	-9999
2	1	40500	259200	188.7826	-9999	-9999	-9999	-9999	0.025	-9999	-9999	-9999	-9999
2	1	40600	259200	188.7937	-9999	-9999	-9999	-9999	0.025	-9999	-9999	-9999	-9999
2	1	40650	259200	188.8032	-9999	-9999	-9999	-9999	0.025	-9999	-9999	-9999	-9999
2	1	40750	259200	188.8278	-9999	-9999	-9999	-9999	0.025	-9999	-9999	-9999	-9999
2	1	40900	259200	188.8714	-9999	-9999	-9999	-9999	0.025	-9999	-9999	-9999	-9999
2	1	41000	259200	188.8823	-9999	-9999	-9999	-9999	0.025	-9999	-9999	-9999	-9999
2	1	41085	259200	188.906	-9999	-9999	-9999	-9999	0.025	-9999	-9999	-9999	-9999
2	1	41550	259200	189.0022	-9999	-9999	-9999	-9999	0.025	-9999	-9999	-9999	-9999
2	1	41600	259200	189.0021	-9999	-9999	-9999	-9999	0.025	-9999	-9999	-9999	-9999
2	1	41650	259200	188.9937	-9999	-9999	-9999	-9999	0.025	-9999	-9999	-9999	-9999
2	1	41700	259200	189.0102	-9999	-9999	-9999	-9999	0.025	-9999	-9999	-9999	-9999
2	1	41800	259200	189.0409	-9999	-9999	-9999	-9999	0.025	-9999	-9999	-9999	-9999
2	1	41900	259200	189.0531	-9999	-9999	-9999	-9999	0.025	-9999	-9999	-9999	-9999
2	1	42000	259200	189.0882	-9999	-9999	-9999	-9999	0.025	-9999	-9999	-9999	-9999
2	1	42200	259200	189.1212	-9999	-9999	-9999	-9999	0.025	-9999	-9999	-9999	-9999
2	1	42400	259200	189.159	-9999	-9999	-9999	-9999	0.025	-9999	-9999	-9999	-9999
2	1	42600	259200	189.2097	-9999	-9999	-9999	-9999	0.025	-9999	-9999	-9999	-9999
2	1	42800	259200	189.2807	-9999	-9999	-9999	-9999	0.025	-9999	-9999	-9999	-9999
2	1	42900	259200	189.283	-9999	-9999	-9999	-9999	0.025	-9999	-9999	-9999	-9999
2	1	43100	259200	189.3396	-9999	-9999	-9999	-9999	0.025	-9999	-9999	-9999	-9999
2	1	43200	259200	189.387	-9999	-9999	-9999	-9999	0.025	-9999	-9999	-9999	-9999
2	1	43250	259200	189.4128	-9999	-9999	-9999	-9999	0.025	-9999	-9999	-9999	-9999
2	1	43350	259200	189.4358	-9999	-9999	-9999	-9999	0.025	-9999	-9999	-9999	-9999
2	1	43600	259200	189.4772	-9999	-9999	-9999	-9999	0.025	-9999	-9999	-9999	-9999
2	1	43650	259200	189.5142	-9999	-9999	-9999	-9999	0.025	-9999	-9999	-9999	-9999
2	1	43700	259200	189.5316	-9999	-9999	-9999	-9999	0.025	-9999	-9999	-9999	-9999
2	1	43750	259200	189.5453	-9999	-9999	-9999	-9999	0.025	-9999	-9999	-9999	-9999
2	1	43850	259200	189.5728	-9999	-9999	-9999	-9999	0.025	-9999	-9999	-9999	-9999
2	1	44000	259200	189.6181	-9999	-9999	-9999	-9999	0.025	-9999	-9999	-9999	-9999
2	1	44320	259200	189.7484	-9999	-9999	-9999	-9999	0.025	-9999	-9999	-9999	-9999
2	1	44480	259200	189.7655	-9999	-9999	-9999	-9999	0.025	-9999	-9999	-9999	-9999
2	1	45120	259200	189.9356	-9999	-9999	-9999	-9999	0.025	-9999	-9999	-9999	-9999
2	1	45215	259200	189.952	-9999	-9999	-9999	-9999	0.025	-9999	-9999	-9999	-9999
2	1	45310	259200	190.0088	-9999	-9999	-9999	-9999	0.025	-9999	-9999	-9999	-9999
2	1	45405	259200	190.0476	-9999	-9999	-9999	-9999	0.025	-9999	-9999	-9999	-9999
2	1	45500	259200	190.0756	-9999	-9999	-9999	-9999	0.025	-9999	-9999	-9999	-9999
2	1	46000	259200	190.1627	-9999	-9999	-9999	-9999	0.025	-9999	-9999	-9999	-9999
2	1	46050	259200	190.1674	-9999	-9999	-9999	-9999	0.025	-9999	-9999	-9999	-9999
2	1	46100	259200	190.1744	-9999	-9999	-9999	-9999	0.025	-9999	-9999	-9999	-9999
2	1	46150	259200	190.1667	-9999	-9999	-9999	-9999	0.025	-9999	-9999	-9999	-9999
2	1	46200	259200	190.1889	-9999	-9999	-9999	-9999	0.025	-9999	-9999	-9999	-9999
2	1	46250	259200	190.1856	-9999	-9999	-9999	-9999	0.025	-9999	-9999	-9999	-9999
2	1	46300	259200	190.1862	-9999	-9999	-9999	-9999	0.025	-9999	-9999	-9999	-9999
2	1	46350	259200	190.2359	-9999	-9999	-9999	-9999	0.025	-9999	-9999	-9999	-9999
2	1	46450	259200	190.2539	-9999	-9999	-9999	-9999	0.025	-9999	-9999	-9999	-9999
2	1	46500	259200	190.2716	-9999	-9999	-9999	-9999	0.025	-9999	-9999	-9999	-9999
2	1	47000	259200	190.4426	-9999	-9999	-9999	-9999	0.025	-9999	-9999	-9999	-9999
2	1	47050	259200	190.4421	-9999	-9999	-9999	-9999	0.025	-9999	-9999	-9999	-9999
2	1	47100	259200	190.4564	-9999	-9999	-9999	-9999	0.025	-9999	-9999	-9999	-9999
2	1	47150	259200	190.4684	-9999	-9999	-9999	-9999	0.025	-9999	-9999	-9999	-9999
2	1	47250	259200	190.5281	-9999	-9999	-9999	-9999	0.025	-9999	-9999	-9999	-9999
2	1	47300	259200	190.5335	-9999	-9999	-9999	-9999	0.025	-9999	-9999	-9999	-9999
2	1	47350	259200	190.5595	-9999	-9999	-9999	-9999	0.025	-9999	-9999	-9999	-9999
2	1	47400	259200	190.5481	-9999	-9999	-9999	-9999	0.025	-9999	-9999	-9999	-9999
2	1	47500	259200	190.5686	-9999	-9999	-9999	-9999	0.025	-9999	-9999	-9999	-9999
2	1	47550	259200	190.5758	-9999	-9999	-9999	-9999	0.025	-9999	-9999	-9999	-9999
2	1	47700	259200	190.6331	-9999	-9999	-9999	-9999	0.025	-9999	-9999	-9999	-9999
2	1	47750	259200	190.6342	-9999	-9999	-9999	-9999	0.025	-9999	-9999	-9999	-9999
2	1	47800	259200	190.6239	-9999	-9999	-9999	-9999	0.025	-9999	-9999	-9999	-9999
2	1	47850	259200	190.6318	-9999	-9999	-9999	-9999	0.025	-9999	-9999	-9999	-9999
2	1	47950	259200	190.6611	-9999	-9999	-9999	-9999	0.025	-9999	-9999	-9999	-9999
2	1	48000	259200	190.6403	-9999	-9999	-9999	-9999	0.025	-9999	-9999	-9999	-9999
2	1	48100	259200	190.6445	-9999	-9999	-9999	-9999	0.025	-9999	-9999	-9999	-9999
2	1	48150	259200	190.7093	-9999	-9999	-9999	-9999	0.025	-9999	-9999	-9999	-9999
2	1	48200	259200	190.7323	-9999	-9999	-9999	-9999	0.025	-9999	-9999	-9999	-9999
2	1	48300	259200	190.7534	-9999	-9999	-9999	-9999	0.025	-9999	-9999	-9999	-9999
2	1	48350	259200	190.7674	-9999	-9999	-9999	-9999	0.025	-9999	-9999	-9999	-9999
2	1	48400	259200	190.7768	-9999	-9999	-9999	-9999	0.025	-9999	-9999	-9999	-9999
2	1	48450	259200	190.7866	-9999	-9999	-9999	-9999	0.025	-9999	-9999	-9999	-9999
2	1	48500	259200	190.792	-9999	-9999	-9999	-9999	0.025	-9999	-9999	-9999	-9999
2	1	48550	259200	190.7921	-9999	-9999	-9999	-9999	0.025	-9999	-9999	-9999	-9999
2	1	48600	259200	190.8352	-9999	-9999	-9999	-9999	0.025	-9999	-9999	-9999	-9999
2	1	48650	259200	190.8585	-9999	-9999	-9999	-9999	0.025	-9999	-9999	-9999	-9999
2	1	48700	259200	190.8643	-9999	-9999	-9999	-9999	0.025	-9999	-9999	-9999	-9999
2	1	48750	259200	190.8821	-9999	-9999	-9999	-9999	0.025	-9999	-9999	-9999	-9999
2	1	48800	259200	190.8863	-9999	-9999	-9999	-9999	0.025	-9999	-9999	-9999	-9999
2	1	48850	259200	190.9512	-9999	-9999	-9999	-9999	0.025	-9999	-9999	-9999	-9999
2	1	48900	259200	190.9584	-9999	-9999	-9999	-9999	0.025	-9999	-9999	-9999	-9999
2	1	48950	259200	190.9913	-9999	-9999	-9999	-9999	0.025	-9999	-9999	-9999	-9999
2	1	49050	259200	191.0222	-9999	-9999	-9999	-9999	0.025	-9999	-9999	-9999	-9999
2	1	49100	259200	191.013	-9999	-9999	-9999	-9999	0.025	-9999	-9999	-9999	-9999
2	1	49150	259200	191.0453	-9999	-9999	-9999	-9999	0.025	-9999	-9999	-9999	-9999
2	1	49200	259200	191.059	-9999	-9999	-9999	-9999	0.025	-9999	-9999	-9999	-9999
2	1	49250	259200	191.0721	-9999	-9999	-9999	-9999	0.025	-9999	-9999	-9999	-9999
2	1	49300	259200	191.1627	-9999	-9999	-9999	-9999	0.025	-9999	-9999	-9999	-9999
2	1	49350	259200	191.1544	-9999	-9999	-9999	-9999	0.025	-9999	-9999	-9999	-9999
2	1	49400	259200	191.1723	-9999	-9999	-9999	-9999	0.025	-9999	-9999	-9999	-9999
2	1	49500	259200	191.2296	-9999	-9999	-9999	-9999	0.025	-9999	-9999	-9999	-9999
2	1	50000	259200	191.3235	-9999	-9999	-9999	-9999	0.025	-9999	-9999	-9999	-9999
2	1	50080	259200	191.3633	-9999	-9999	-9999	-9999	0.025	-9999	-9999	-9999	-9999
2	1	50120	259200	191.3814	-9999	-9999	-9999	-9999	0.025	-9999	-9999	-9999	-9999
2	1	50160	259200	191.4023	-9999	-9999	-9999	-9999	0.025	-9999	-9999	-9999	-9999
2	1	50240	259200	191.4302	-9999	-9999	-9999	-9999	0.025	-9999	-9999	-9999	-9999
2	1	50280	259200	191.4368	-9999	-9999	-9999	-9999	0.025	-9999	-9999	-9999	-9999
2	1	50360	259200	191.465	-9999	-9999	-9999	-9999	0.025	-9999	-9999	-9999	-9999
2	1	50500	259200	191.4967	-9999	-9999	-9999	-9999	0.025	-9999	-9999	-9999	-9999
2	1	51000	259200	191.7035	-9999	-9999	-9999	-9999	0.025	-9999	-9999	-9999	-9999
2	1	51500	259200	191.7918	-9999	-9999	-9999	-9999	0.025	-9999	-9999	-9999	-9999
2	1	51600	259200	191.8395	-9999	-9999	-9999	-9999	0.025	-9999	-9999	-9999	-9999
2	1	51750	259200	191.8848	-9999	-9999	-9999	-9999	0.025	-9999	-9999	-9999	-9999
2	1	51950	259200	191.9969	-9999	-9999	-9999	-9999	0.025	-9999	-9999	-9999	-9999
2	1	52000	259200	192.015	-9999	-9999	-9999	-9999	0.025	-9999	-9999	-9999	-9999
2	1	52500	259200	192.1079	-9999	-9999	-9999	-9999	0.025	-9999	-9999	-9999	-9999
2	1	52600	259200	192.1168	-9999	-9999	-9999	-9999	0.025	-9999	-9999	-9999	-9999
2	1	52650	259200	192.1325	-9999	-9999	-9999	-9999	0.025	-9999	-9999	-9999	-9999
2	1	52700	259200	192.1234	-9999	-9999	-9999	-9999	0.025	-9999	-9999	-9999	-9999
2	1	52750	259200	192.1472	-9999	-9999	-9999	-9999	0.025	-9999	-9999	-9999	-9999
2	1	52800	259200	192.1483	-9999	-9999	-9999	-9999	0.025	-9999	-9999	-9999	-9999
2	1	52900	259200	192.1653	-9999	-9999	-9999	-9999	0.025	-9999	-9999	-9999	-9999
2	1	53000	259200	192.1621	-9999	-9999	-9999	-9999	0.025	-9999	-9999	-9999	-9999
2	1	53050	259200	192.169	-9999	-9999	-9999	-9999	0.025	-9999	-9999	-9999	-9999
2	1	53100	259200	192.1616	-9999	-9999	-9999	-9999	0.025	-9999	-9999	-9999	-9999
2	1	53150	259200	192.1939	-9999	-9999	-9999	-9999	0.025	-9999	-9999	-9999	-9999
2	1	53250	259200	192.2094	-9999	-9999	-9999	-9999	0.025	-9999	-9999	-9999	-9999
2	1	53300	259200	192.2227	-9999	-9999	-9999	-9999	0.025	-9999	-9999	-9999	-9999
2	1	53500	259200	192.3316	-9999	-9999	-9999	-9999	0.025	-9999	-9999	-9999	-9999
2	1	53675	259200	192.424	-9999	-9999	-9999	-9999	0.025	-9999	-9999	-9999	-9999
2	1	53850	259200	192.5219	-9999	-9999	-9999	-9999	0.025	-9999	-9999	-9999	-9999
2	1	54025	259200	192.5566	-9999	-9999	-9999	-9999	0.025	-9999	-9999	-9999	-9999
2	1	54200	259200	192.647	-9999	-9999	-9999	-9999	0.025	-9999	-9999	-9999	-9999
2	1	54230	259200	192.6545	-9999	-9999	-9999	-9999	0.025	-9999	-9999	-9999	-9999
2	1	54260	259200	192.6706	-9999	-9999	-9999	-9999	0.025	-9999	-9999	-9999	-9999
2	1	54290	259200	192.6945	-9999	-9999	-9999	-9999	0.025	-9999	-9999	-9999	-9999
2	1	54350	259200	192.6998	-9999	-9999	-9999	-9999	0.025	-9999	-9999	-9999	-9999
2	1	54410	259200	192.7465	-9999	-9999	-9999	-9999	0.025	-9999	-9999	-9999	-9999
2	1	54600	259200	192.8898	-9999	-9999	-9999	-9999	0.025	-9999	-9999	-9999	-9999
2	1	54700	259200	192.8967	-9999	-9999	-9999	-9999	0.025	-9999	-9999	-9999	-9999
2	1	54750	259200	192.8962	-9999	-9999	-9999	-9999	0.025	-9999	-9999	-9999	-9999
2	1	54800	259200	192.8911	-9999	-9999	-9999	-9999	0.025	-9999	-9999	-9999	-9999
2	1	54850	259200	192.915	-9999	-9999	-9999	-9999	0.025	-9999	-9999	-9999	-9999
2	1	54900	259200	192.9201	-9999	-9999	-9999	-9999	0.025	-9999	-9999	-9999	-9999
2	1	55000	259200	192.9827	-9999	-9999	-9999	-9999	0.025	-9999	-9999	-9999	-9999
2	1	55300	259200	193.144	-9999	-9999	-9999	-9999	0.025	-9999	-9999	-9999	-9999
2	1	55450	259200	193.2234	-9999	-9999	-9999	-9999	0.025	-9999	-9999	-9999	-9999
2	1	55500	259200	193.2385	-9999	-9999	-9999	-9999	0.025	-9999	-9999	-9999	-9999
2	1	55550	259200	193.2431	-9999	-9999	-9999	-9999	0.025	-9999	-9999	-9999	-9999
2	1	55600	259200	193.2538	-9999	-9999	-9999	-9999	0.025	-9999	-9999	-9999	-9999
2	1	55650	259200	193.2692	-9999	-9999	-9999	-9999	0.025	-9999	-9999	-9999	-9999
2	1	55800	259200	193.265	-9999	-9999	-9999	-9999	0.025	-9999	-9999	-9999	-9999
2	1	55850	259200	193.2867	-9999	-9999	-9999	-9999	0.025	-9999	-9999	-9999	-9999
