               Km_SU1_Rh_a0   Km_SU1_Rh_a1   Km_SU1_Rh_a2   Km_SU1_Rh_a3   Km_SU1_Rh_a4   Km_SU2_Rh_a0   Km_SU2_Rh_a1   Km_SU1_Ai_a0   Km_SU1_Ai_a1   Km_SU1_Ai_a2   Km_SU1_Ai_a3   Km_SU1_Ai_a4   Km_SU2_Ai_a0   Km_SU2_Ai_a1   Y1_intercept   Y2_intercept   Y3_intercept   Y4_intercept   Y5_intercept   
N                 0.101000E+03   0.101000E+03   0.101000E+03   0.101000E+03   0.101000E+03   0.101000E+03   0.101000E+03   0.101000E+03   0.101000E+03   0.101000E+03   0.101000E+03   0.101000E+03   0.101000E+03   0.101000E+03   0.101000E+03   0.101000E+03   0.101000E+03   0.101000E+03   0.101000E+03
Minimum           0.360000E+02  -0.219414E+01   0.000000E+00   0.000000E+00   0.000000E+00   0.292772E+02  -0.689575E+01   0.190000E+02  -0.452888E+01  -0.116236E+02  -0.890590E+01   0.000000E+00   0.100873E+02  -0.616661E+01   0.100000E+00   0.398914E-03   0.180594E-04   0.100000E-01   0.538507E-02
Maximum           0.412530E+02   0.000000E+00   0.723708E+01   0.667238E+01   0.118679E+02   0.346285E+02   0.000000E+00   0.208973E+02   0.000000E+00   0.000000E+00   0.539496E+01   0.165392E+02   0.150000E+02   0.285341E+01   0.128507E+00   0.178420E-01   0.135079E-01   0.304578E-01   0.193768E-01
Range             0.525300E+01   0.219414E+01   0.723708E+01   0.667238E+01   0.118679E+02   0.535130E+01   0.689575E+01   0.189730E+01   0.452888E+01   0.116236E+02   0.143009E+02   0.165392E+02   0.491270E+01   0.902002E+01   0.285070E-01   0.174431E-01   0.134898E-01   0.204578E-01   0.139917E-01
Mean              0.404742E+02  -0.128098E+01   0.478857E+01   0.421766E+01   0.901983E+01   0.333575E+02  -0.274123E+01   0.204348E+02  -0.411781E+01  -0.106330E+02  -0.800872E+01   0.131000E+02   0.102740E+02  -0.499138E+01   0.113446E+00   0.629707E-02   0.557722E-02   0.206074E-01   0.124677E-01
Median            0.406792E+02  -0.144853E+01   0.504372E+01   0.475174E+01   0.963155E+01   0.339841E+02  -0.222037E+01   0.204148E+02  -0.452888E+01  -0.116236E+02  -0.890590E+01   0.132669E+02   0.100873E+02  -0.608145E+01   0.113803E+00   0.563768E-02   0.403852E-02   0.199911E-01   0.129823E-01
Q10%              0.400696E+02  -0.219414E+01   0.291492E+01   0.691723E+00   0.497749E+01   0.309784E+02  -0.386400E+01   0.204102E+02  -0.452888E+01  -0.116236E+02  -0.890590E+01   0.132669E+02   0.100873E+02  -0.616661E+01   0.102192E+00   0.189198E-02   0.649480E-03   0.142957E-01   0.719972E-02
Q25%              0.404531E+02  -0.167476E+01   0.417049E+01   0.397581E+01   0.874898E+01   0.335717E+02  -0.283952E+01   0.204102E+02  -0.452888E+01  -0.116236E+02  -0.890590E+01   0.132669E+02   0.100873E+02  -0.608145E+01   0.107194E+00   0.369578E-02   0.187754E-02   0.160016E-01   0.947025E-02
Q75%              0.406792E+02  -0.386428E+00   0.552278E+01   0.510320E+01   0.106287E+02   0.340086E+02  -0.216017E+01   0.204148E+02  -0.452888E+01  -0.116236E+02  -0.890590E+01   0.132669E+02   0.100873E+02  -0.558577E+01   0.119263E+00   0.817772E-02   0.106232E-01   0.246749E-01   0.147188E-01
Q90%              0.407779E+02  -0.386428E+00   0.676310E+01   0.576879E+01   0.111597E+02   0.346285E+02  -0.216017E+01   0.208973E+02  -0.444690E+01  -0.854912E+01  -0.542325E+01   0.137396E+02   0.111176E+02   0.285341E+01   0.123892E+00   0.124689E-01   0.124063E-01   0.277233E-01   0.172324E-01
St.Dev.           0.600134E+00   0.705766E+00   0.159794E+01   0.168100E+01   0.245224E+01   0.142920E+01   0.126114E+01   0.294893E+00   0.129375E+01   0.300816E+01   0.289898E+01   0.168721E+01   0.632732E+00   0.282657E+01   0.757090E-02   0.386371E-02   0.439723E-02   0.512603E-02   0.371986E-02
Variance          0.360161E+00   0.498105E+00   0.255343E+01   0.282577E+01   0.601348E+01   0.204262E+01   0.159047E+01   0.869620E-01   0.167378E+01   0.904903E+01   0.840406E+01   0.284668E+01   0.400350E+00   0.798950E+01   0.573186E-04   0.149282E-04   0.193357E-04   0.262762E-04   0.138374E-04
CV                0.148276E-01   0.550956E+00   0.333700E+00   0.398563E+00   0.271872E+00   0.428450E-01   0.460062E+00   0.144309E-01   0.314183E+00   0.282909E+00   0.361978E+00   0.128795E+00   0.615857E-01   0.566290E+00   0.667356E-01   0.613573E+00   0.788427E+00   0.248747E+00   0.298361E+00
Skewness         -0.496381E+01   0.232911E+00  -0.126882E+01  -0.124621E+01  -0.206363E+01  -0.197868E+01  -0.221026E+01  -0.267631E+01   0.292667E+01   0.286904E+01   0.363976E+01  -0.569587E+01   0.512056E+01   0.240756E+01   0.638538E-01   0.806804E+00   0.540054E+00   0.137228E+00  -0.994597E-01
Kurtosis          0.320086E+02  -0.114781E+01   0.222183E+01   0.989041E+00   0.482985E+01   0.282214E+01   0.487116E+01   0.130830E+02   0.670111E+01   0.665151E+01   0.131513E+02   0.402136E+02   0.324891E+02   0.396054E+01  -0.987254E+00   0.343147E+00  -0.118005E+01  -0.102252E+01  -0.780005E+00
MaxPost           0.406771E+02  -0.150163E+01   0.552278E+01   0.431197E+01   0.832760E+01   0.340086E+02  -0.283952E+01   0.204102E+02  -0.452888E+01  -0.116236E+02  -0.890590E+01   0.132720E+02   0.100873E+02  -0.616661E+01   0.128507E+00   0.646468E-02   0.228928E-02   0.139632E-01   0.708688E-02
