Km_SU1_Rh_a0   Km_SU1_Rh_a1   Km_SU1_Rh_a2   Km_SU1_Rh_a3   Km_SU1_Rh_a4   Km_SU2_Rh_a0   Km_SU2_Rh_a1   Km_SU1_Ai_a0   Km_SU1_Ai_a1   Km_SU1_Ai_a2   Km_SU1_Ai_a3   Km_SU1_Ai_a4   Km_SU2_Ai_a0   Km_SU2_Ai_a1   Y1_intercept   Y2_intercept   Y3_intercept   Y4_intercept   Y5_intercept   LogPost        LogPrior       LogHyper       LogLkh         Deviance       
   0.360000E+02   0.000000E+00   0.000000E+00   0.000000E+00   0.000000E+00   0.330000E+02   0.000000E+00   0.190000E+02   0.000000E+00   0.000000E+00   0.000000E+00   0.000000E+00   0.150000E+02   0.000000E+00   0.100000E+00   0.100000E-01   0.100000E-01   0.100000E-01   0.100000E-01  -0.447132E+04   0.144207E+02   0.000000E+00  -0.448574E+04   0.897148E+04
   0.388636E+02   0.000000E+00   0.000000E+00   0.000000E+00   0.258839E+00   0.310194E+02  -0.540071E+01   0.190824E+02  -0.282798E-02   0.000000E+00  -0.354316E+01   0.671923E+01   0.125210E+02   0.285341E+01   0.100737E+00   0.989938E-02   0.107623E-01   0.116478E-01   0.953869E-02  -0.345477E+04   0.142359E+02   0.000000E+00  -0.346901E+04   0.693801E+04
   0.388636E+02   0.000000E+00   0.000000E+00   0.000000E+00   0.258839E+00   0.292772E+02  -0.563932E+01   0.190824E+02  -0.282798E-02   0.000000E+00  -0.354316E+01   0.671923E+01   0.118293E+02   0.285341E+01   0.101052E+00   0.914545E-02   0.129977E-01   0.126981E-01   0.105183E-01  -0.342182E+04   0.138847E+02   0.000000E+00  -0.343570E+04   0.687141E+04
   0.388636E+02  -0.113925E+00   0.000000E+00   0.242870E+00   0.258839E+00   0.292772E+02  -0.563932E+01   0.200286E+02  -0.282798E-02   0.000000E+00  -0.354316E+01   0.128200E+02   0.112543E+02   0.285341E+01   0.101756E+00   0.787301E-02   0.135079E-01   0.137345E-01   0.107859E-01  -0.328344E+04   0.138305E+02   0.000000E+00  -0.329727E+04   0.659454E+04
   0.388636E+02  -0.113925E+00   0.000000E+00   0.242870E+00   0.497749E+01   0.292772E+02  -0.563932E+01   0.206982E+02  -0.282798E-02  -0.184954E+01  -0.354316E+01   0.128200E+02   0.112543E+02   0.285341E+01   0.102082E+00   0.787301E-02   0.126724E-01   0.141918E-01   0.113639E-01  -0.314435E+04   0.138106E+02   0.000000E+00  -0.315816E+04   0.631632E+04
   0.412530E+02  -0.113925E+00   0.198432E+01   0.242870E+00   0.497749E+01   0.292772E+02  -0.563932E+01   0.206982E+02  -0.282798E-02  -0.184954E+01   0.548041E+00   0.128200E+02   0.112543E+02   0.285341E+01   0.102082E+00   0.776780E-02   0.133463E-01   0.145620E-01   0.123718E-01  -0.301620E+04   0.136159E+02   0.000000E+00  -0.302982E+04   0.605963E+04
   0.412530E+02  -0.219414E+01   0.198432E+01   0.388835E+01   0.497749E+01   0.292772E+02  -0.689575E+01   0.206982E+02  -0.282798E-02  -0.184954E+01   0.539496E+01   0.128200E+02   0.112543E+02   0.285341E+01   0.102082E+00   0.570475E-02   0.123591E-01   0.150626E-01   0.146022E-01  -0.297445E+04   0.136478E+02   0.000000E+00  -0.298810E+04   0.597620E+04
   0.400696E+02  -0.219414E+01   0.198432E+01   0.388835E+01   0.497749E+01   0.292772E+02  -0.689575E+01   0.208973E+02  -0.282798E-02  -0.366397E+01   0.539496E+01   0.128200E+02   0.112543E+02   0.285341E+01   0.102082E+00   0.563815E-02   0.124707E-01   0.150626E-01   0.153648E-01  -0.288937E+04   0.135671E+02   0.000000E+00  -0.290294E+04   0.580587E+04
   0.400696E+02  -0.219414E+01   0.198432E+01   0.388835E+01   0.497749E+01   0.292772E+02  -0.689575E+01   0.208973E+02  -0.282798E-02  -0.366397E+01   0.539496E+01   0.165392E+02   0.112543E+02   0.285341E+01   0.102082E+00   0.530701E-02   0.111609E-01   0.153233E-01   0.145246E-01  -0.287233E+04   0.137891E+02   0.000000E+00  -0.288612E+04   0.577224E+04
   0.400696E+02  -0.219414E+01   0.291492E+01   0.418752E+01   0.497749E+01   0.298517E+02  -0.689575E+01   0.208973E+02  -0.444690E+01  -0.457041E+01  -0.542325E+01   0.165392E+02   0.112543E+02   0.285341E+01   0.102160E+00   0.565684E-02   0.112305E-01   0.152980E-01   0.136406E-01  -0.233351E+04   0.138381E+02   0.000000E+00  -0.234735E+04   0.469470E+04
   0.400696E+02  -0.219414E+01   0.291492E+01   0.691723E+00   0.497749E+01   0.309784E+02  -0.689575E+01   0.208973E+02  -0.444690E+01  -0.112016E+02  -0.542325E+01   0.142018E+02   0.110264E+02   0.285341E+01   0.102214E+00   0.515313E-02   0.114025E-01   0.156962E-01   0.143287E-01  -0.174864E+04   0.137626E+02   0.000000E+00  -0.176240E+04   0.352481E+04
   0.400696E+02  -0.219414E+01   0.291492E+01   0.691723E+00   0.571999E+01   0.309784E+02  -0.144645E+01   0.208973E+02  -0.444690E+01  -0.112016E+02  -0.871851E+01   0.142018E+02   0.101607E+02   0.285341E+01   0.103274E+00   0.545546E-02   0.128172E-01   0.156607E-01   0.145983E-01  -0.150663E+04   0.135675E+02   0.000000E+00  -0.152020E+04   0.304040E+04
   0.400696E+02  -0.219414E+01   0.291492E+01   0.691723E+00   0.694572E+01   0.309784E+02  -0.144645E+01   0.208973E+02  -0.444690E+01  -0.112016E+02  -0.871851E+01   0.137396E+02   0.101607E+02  -0.558577E+01   0.103744E+00   0.591301E-02   0.128280E-01   0.178545E-01   0.147938E-01  -0.144469E+04   0.132817E+02   0.000000E+00  -0.145797E+04   0.291594E+04
   0.400696E+02  -0.219414E+01   0.417049E+01   0.691723E+00   0.694572E+01   0.309784E+02  -0.144645E+01   0.208973E+02  -0.444690E+01  -0.116236E+02  -0.871851E+01   0.137396E+02   0.101607E+02  -0.558577E+01   0.103744E+00   0.624596E-02   0.119587E-01   0.189094E-01   0.151551E-01  -0.138760E+04   0.131938E+02   0.000000E+00  -0.140079E+04   0.280159E+04
   0.400696E+02  -0.219414E+01   0.417049E+01   0.691723E+00   0.694572E+01   0.309784E+02  -0.144645E+01   0.208973E+02  -0.444690E+01  -0.116236E+02  -0.871851E+01   0.137396E+02   0.101607E+02  -0.558577E+01   0.103904E+00   0.544286E-02   0.118690E-01   0.189354E-01   0.158966E-01  -0.138233E+04   0.132063E+02   0.000000E+00  -0.139554E+04   0.279107E+04
   0.404531E+02  -0.219414E+01   0.417049E+01   0.691723E+00   0.874898E+01   0.321397E+02  -0.144645E+01   0.208973E+02  -0.448767E+01  -0.116236E+02  -0.871851E+01   0.137396E+02   0.101607E+02  -0.558577E+01   0.104447E+00   0.648949E-02   0.120822E-01   0.181561E-01   0.169387E-01  -0.132861E+04   0.130540E+02   0.000000E+00  -0.134166E+04   0.268333E+04
   0.404531E+02  -0.219414E+01   0.417049E+01   0.691723E+00   0.874898E+01   0.321397E+02  -0.226422E+01   0.208973E+02  -0.448767E+01  -0.116236E+02  -0.890590E+01   0.137396E+02   0.101607E+02  -0.558577E+01   0.105356E+00   0.432533E-02   0.125077E-01   0.189128E-01   0.154156E-01  -0.129182E+04   0.133045E+02   0.000000E+00  -0.130512E+04   0.261025E+04
   0.404531E+02  -0.219414E+01   0.417049E+01   0.478122E+01   0.874898E+01   0.335767E+02  -0.226422E+01   0.208973E+02  -0.448767E+01  -0.116236E+02  -0.890590E+01   0.137396E+02   0.101607E+02  -0.558577E+01   0.105356E+00   0.535530E-02   0.113616E-01   0.189086E-01   0.142915E-01  -0.127021E+04   0.134290E+02   0.000000E+00  -0.128364E+04   0.256728E+04
   0.404531E+02  -0.219414E+01   0.417049E+01   0.478122E+01   0.874898E+01   0.335767E+02  -0.226422E+01   0.208973E+02  -0.448767E+01  -0.116236E+02  -0.890590E+01   0.137396E+02   0.101607E+02  -0.558577E+01   0.106110E+00   0.630933E-02   0.123633E-01   0.174980E-01   0.142915E-01  -0.124782E+04   0.133745E+02   0.000000E+00  -0.126119E+04   0.252239E+04
   0.404531E+02  -0.219414E+01   0.436552E+01   0.478122E+01   0.874898E+01   0.335767E+02  -0.222037E+01   0.204148E+02  -0.448767E+01  -0.116236E+02  -0.890590E+01   0.132669E+02   0.101607E+02  -0.558577E+01   0.106110E+00   0.481283E-02   0.123597E-01   0.179549E-01   0.130348E-01  -0.114283E+04   0.136045E+02   0.000000E+00  -0.115643E+04   0.231287E+04
   0.404531E+02  -0.219414E+01   0.436552E+01   0.478122E+01   0.874898E+01   0.335767E+02  -0.222037E+01   0.204148E+02  -0.448767E+01  -0.116236E+02  -0.890590E+01   0.132669E+02   0.100873E+02  -0.558577E+01   0.106110E+00   0.369342E-02   0.112948E-01   0.173088E-01   0.137168E-01  -0.114060E+04   0.138193E+02   0.000000E+00  -0.115442E+04   0.230884E+04
   0.404531E+02  -0.219414E+01   0.647924E+01   0.478122E+01   0.874898E+01   0.335767E+02  -0.222037E+01   0.204148E+02  -0.448767E+01  -0.116236E+02  -0.890590E+01   0.132669E+02   0.100873E+02  -0.558577E+01   0.106110E+00   0.463641E-02   0.127075E-01   0.170685E-01   0.139804E-01  -0.114433E+04   0.135814E+02   0.000000E+00  -0.115791E+04   0.231582E+04
   0.404531E+02  -0.219414E+01   0.439027E+01   0.478122E+01   0.874898E+01   0.335767E+02  -0.222037E+01   0.204148E+02  -0.452888E+01  -0.116236E+02  -0.890590E+01   0.132669E+02   0.100873E+02  -0.558577E+01   0.106522E+00   0.598150E-02   0.131775E-01   0.156765E-01   0.144883E-01  -0.111933E+04   0.134883E+02   0.000000E+00  -0.113282E+04   0.226564E+04
   0.404531E+02  -0.219414E+01   0.439027E+01   0.510320E+01   0.874898E+01   0.335767E+02  -0.222037E+01   0.204148E+02  -0.452888E+01  -0.116236E+02  -0.890590E+01   0.132669E+02   0.100873E+02  -0.558577E+01   0.106522E+00   0.448591E-02   0.117136E-01   0.143650E-01   0.144407E-01  -0.111945E+04   0.139202E+02   0.000000E+00  -0.113337E+04   0.226674E+04
   0.404531E+02  -0.219414E+01   0.439027E+01   0.510320E+01   0.874898E+01   0.335767E+02  -0.222037E+01   0.204148E+02  -0.452888E+01  -0.116236E+02  -0.890590E+01   0.132669E+02   0.100873E+02  -0.558577E+01   0.107194E+00   0.601735E-02   0.117563E-01   0.146419E-01   0.142878E-01  -0.110163E+04   0.137503E+02   0.000000E+00  -0.111538E+04   0.223076E+04
   0.404531E+02  -0.219414E+01   0.439027E+01   0.510320E+01   0.874898E+01   0.335767E+02  -0.222037E+01   0.204148E+02  -0.452888E+01  -0.116236E+02  -0.890590E+01   0.132669E+02   0.100873E+02  -0.558577E+01   0.107194E+00   0.438085E-02   0.116579E-01   0.158754E-01   0.160598E-01  -0.110176E+04   0.136233E+02   0.000000E+00  -0.111538E+04   0.223077E+04
   0.404531E+02  -0.219414E+01   0.439027E+01   0.510320E+01   0.874898E+01   0.335767E+02  -0.222037E+01   0.204148E+02  -0.452888E+01  -0.116236E+02  -0.890590E+01   0.132669E+02   0.100873E+02  -0.558577E+01   0.107194E+00   0.387705E-02   0.105768E-01   0.144330E-01   0.168534E-01  -0.110153E+04   0.138467E+02   0.000000E+00  -0.111538E+04   0.223075E+04
   0.404531E+02  -0.219414E+01   0.439027E+01   0.510320E+01   0.874898E+01   0.335767E+02  -0.222037E+01   0.204148E+02  -0.452888E+01  -0.116236E+02  -0.890590E+01   0.132669E+02   0.100873E+02  -0.608145E+01   0.107194E+00   0.541792E-02   0.967616E-02   0.160437E-01   0.171637E-01  -0.108800E+04   0.135905E+02   0.000000E+00  -0.110159E+04   0.220318E+04
   0.404531E+02  -0.219414E+01   0.439027E+01   0.298069E+01   0.874898E+01   0.335767E+02  -0.222037E+01   0.204148E+02  -0.452888E+01  -0.116236E+02  -0.890590E+01   0.132669E+02   0.100873E+02  -0.608145E+01   0.107194E+00   0.551249E-02   0.733246E-02   0.155620E-01   0.193431E-01  -0.108757E+04   0.136457E+02   0.000000E+00  -0.110122E+04   0.220243E+04
   0.404531E+02  -0.219414E+01   0.504372E+01   0.298069E+01   0.109917E+02   0.335767E+02  -0.222037E+01   0.204148E+02  -0.452888E+01  -0.116236E+02  -0.890590E+01   0.132669E+02   0.100873E+02  -0.608145E+01   0.107194E+00   0.563768E-02   0.767399E-02   0.161383E-01   0.185921E-01  -0.108801E+04   0.136165E+02   0.000000E+00  -0.110163E+04   0.220325E+04
   0.404531E+02  -0.219414E+01   0.504372E+01   0.298069E+01   0.109917E+02   0.335767E+02  -0.222037E+01   0.204148E+02  -0.452888E+01  -0.116236E+02  -0.890590E+01   0.132669E+02   0.100873E+02  -0.608145E+01   0.108102E+00   0.486010E-02   0.624309E-02   0.161596E-01   0.183890E-01  -0.106422E+04   0.138555E+02   0.000000E+00  -0.107808E+04   0.215615E+04
   0.404531E+02  -0.136898E+01   0.504372E+01   0.430401E+01   0.109917E+02   0.335767E+02  -0.222037E+01   0.204148E+02  -0.452888E+01  -0.116236E+02  -0.890590E+01   0.132669E+02   0.100873E+02  -0.608145E+01   0.109637E+00   0.657498E-02   0.458006E-02   0.171619E-01   0.188370E-01  -0.102120E+04   0.137053E+02   0.000000E+00  -0.103491E+04   0.206981E+04
   0.404531E+02  -0.136898E+01   0.504372E+01   0.430401E+01   0.109917E+02   0.335767E+02  -0.222037E+01   0.204148E+02  -0.452888E+01  -0.116236E+02  -0.890590E+01   0.132669E+02   0.100873E+02  -0.608145E+01   0.109637E+00   0.479187E-02   0.492151E-02   0.192977E-01   0.188370E-01  -0.102127E+04   0.136359E+02   0.000000E+00  -0.103491E+04   0.206981E+04
   0.404531E+02  -0.136898E+01   0.504372E+01   0.502296E+01   0.109917E+02   0.335767E+02  -0.222037E+01   0.204148E+02  -0.452888E+01  -0.116236E+02  -0.890590E+01   0.132669E+02   0.100873E+02  -0.608145E+01   0.109637E+00   0.505538E-02   0.327798E-02   0.199911E-01   0.185820E-01  -0.102082E+04   0.137300E+02   0.000000E+00  -0.103455E+04   0.206910E+04
   0.404531E+02  -0.136898E+01   0.504372E+01   0.502296E+01   0.111597E+02   0.335767E+02  -0.222037E+01   0.204148E+02  -0.452888E+01  -0.116236E+02  -0.890590E+01   0.132669E+02   0.100873E+02  -0.608145E+01   0.110198E+00   0.505538E-02   0.401349E-02   0.199911E-01   0.192388E-01  -0.100767E+04   0.135908E+02   0.000000E+00  -0.102126E+04   0.204252E+04
   0.404531E+02  -0.136898E+01   0.504372E+01   0.502296E+01   0.111597E+02   0.335767E+02  -0.222037E+01   0.204148E+02  -0.452888E+01  -0.116236E+02  -0.890590E+01   0.132669E+02   0.100873E+02  -0.608145E+01   0.110198E+00   0.603678E-02   0.401349E-02   0.180031E-01   0.171956E-01  -0.100736E+04   0.138958E+02   0.000000E+00  -0.102126E+04   0.204251E+04
   0.404531E+02  -0.136898E+01   0.504372E+01   0.502296E+01   0.111597E+02   0.335767E+02  -0.222037E+01   0.204148E+02  -0.452888E+01  -0.116236E+02  -0.890590E+01   0.132669E+02   0.100873E+02  -0.608145E+01   0.110198E+00   0.429212E-02   0.509293E-02   0.189161E-01   0.162432E-01  -0.100729E+04   0.139662E+02   0.000000E+00  -0.102126E+04   0.204251E+04
   0.404531E+02  -0.133672E+01   0.676310E+01   0.502296E+01   0.111597E+02   0.335767E+02  -0.222037E+01   0.204148E+02  -0.452888E+01  -0.116236E+02  -0.890590E+01   0.132669E+02   0.100873E+02  -0.608145E+01   0.111050E+00   0.331094E-02   0.777790E-02   0.189639E-01   0.140819E-01  -0.987443E+03   0.140072E+02   0.000000E+00  -0.100145E+04   0.200290E+04
   0.407779E+02  -0.133672E+01   0.676310E+01   0.502296E+01   0.111597E+02   0.335767E+02  -0.222037E+01   0.204148E+02  -0.452888E+01  -0.116236E+02  -0.890590E+01   0.132669E+02   0.100873E+02  -0.608145E+01   0.111050E+00   0.704645E-03   0.723967E-02   0.212050E-01   0.134681E-01  -0.985424E+03   0.141589E+02   0.000000E+00  -0.999583E+03   0.199917E+04
   0.407779E+02  -0.386428E+00   0.676310E+01   0.502296E+01   0.111597E+02   0.335717E+02  -0.222037E+01   0.204148E+02  -0.452888E+01  -0.116236E+02  -0.890590E+01   0.132669E+02   0.100873E+02  -0.608145E+01   0.111050E+00   0.124117E-02   0.737673E-02   0.186203E-01   0.110361E-01  -0.983817E+03   0.145933E+02   0.000000E+00  -0.998410E+03   0.199682E+04
   0.407779E+02  -0.386428E+00   0.676310E+01   0.502296E+01   0.111597E+02   0.335717E+02  -0.222037E+01   0.204148E+02  -0.452888E+01  -0.116236E+02  -0.890590E+01   0.132669E+02   0.100873E+02  -0.608145E+01   0.111050E+00   0.124117E-02   0.741185E-02   0.188166E-01   0.112882E-01  -0.983865E+03   0.145449E+02   0.000000E+00  -0.998410E+03   0.199682E+04
   0.407779E+02  -0.386428E+00   0.676310E+01   0.502296E+01   0.111597E+02   0.335717E+02  -0.219019E+01   0.204148E+02  -0.452888E+01  -0.116236E+02  -0.890590E+01   0.132669E+02   0.100873E+02  -0.608145E+01   0.111050E+00   0.478678E-03   0.553443E-02   0.188906E-01   0.128888E-01  -0.983733E+03   0.146414E+02   0.000000E+00  -0.998374E+03   0.199675E+04
   0.407779E+02  -0.386428E+00   0.676310E+01   0.502296E+01   0.111597E+02   0.335717E+02  -0.219019E+01   0.204148E+02  -0.452888E+01  -0.116236E+02  -0.890590E+01   0.132669E+02   0.100873E+02  -0.608145E+01   0.111050E+00   0.927359E-03   0.340447E-02   0.190010E-01   0.129144E-01  -0.983578E+03   0.147960E+02   0.000000E+00  -0.998374E+03   0.199675E+04
   0.407779E+02  -0.386428E+00   0.676310E+01   0.638327E+01   0.111597E+02   0.335717E+02  -0.219019E+01   0.204148E+02  -0.452888E+01  -0.116236E+02  -0.890590E+01   0.132669E+02   0.100873E+02  -0.608145E+01   0.111036E+00   0.304715E-02   0.446137E-03   0.194046E-01   0.143906E-01  -0.983186E+03   0.146918E+02   0.000000E+00  -0.997878E+03   0.199576E+04
   0.407779E+02  -0.386428E+00   0.676310E+01   0.559982E+01   0.111597E+02   0.335717E+02  -0.219019E+01   0.204148E+02  -0.452888E+01  -0.116236E+02  -0.890590E+01   0.132669E+02   0.100873E+02  -0.608145E+01   0.111088E+00   0.292239E-02   0.111595E-02   0.201468E-01   0.129823E-01  -0.982063E+03   0.147039E+02   0.000000E+00  -0.996767E+03   0.199353E+04
   0.407779E+02  -0.386428E+00   0.676310E+01   0.559982E+01   0.111597E+02   0.335717E+02  -0.219019E+01   0.204148E+02  -0.452888E+01  -0.116236E+02  -0.890590E+01   0.132669E+02   0.100873E+02  -0.608145E+01   0.111088E+00   0.281280E-02   0.403852E-02   0.217721E-01   0.141293E-01  -0.982622E+03   0.141454E+02   0.000000E+00  -0.996767E+03   0.199353E+04
   0.407779E+02  -0.386428E+00   0.723708E+01   0.559982E+01   0.111597E+02   0.335717E+02  -0.219019E+01   0.204148E+02  -0.452888E+01  -0.116236E+02  -0.890590E+01   0.132669E+02   0.100873E+02  -0.608145E+01   0.112660E+00   0.232586E-02   0.433439E-02   0.215494E-01   0.134135E-01  -0.947331E+03   0.142584E+02   0.000000E+00  -0.961589E+03   0.192318E+04
   0.407779E+02  -0.386428E+00   0.723708E+01   0.488057E+01   0.111597E+02   0.335717E+02  -0.219019E+01   0.204148E+02  -0.452888E+01  -0.116236E+02  -0.890590E+01   0.132669E+02   0.100873E+02  -0.608145E+01   0.112660E+00   0.232586E-02   0.189216E-02   0.226488E-01   0.131013E-01  -0.948095E+03   0.144239E+02   0.000000E+00  -0.962519E+03   0.192504E+04
   0.407779E+02  -0.386428E+00   0.723708E+01   0.488057E+01   0.111597E+02   0.346285E+02  -0.215781E+01   0.204148E+02  -0.452888E+01  -0.116236E+02  -0.890590E+01   0.132669E+02   0.100873E+02  -0.608145E+01   0.112660E+00   0.255409E-02   0.115872E-02   0.231568E-01   0.120806E-01  -0.945762E+03   0.145257E+02   0.000000E+00  -0.960288E+03   0.192058E+04
   0.407779E+02  -0.386428E+00   0.723708E+01   0.667238E+01   0.100994E+02   0.346285E+02  -0.215781E+01   0.204148E+02  -0.452888E+01  -0.116236E+02  -0.890590E+01   0.132669E+02   0.100873E+02  -0.608145E+01   0.113803E+00   0.682388E-03   0.115872E-02   0.231936E-01   0.109837E-01  -0.920186E+03   0.148188E+02   0.000000E+00  -0.935005E+03   0.187001E+04
   0.406792E+02  -0.386428E+00   0.723708E+01   0.667238E+01   0.100994E+02   0.346285E+02  -0.216017E+01   0.204148E+02  -0.452888E+01  -0.116236E+02  -0.890590E+01   0.132669E+02   0.100873E+02  -0.608145E+01   0.113803E+00   0.682388E-03   0.289394E-02   0.259040E-01   0.127422E-01  -0.921268E+03   0.141984E+02   0.000000E+00  -0.935466E+03   0.187093E+04
   0.406792E+02  -0.386428E+00   0.417004E+01   0.475174E+01   0.100994E+02   0.346285E+02  -0.216017E+01   0.204148E+02  -0.452888E+01  -0.116236E+02  -0.890590E+01   0.132669E+02   0.100873E+02  -0.608145E+01   0.114688E+00   0.398914E-03   0.311592E-02   0.241810E-01   0.118821E-01  -0.903880E+03   0.144629E+02   0.000000E+00  -0.918343E+03   0.183669E+04
   0.406792E+02  -0.386428E+00   0.417004E+01   0.475174E+01   0.100994E+02   0.346285E+02  -0.216017E+01   0.204148E+02  -0.452888E+01  -0.116236E+02  -0.890590E+01   0.132669E+02   0.100873E+02  -0.608145E+01   0.114688E+00   0.398914E-03   0.311592E-02   0.243516E-01   0.124748E-01  -0.903956E+03   0.143866E+02   0.000000E+00  -0.918343E+03   0.183669E+04
   0.406792E+02  -0.386428E+00   0.417004E+01   0.475174E+01   0.100994E+02   0.346285E+02  -0.216017E+01   0.204148E+02  -0.452888E+01  -0.116236E+02  -0.890590E+01   0.132669E+02   0.100873E+02  -0.608145E+01   0.115507E+00   0.398914E-03   0.104839E-02   0.253664E-01   0.124857E-01  -0.886740E+03   0.144907E+02   0.000000E+00  -0.901231E+03   0.180246E+04
   0.406792E+02  -0.386428E+00   0.417004E+01   0.475174E+01   0.100994E+02   0.346285E+02  -0.216017E+01   0.204148E+02  -0.452888E+01  -0.116236E+02  -0.890590E+01   0.132669E+02   0.100873E+02  -0.608145E+01   0.115507E+00   0.236954E-02   0.297520E-02   0.248056E-01   0.124573E-01  -0.887070E+03   0.141599E+02   0.000000E+00  -0.901230E+03   0.180246E+04
   0.406792E+02  -0.386428E+00   0.417004E+01   0.475174E+01   0.100994E+02   0.346285E+02  -0.216017E+01   0.204148E+02  -0.452888E+01  -0.116236E+02  -0.890590E+01   0.132669E+02   0.100873E+02  -0.608145E+01   0.115507E+00   0.302396E-02   0.187971E-02   0.263476E-01   0.100150E-01  -0.886936E+03   0.142941E+02   0.000000E+00  -0.901230E+03   0.180246E+04
   0.406792E+02  -0.386428E+00   0.417004E+01   0.594650E+01   0.100994E+02   0.346285E+02  -0.216017E+01   0.204148E+02  -0.452888E+01  -0.116236E+02  -0.890590E+01   0.132669E+02   0.100873E+02  -0.608145E+01   0.115507E+00   0.302396E-02   0.272299E-03   0.279623E-01   0.867668E-02  -0.885602E+03   0.144272E+02   0.000000E+00  -0.900029E+03   0.180006E+04
   0.406792E+02  -0.386428E+00   0.417004E+01   0.594650E+01   0.105282E+02   0.346285E+02  -0.216017E+01   0.204148E+02  -0.452888E+01  -0.116236E+02  -0.890590E+01   0.132669E+02   0.100873E+02  -0.608145E+01   0.115815E+00   0.266036E-02   0.272299E-03   0.289460E-01   0.846655E-02  -0.879782E+03   0.143862E+02   0.000000E+00  -0.894168E+03   0.178834E+04
   0.406792E+02  -0.386428E+00   0.417004E+01   0.594650E+01   0.105282E+02   0.346285E+02  -0.216017E+01   0.204148E+02  -0.452888E+01  -0.116236E+02  -0.890590E+01   0.132669E+02   0.100873E+02  -0.608145E+01   0.115815E+00   0.235984E-02   0.272299E-03   0.286538E-01   0.800209E-02  -0.879676E+03   0.144919E+02   0.000000E+00  -0.894168E+03   0.178834E+04
   0.406792E+02  -0.386428E+00   0.417004E+01   0.648565E+01   0.105282E+02   0.339841E+02  -0.216017E+01   0.204148E+02  -0.452888E+01  -0.116236E+02  -0.890590E+01   0.132669E+02   0.100873E+02  -0.608145E+01   0.115815E+00   0.368966E-02   0.775700E-03   0.289767E-01   0.897189E-02  -0.881357E+03   0.141793E+02   0.000000E+00  -0.895536E+03   0.179107E+04
   0.406792E+02  -0.386428E+00   0.417004E+01   0.648565E+01   0.105282E+02   0.339841E+02  -0.216017E+01   0.204148E+02  -0.452888E+01  -0.116236E+02  -0.890590E+01   0.132669E+02   0.100873E+02  -0.608145E+01   0.116216E+00   0.495027E-02   0.460150E-03   0.301953E-01   0.879083E-02  -0.873386E+03   0.139810E+02   0.000000E+00  -0.887367E+03   0.177473E+04
   0.406792E+02  -0.776966E+00   0.417004E+01   0.648565E+01   0.963155E+01   0.339841E+02  -0.216017E+01   0.204148E+02  -0.452888E+01  -0.116236E+02  -0.890590E+01   0.132669E+02   0.100873E+02  -0.608145E+01   0.116216E+00   0.308069E-02   0.314007E-02   0.293786E-01   0.926493E-02  -0.873030E+03   0.139343E+02   0.000000E+00  -0.886964E+03   0.177393E+04
   0.406792E+02  -0.776966E+00   0.446823E+01   0.425160E+01   0.963155E+01   0.339841E+02  -0.216017E+01   0.204148E+02  -0.452888E+01  -0.116236E+02  -0.890590E+01   0.132669E+02   0.100873E+02  -0.608145E+01   0.116216E+00   0.442498E-02   0.109924E-02   0.296049E-01   0.727494E-02  -0.872223E+03   0.141803E+02   0.000000E+00  -0.886403E+03   0.177281E+04
   0.406792E+02  -0.776966E+00   0.446823E+01   0.425160E+01   0.963155E+01   0.339841E+02  -0.216017E+01   0.204148E+02  -0.452888E+01  -0.116236E+02  -0.890590E+01   0.132669E+02   0.100873E+02  -0.608145E+01   0.116216E+00   0.376035E-02   0.187101E-02   0.266826E-01   0.621293E-02  -0.871835E+03   0.145680E+02   0.000000E+00  -0.886403E+03   0.177281E+04
   0.406792E+02  -0.776966E+00   0.441138E+01   0.425160E+01   0.963155E+01   0.339841E+02  -0.216017E+01   0.204148E+02  -0.452888E+01  -0.116236E+02  -0.890590E+01   0.132669E+02   0.100873E+02  -0.608145E+01   0.116216E+00   0.588868E-02   0.309036E-02   0.262214E-01   0.557582E-02  -0.872227E+03   0.143431E+02   0.000000E+00  -0.886570E+03   0.177314E+04
   0.406792E+02  -0.128910E+01   0.441138E+01   0.420625E+01   0.963155E+01   0.339841E+02  -0.216017E+01   0.204148E+02  -0.452888E+01  -0.116236E+02  -0.890590E+01   0.132669E+02   0.100873E+02  -0.608145E+01   0.116216E+00   0.614987E-02   0.339552E-02   0.260947E-01   0.625177E-02  -0.872409E+03   0.142315E+02   0.000000E+00  -0.886640E+03   0.177328E+04
   0.406792E+02  -0.128910E+01   0.441138E+01   0.420625E+01   0.963155E+01   0.339841E+02  -0.216017E+01   0.204148E+02  -0.452888E+01  -0.116236E+02  -0.890590E+01   0.132669E+02   0.100873E+02  -0.608145E+01   0.116178E+00   0.495404E-02   0.393727E-02   0.269724E-01   0.538507E-02  -0.873116E+03   0.142958E+02   0.000000E+00  -0.887412E+03   0.177482E+04
   0.406792E+02  -0.144853E+01   0.552278E+01   0.534985E+01   0.963155E+01   0.339841E+02  -0.216017E+01   0.204148E+02  -0.452888E+01  -0.116236E+02  -0.890590E+01   0.132669E+02   0.100873E+02  -0.608145E+01   0.116178E+00   0.565654E-02   0.330515E-02   0.304578E-01   0.571084E-02  -0.872103E+03   0.139076E+02   0.000000E+00  -0.886011E+03   0.177202E+04
   0.406792E+02  -0.144853E+01   0.552278E+01   0.381532E+01   0.963155E+01   0.339841E+02  -0.216017E+01   0.204102E+02  -0.452888E+01  -0.116236E+02  -0.890590E+01   0.132669E+02   0.100873E+02  -0.608145E+01   0.116205E+00   0.720619E-02   0.461724E-02   0.301121E-01   0.812612E-02  -0.872573E+03   0.134145E+02   0.000000E+00  -0.885988E+03   0.177198E+04
   0.406792E+02  -0.144853E+01   0.552278E+01   0.397581E+01   0.963155E+01   0.339841E+02  -0.283952E+01   0.204102E+02  -0.452888E+01  -0.116236E+02  -0.890590E+01   0.132669E+02   0.100873E+02  -0.608145E+01   0.117105E+00   0.101596E-01   0.458752E-02   0.286447E-01   0.707640E-02  -0.854331E+03   0.133739E+02   0.000000E+00  -0.867705E+03   0.173541E+04
   0.406792E+02  -0.144853E+01   0.552278E+01   0.397581E+01   0.963155E+01   0.339841E+02  -0.283952E+01   0.204102E+02  -0.452888E+01  -0.116236E+02  -0.890590E+01   0.132669E+02   0.100873E+02  -0.608145E+01   0.117105E+00   0.106150E-01   0.515454E-02   0.263848E-01   0.768950E-02  -0.854269E+03   0.134363E+02   0.000000E+00  -0.867705E+03   0.173541E+04
   0.406792E+02  -0.144853E+01   0.552278E+01   0.397581E+01   0.963155E+01   0.339841E+02  -0.283952E+01   0.204102E+02  -0.452888E+01  -0.116236E+02  -0.890590E+01   0.132669E+02   0.100873E+02  -0.608145E+01   0.117406E+00   0.142174E-01   0.438100E-02   0.263848E-01   0.872830E-02  -0.848726E+03   0.130495E+02   0.000000E+00  -0.861776E+03   0.172355E+04
   0.406792E+02  -0.122152E+01   0.552278E+01   0.397581E+01   0.963155E+01   0.339841E+02  -0.283952E+01   0.204102E+02  -0.452888E+01  -0.116236E+02  -0.890590E+01   0.132669E+02   0.100873E+02  -0.608145E+01   0.117488E+00   0.178420E-01   0.321298E-02   0.275640E-01   0.872830E-02  -0.847114E+03   0.126860E+02   0.000000E+00  -0.859800E+03   0.171960E+04
   0.406792E+02  -0.122152E+01   0.552278E+01   0.397581E+01   0.886781E+01   0.339841E+02  -0.283952E+01   0.204102E+02  -0.452888E+01  -0.116236E+02  -0.890590E+01   0.132669E+02   0.100873E+02  -0.608145E+01   0.117880E+00   0.168478E-01   0.444599E-02   0.258444E-01   0.872830E-02  -0.839903E+03   0.128340E+02   0.000000E+00  -0.852737E+03   0.170547E+04
   0.406792E+02  -0.122152E+01   0.552278E+01   0.397581E+01   0.886781E+01   0.339841E+02  -0.283952E+01   0.204102E+02  -0.452888E+01  -0.116236E+02  -0.890590E+01   0.132669E+02   0.100873E+02  -0.608145E+01   0.118852E+00   0.153419E-01   0.504748E-02   0.236634E-01   0.570489E-02  -0.820746E+03   0.134449E+02   0.000000E+00  -0.834191E+03   0.166838E+04
   0.406792E+02  -0.122152E+01   0.552278E+01   0.397581E+01   0.886781E+01   0.339841E+02  -0.283952E+01   0.204102E+02  -0.452888E+01  -0.116236E+02  -0.890590E+01   0.132669E+02   0.100873E+02  -0.608145E+01   0.118852E+00   0.133565E-01   0.615051E-02   0.246198E-01   0.652380E-02  -0.820835E+03   0.133556E+02   0.000000E+00  -0.834191E+03   0.166838E+04
   0.406792E+02  -0.122152E+01   0.552278E+01   0.397581E+01   0.109303E+02   0.339841E+02  -0.283952E+01   0.204102E+02  -0.452888E+01  -0.116236E+02  -0.890590E+01   0.132669E+02   0.100873E+02  -0.608145E+01   0.120497E+00   0.825707E-02   0.592942E-02   0.219164E-01   0.545907E-02  -0.789392E+03   0.142645E+02   0.000000E+00  -0.803656E+03   0.160731E+04
   0.406792E+02  -0.122152E+01   0.552278E+01   0.397581E+01   0.116837E+02   0.339841E+02  -0.283952E+01   0.204102E+02  -0.452888E+01  -0.116236E+02  -0.890590E+01   0.132669E+02   0.100873E+02  -0.608145E+01   0.120549E+00   0.947079E-02   0.589365E-02   0.232053E-01   0.108963E-01  -0.790193E+03   0.134741E+02   0.000000E+00  -0.803667E+03   0.160733E+04
   0.406792E+02  -0.150163E+01   0.552278E+01   0.323180E+01   0.118679E+02   0.341324E+02  -0.283952E+01   0.204102E+02  -0.452888E+01  -0.116236E+02  -0.890590E+01   0.132669E+02   0.100873E+02  -0.608145E+01   0.120549E+00   0.926595E-02   0.190878E-02   0.232053E-01   0.963788E-02  -0.791081E+03   0.140189E+02   0.000000E+00  -0.805100E+03   0.161020E+04
   0.406792E+02  -0.150163E+01   0.552278E+01   0.323180E+01   0.118679E+02   0.341324E+02  -0.283952E+01   0.204102E+02  -0.452888E+01  -0.116236E+02  -0.890590E+01   0.132669E+02   0.100873E+02  -0.608145E+01   0.120586E+00   0.122618E-01   0.530568E-02   0.247034E-01   0.742129E-02  -0.790977E+03   0.134515E+02   0.000000E+00  -0.804428E+03   0.160886E+04
   0.406792E+02  -0.150163E+01   0.552278E+01   0.400391E+01   0.111381E+02   0.341324E+02  -0.283952E+01   0.204102E+02  -0.452888E+01  -0.116236E+02  -0.890590E+01   0.132669E+02   0.100873E+02  -0.608145E+01   0.121608E+00   0.131768E-01   0.401266E-02   0.238655E-01   0.783804E-02  -0.770368E+03   0.135314E+02   0.000000E+00  -0.783899E+03   0.156780E+04
   0.406792E+02  -0.150163E+01   0.552278E+01   0.400391E+01   0.984136E+01   0.341324E+02  -0.283952E+01   0.204102E+02  -0.452888E+01  -0.116236E+02  -0.890590E+01   0.132669E+02   0.100873E+02  -0.616661E+01   0.121608E+00   0.135725E-01   0.125632E-02   0.224461E-01   0.902343E-02  -0.767160E+03   0.137908E+02   0.000000E+00  -0.780951E+03   0.156190E+04
   0.406792E+02  -0.150163E+01   0.552278E+01   0.400391E+01   0.984136E+01   0.341324E+02  -0.283952E+01   0.204102E+02  -0.452888E+01  -0.116236E+02  -0.890590E+01   0.132669E+02   0.100873E+02  -0.616661E+01   0.122078E+00   0.135725E-01   0.125632E-02   0.218750E-01   0.109972E-01  -0.759151E+03   0.136506E+02   0.000000E+00  -0.772802E+03   0.154560E+04
   0.406792E+02  -0.150163E+01   0.552278E+01   0.400391E+01   0.984136E+01   0.341324E+02  -0.283952E+01   0.204102E+02  -0.452888E+01  -0.116236E+02  -0.890590E+01   0.132669E+02   0.100873E+02  -0.616661E+01   0.122587E+00   0.986689E-02   0.136623E-02   0.213243E-01   0.100792E-01  -0.749932E+03   0.141570E+02   0.000000E+00  -0.764089E+03   0.152818E+04
   0.406792E+02  -0.150163E+01   0.552278E+01   0.400391E+01   0.984136E+01   0.341324E+02  -0.283952E+01   0.204102E+02  -0.452888E+01  -0.116236E+02  -0.890590E+01   0.132669E+02   0.100873E+02  -0.616661E+01   0.122587E+00   0.106868E-01   0.136623E-02   0.237042E-01   0.141971E-01  -0.750664E+03   0.134252E+02   0.000000E+00  -0.764089E+03   0.152818E+04
   0.406792E+02  -0.150163E+01   0.552278E+01   0.400391E+01   0.970544E+01   0.341324E+02  -0.283952E+01   0.204102E+02  -0.452888E+01  -0.116236E+02  -0.890590E+01   0.132669E+02   0.100873E+02  -0.616661E+01   0.122587E+00   0.127796E-01   0.136623E-02   0.217323E-01   0.139191E-01  -0.750687E+03   0.134410E+02   0.000000E+00  -0.764128E+03   0.152826E+04
   0.406792E+02  -0.150163E+01   0.552278E+01   0.400391E+01   0.938818E+01   0.341324E+02  -0.283952E+01   0.204102E+02  -0.452888E+01  -0.116236E+02  -0.890590E+01   0.132669E+02   0.100873E+02  -0.616661E+01   0.122587E+00   0.127796E-01   0.180594E-04   0.271142E-01   0.127267E-01  -0.751124E+03   0.131568E+02   0.000000E+00  -0.764281E+03   0.152856E+04
   0.406792E+02  -0.150163E+01   0.552278E+01   0.400391E+01   0.938818E+01   0.341324E+02  -0.283952E+01   0.204102E+02  -0.452888E+01  -0.116236E+02  -0.890590E+01   0.132669E+02   0.100873E+02  -0.616661E+01   0.122587E+00   0.115025E-01   0.180594E-04   0.246654E-01   0.146938E-01  -0.750949E+03   0.133327E+02   0.000000E+00  -0.764282E+03   0.152856E+04
   0.406116E+02  -0.150163E+01   0.552278E+01   0.576879E+01   0.938818E+01   0.341324E+02  -0.283952E+01   0.204102E+02  -0.452888E+01  -0.116236E+02  -0.890590E+01   0.132669E+02   0.100873E+02  -0.616661E+01   0.122587E+00   0.107171E-01   0.180594E-04   0.243000E-01   0.151689E-01  -0.751239E+03   0.134003E+02   0.000000E+00  -0.764639E+03   0.152928E+04
   0.406116E+02  -0.150163E+01   0.552278E+01   0.576879E+01   0.938818E+01   0.341324E+02  -0.283952E+01   0.204102E+02  -0.452888E+01  -0.116236E+02  -0.890590E+01   0.132669E+02   0.100873E+02  -0.616661E+01   0.122587E+00   0.112557E-01   0.832565E-03   0.253644E-01   0.152801E-01  -0.751492E+03   0.131474E+02   0.000000E+00  -0.764639E+03   0.152928E+04
   0.406116E+02  -0.150163E+01   0.552278E+01   0.576879E+01   0.938818E+01   0.340086E+02  -0.283952E+01   0.204102E+02  -0.452888E+01  -0.116236E+02  -0.890590E+01   0.132669E+02   0.100873E+02  -0.616661E+01   0.123892E+00   0.106543E-01   0.104774E-02   0.242341E-01   0.163427E-01  -0.730335E+03   0.131928E+02   0.000000E+00  -0.743528E+03   0.148706E+04
   0.406116E+02  -0.150163E+01   0.552278E+01   0.576879E+01   0.938818E+01   0.340086E+02  -0.283952E+01   0.204102E+02  -0.452888E+01  -0.116236E+02  -0.890590E+01   0.132669E+02   0.100873E+02  -0.616661E+01   0.123892E+00   0.605147E-02   0.267574E-03   0.212891E-01   0.193768E-01  -0.729806E+03   0.137222E+02   0.000000E+00  -0.743528E+03   0.148706E+04
   0.406116E+02  -0.150163E+01   0.552278E+01   0.576879E+01   0.938818E+01   0.340086E+02  -0.283952E+01   0.204102E+02  -0.452888E+01  -0.116236E+02  -0.890590E+01   0.132669E+02   0.100873E+02  -0.616661E+01   0.123892E+00   0.369657E-02   0.267574E-03   0.178624E-01   0.187494E-01  -0.729165E+03   0.143631E+02   0.000000E+00  -0.743528E+03   0.148706E+04
   0.406116E+02  -0.150163E+01   0.552278E+01   0.576879E+01   0.832760E+01   0.340086E+02  -0.283952E+01   0.204102E+02  -0.452888E+01  -0.116236E+02  -0.890590E+01   0.132669E+02   0.100873E+02  -0.616661E+01   0.123892E+00   0.597213E-02   0.335883E-02   0.172834E-01   0.172876E-01  -0.730895E+03   0.140305E+02   0.000000E+00  -0.744925E+03   0.148985E+04
   0.406116E+02  -0.150163E+01   0.552278E+01   0.576879E+01   0.832760E+01   0.340086E+02  -0.283952E+01   0.204102E+02  -0.452888E+01  -0.116236E+02  -0.890590E+01   0.132669E+02   0.100873E+02  -0.616661E+01   0.123892E+00   0.673439E-02   0.335883E-02   0.156435E-01   0.162492E-01  -0.730704E+03   0.142221E+02   0.000000E+00  -0.744926E+03   0.148985E+04
   0.406116E+02  -0.150163E+01   0.552278E+01   0.576879E+01   0.832760E+01   0.340086E+02  -0.283952E+01   0.204102E+02  -0.452888E+01  -0.116236E+02  -0.890590E+01   0.132669E+02   0.100873E+02  -0.616661E+01   0.123892E+00   0.673439E-02   0.335883E-02   0.139347E-01   0.130101E-01  -0.730209E+03   0.147169E+02   0.000000E+00  -0.744926E+03   0.148985E+04
   0.402113E+02  -0.150163E+01   0.552278E+01   0.576879E+01   0.832760E+01   0.340086E+02  -0.283952E+01   0.204102E+02  -0.452888E+01  -0.116236E+02  -0.890590E+01   0.132669E+02   0.100873E+02  -0.616661E+01   0.126786E+00   0.556428E-02   0.306405E-02   0.131249E-01   0.130101E-01  -0.685656E+03   0.149443E+02   0.000000E+00  -0.700600E+03   0.140120E+04
   0.406771E+02  -0.150163E+01   0.552278E+01   0.576879E+01   0.832760E+01   0.340086E+02  -0.283952E+01   0.204102E+02  -0.452888E+01  -0.116236E+02  -0.890590E+01   0.132669E+02   0.100873E+02  -0.616661E+01   0.126786E+00   0.496442E-02   0.271787E-02   0.145545E-01   0.136978E-01  -0.684340E+03   0.148272E+02   0.000000E+00  -0.699167E+03   0.139833E+04
   0.406771E+02  -0.150163E+01   0.552278E+01   0.431197E+01   0.832760E+01   0.340086E+02  -0.283952E+01   0.204102E+02  -0.452888E+01  -0.116236E+02  -0.890590E+01   0.132720E+02   0.100873E+02  -0.616661E+01   0.127643E+00   0.714212E-02   0.155677E-02   0.134750E-01   0.109257E-01  -0.670373E+03   0.151107E+02   0.000000E+00  -0.685484E+03   0.137097E+04
   0.406771E+02  -0.150163E+01   0.552278E+01   0.431197E+01   0.832760E+01   0.340086E+02  -0.283952E+01   0.204102E+02  -0.452888E+01  -0.116236E+02  -0.890590E+01   0.132720E+02   0.100873E+02  -0.616661E+01   0.128507E+00   0.646468E-02   0.228928E-02   0.139632E-01   0.708688E-02  -0.657315E+03   0.154403E+02   0.000000E+00  -0.672755E+03   0.134551E+04
   0.406771E+02  -0.150163E+01   0.538771E+01   0.431197E+01   0.832760E+01   0.340086E+02  -0.283952E+01   0.204102E+02  -0.452888E+01  -0.116236E+02  -0.890590E+01   0.132720E+02   0.100873E+02  -0.616661E+01   0.128507E+00   0.815127E-02   0.228928E-02   0.121683E-01   0.975032E-02  -0.657513E+03   0.151848E+02   0.000000E+00  -0.672698E+03   0.134540E+04
