Kmin_MC_Up_a0  Kmin_MC_Up_a1  Kmin_MC_Up_a2  Kmin_TR_a0     Kmin_TR_a1     Kmin_TR_a2     Y1_intercept   Y2_intercept   Y3_intercept   Y4_intercept   Y5_intercept   LogPost        
   0.315400E+02   0.348730E+00   0.925205E+00   0.261790E+02  -0.368415E+01   0.193793E+01   0.188255E-01   0.213176E-01   0.190589E-01   0.762011E-02   0.340522E-03  -0.452753E+02
   0.316335E+02  -0.257829E+01   0.200185E+01   0.271327E+02   0.481408E+01  -0.539261E+00   0.258847E-01   0.702879E-02   0.684325E-02   0.381235E-02   0.146416E-01  -0.458863E+02
   0.327207E+02  -0.403966E+00   0.502401E+00   0.262564E+02  -0.220054E+01   0.373846E+00   0.823225E-02   0.187027E-01   0.145354E-02   0.323721E-01   0.114466E-01  -0.445003E+02
   0.314096E+02   0.786935E+00  -0.108380E+01   0.282598E+02   0.626015E+00   0.750678E+01   0.349890E-02   0.263352E-02   0.102392E-02   0.160200E-01   0.119234E-02  -0.434763E+02
   0.329512E+02  -0.256561E+01  -0.218118E+01   0.274290E+02   0.429426E+01  -0.394479E+01   0.118573E-01   0.186280E-02   0.414805E-02   0.122689E-01   0.729548E-02  -0.423702E+02
   0.345399E+02  -0.461559E+01   0.138149E+01   0.310147E+02   0.310241E+01  -0.394479E+01   0.252387E-01   0.232252E-02   0.706605E-02   0.117552E-01   0.261897E-02  -0.455157E+02
   0.319522E+02   0.556551E+00   0.378275E+00   0.301530E+02   0.399410E+01  -0.166647E+01   0.343232E-01   0.354518E-01   0.393693E-03   0.113530E-01   0.237850E-01  -0.494453E+02
   0.326890E+02   0.108889E+01  -0.761662E+00   0.275025E+02   0.220224E+00  -0.298726E+01   0.698753E-02   0.227159E-01   0.400253E-01   0.111906E-02   0.380755E-01  -0.489011E+02
   0.328802E+02  -0.190816E+01   0.149200E+01   0.288158E+02  -0.243655E+01   0.477498E+01   0.184074E-01   0.832562E-02   0.352777E-01   0.420136E-02   0.199731E-01  -0.463414E+02
   0.329746E+02  -0.190816E+01  -0.132192E+00   0.272828E+02  -0.134747E+01   0.170112E+01   0.235382E-01   0.205605E-01   0.150615E-02   0.835858E-04   0.142138E-02  -0.405722E+02
   0.305176E+02   0.379602E+00  -0.177656E+01   0.312989E+02   0.547520E+00   0.413229E+01   0.286909E-01   0.924628E-02   0.115636E-01   0.176880E-01   0.303256E-01  -0.522716E+02
   0.332091E+02  -0.367803E+00  -0.177656E+01   0.270947E+02  -0.348709E+01   0.182721E+01   0.241133E-02   0.152883E-02   0.863112E-02   0.264243E-01   0.162519E-01  -0.434002E+02
   0.342138E+02  -0.144349E+01  -0.670723E+01   0.265181E+02   0.234243E+01  -0.909045E+00   0.149598E-02   0.126860E-01   0.398257E-01   0.545598E-02   0.166829E-01  -0.477810E+02
   0.333144E+02  -0.135302E+01   0.169423E+01   0.257951E+02  -0.194416E+01  -0.359164E+01   0.334017E-01   0.478880E-01   0.183423E-02   0.120408E-01   0.934935E-02  -0.481804E+02
   0.339288E+02  -0.297077E+01   0.217045E+01   0.264664E+02   0.321253E+00   0.343319E+00   0.706050E-02   0.647313E-01   0.424713E-03   0.342665E-01   0.307530E-02  -0.493240E+02
   0.328032E+02  -0.959412E+00   0.115124E+01   0.281917E+02  -0.151938E+01   0.131121E+01   0.242777E-01   0.181430E-01   0.103464E-01   0.503140E-02   0.979289E-02  -0.428632E+02
   0.329812E+02   0.446498E+00   0.208810E+01   0.260556E+02  -0.474222E+01  -0.678866E+00   0.919809E-02   0.482193E-02   0.680672E-02   0.149565E-01   0.293070E-02  -0.434245E+02
   0.328819E+02  -0.306038E+00  -0.372960E+00   0.263666E+02  -0.151504E+01  -0.688871E+00   0.108664E-01   0.318621E-01   0.114437E-01   0.110989E-01   0.970471E-02  -0.442578E+02
   0.323704E+02   0.895677E+00   0.118392E+01   0.261898E+02  -0.503051E+01  -0.107958E+00   0.170922E-03   0.500622E-02   0.228492E-01   0.329621E-02   0.753428E-03  -0.432789E+02
   0.309485E+02  -0.110400E+01  -0.207075E+01   0.245493E+02   0.163873E+01   0.705902E+00   0.179058E-01   0.931762E-02   0.275497E-02   0.261179E-01   0.958735E-02  -0.498394E+02
   0.330780E+02  -0.408469E+01   0.533032E+00   0.289902E+02   0.306708E+01   0.703638E+01   0.966786E-02   0.128209E-01   0.216440E-02   0.300560E-01   0.772811E-02  -0.473428E+02
   0.322652E+02  -0.328503E+01   0.992724E+00   0.271698E+02   0.149297E+01  -0.796512E+00   0.336983E-01   0.527855E-02   0.216440E-02   0.901364E-02   0.954311E-02  -0.439067E+02
   0.322803E+02  -0.773591E+00  -0.157261E+01   0.259596E+02   0.544005E+01  -0.168117E+01   0.134055E-01   0.159761E-02   0.129101E-01   0.914787E-03   0.310096E-02  -0.426520E+02
   0.341046E+02  -0.284097E+01  -0.137918E+01   0.291028E+02  -0.147934E+01   0.656899E+01   0.255983E-02   0.282343E-02   0.117293E-01   0.141218E-02   0.131835E-01  -0.430711E+02
   0.343362E+02  -0.284097E+01  -0.132381E+01   0.272348E+02  -0.215206E+01  -0.401414E+01   0.728259E-02   0.672441E-02   0.230208E-02   0.223968E-02   0.202506E-01  -0.419560E+02
   0.346555E+02  -0.284097E+01   0.899860E-01   0.255841E+02  -0.179988E+01  -0.583113E+01   0.206772E-01   0.112045E-01   0.146067E-01   0.291540E-01   0.393757E-02  -0.476761E+02
   0.335539E+02   0.297604E+01   0.507461E+00   0.258895E+02  -0.228532E+01  -0.524538E+00   0.524046E-02   0.415670E-02   0.222726E-02   0.412697E-03   0.651724E-02  -0.456494E+02
   0.335466E+02  -0.888403E+00  -0.667824E+01   0.273275E+02  -0.341709E+01   0.225694E+01   0.989883E-02   0.179798E-01   0.105559E-01   0.135546E-01   0.138641E-01  -0.459752E+02
   0.345190E+02  -0.423412E+01  -0.143209E+01   0.276490E+02  -0.437602E+01   0.114283E+01   0.252920E-01   0.119421E-02   0.165573E-01   0.127133E-01   0.115676E-01  -0.451448E+02
   0.325804E+02  -0.189048E+01  -0.221408E+01   0.300478E+02  -0.125487E+01   0.426798E+01   0.502667E-02   0.299898E-02   0.240011E-01   0.853501E-02   0.272587E-01  -0.456617E+02
   0.330034E+02  -0.254035E+01   0.963215E+00   0.288587E+02   0.797058E+00  -0.386926E+01   0.731211E-02   0.117703E-01   0.415359E-02   0.170332E-01   0.634213E-02  -0.420405E+02
   0.340103E+02  -0.238986E+01  -0.180706E+01   0.281620E+02  -0.481063E+01   0.463141E+01   0.853420E-02   0.415848E-02   0.195887E-01   0.223913E-02   0.102879E-01  -0.435917E+02
   0.337235E+02  -0.295210E+01  -0.180706E+01   0.282285E+02  -0.375673E+01   0.915630E+00   0.147987E-02   0.137361E-01   0.166473E-01   0.389436E-03   0.392662E-02  -0.417928E+02
   0.325534E+02  -0.252940E+01   0.319954E+01   0.273149E+02  -0.151990E+00   0.340784E+01   0.200088E-03   0.531222E-02   0.226117E-01   0.389436E-03   0.965439E-02  -0.432104E+02
   0.342930E+02  -0.138959E+01  -0.161194E+01   0.297504E+02   0.400105E+01  -0.320157E+01   0.109843E-01   0.244815E-02   0.204413E-01   0.897463E-02   0.446047E-02  -0.445754E+02
   0.343187E+02  -0.754725E+00  -0.437364E+01   0.279396E+02  -0.219698E+01   0.547878E+01   0.923183E-02   0.981604E-02   0.128851E-01   0.173822E-02   0.198851E-02  -0.430987E+02
   0.336282E+02   0.150590E+01  -0.607483E+01   0.259610E+02  -0.192756E+01  -0.117211E-01   0.252669E-01   0.475763E-01   0.126243E-01   0.169582E-01   0.899508E-02  -0.503926E+02
   0.314885E+02   0.150590E+01  -0.127834E+01   0.271225E+02   0.324098E+00  -0.104239E+00   0.163294E-01   0.312597E-02   0.570359E-02   0.187790E-02   0.114282E-01  -0.415456E+02
   0.323392E+02  -0.361442E+01   0.312212E+01   0.317137E+02   0.309621E+01  -0.183728E+01   0.417865E-02   0.588727E-03   0.301563E-01   0.293961E-01   0.531287E-02  -0.494097E+02
   0.314668E+02   0.134208E+01  -0.158935E+01   0.283295E+02  -0.159918E+01  -0.613621E+01   0.392679E-02   0.178094E-02   0.333096E-02   0.578381E-02   0.213430E-02  -0.413673E+02
   0.341276E+02  -0.406134E+01   0.215276E+01   0.294255E+02   0.168507E+01   0.177749E+01   0.317841E-01   0.193304E-01   0.991774E-02   0.188196E-02   0.186129E-02  -0.449392E+02
   0.349392E+02  -0.312673E+01  -0.493336E+00   0.285705E+02   0.484228E+01  -0.475584E+01   0.235804E-01   0.608029E-02   0.605049E-02   0.188196E-02   0.215917E-01  -0.463694E+02
   0.340915E+02  -0.312673E+01  -0.170240E+01   0.297125E+02  -0.533880E+01   0.667172E+00   0.272590E-01   0.159159E-01   0.106629E-02   0.135708E-01   0.277863E-02  -0.445095E+02
   0.342339E+02  -0.312673E+01  -0.277296E+01   0.266781E+02  -0.158694E+00  -0.456050E+01   0.338960E-01   0.794237E-02   0.198097E-02   0.167780E-02   0.338959E-02  -0.427406E+02
   0.336053E+02  -0.292362E+01  -0.315218E+00   0.273842E+02   0.172794E+01   0.462589E+00   0.959535E-02   0.403265E-02   0.201327E-01   0.668333E-03   0.192882E-01  -0.422900E+02
   0.331121E+02  -0.256254E+01   0.196425E+01   0.267077E+02  -0.577145E+01   0.652551E+00   0.165295E-01   0.998031E-03   0.773685E-02   0.199672E-02   0.528947E-02  -0.420426E+02
   0.342494E+02  -0.270863E+01  -0.380441E+01   0.265795E+02  -0.434835E+01  -0.471587E+00   0.984648E-03   0.425190E-02   0.100765E-01   0.544849E-02   0.143174E-02  -0.418614E+02
   0.338619E+02  -0.151341E+01  -0.380441E+01   0.288902E+02  -0.278795E+01  -0.545478E+01   0.552482E-02   0.324399E-02   0.141084E-01   0.824042E-02   0.418416E-02  -0.419328E+02
   0.325619E+02  -0.108142E+01  -0.716133E+00   0.274585E+02  -0.119404E-01   0.159284E+01   0.171642E-01   0.115431E-01   0.544107E-02   0.956587E-02   0.360533E-02  -0.406671E+02
   0.337275E+02  -0.313727E+01   0.333045E+01   0.260639E+02   0.750034E+00  -0.198810E+01   0.787266E-02   0.353072E-04   0.265037E-01   0.500027E-04   0.505394E-03  -0.427634E+02
   0.337425E+02  -0.292489E+00  -0.362207E+01   0.277228E+02   0.244718E+01   0.249337E+01   0.664261E-02   0.262590E-02   0.152623E-01   0.137415E-01   0.123936E-01  -0.433891E+02
   0.335215E+02  -0.261967E+01   0.158911E+01   0.281576E+02  -0.305118E+01   0.624945E+01   0.230216E-01   0.233538E-02   0.140244E-02   0.351104E-03   0.644437E-02  -0.419363E+02
   0.337405E+02  -0.387317E+01  -0.235497E+01   0.285256E+02   0.774681E+00   0.179217E+00   0.197768E-01   0.237935E-02   0.446435E-02   0.713984E-02   0.101931E-01  -0.413847E+02
   0.333851E+02  -0.358211E+01   0.426149E+00   0.282048E+02  -0.188074E+01  -0.287170E+01   0.183004E-01   0.705759E-02   0.214463E-01   0.629588E-02   0.452117E-01  -0.467003E+02
   0.338223E+02  -0.408452E+01  -0.117419E+01   0.276870E+02  -0.179804E+01   0.214041E+01   0.354416E-01   0.628769E-04   0.731479E-02   0.101341E-01   0.202060E-01  -0.448426E+02
   0.323297E+02  -0.134225E+01  -0.167779E+01   0.319245E+02   0.187302E+01  -0.377093E+01   0.176060E-01   0.414995E-03   0.603533E-02   0.108969E-02   0.699537E-02  -0.423240E+02
   0.343120E+02  -0.277944E+01  -0.259069E+01   0.291149E+02  -0.125244E+01   0.191843E+01   0.282145E-03   0.284320E-02   0.280290E-01   0.780392E-02   0.150796E-01  -0.438307E+02
   0.329920E+02  -0.280485E+01  -0.288532E+00   0.300050E+02   0.172111E+01  -0.167473E+01   0.229097E-02   0.854702E-02   0.373070E-01   0.125987E-02   0.117873E-02  -0.431297E+02
   0.337961E+02  -0.269843E+01  -0.275096E+01   0.281579E+02   0.172111E+01  -0.101317E+01   0.150222E-01   0.109739E-01   0.352831E-02   0.142497E-02   0.252568E-01  -0.421619E+02
   0.337961E+02  -0.258112E+01  -0.366315E+01   0.294787E+02  -0.353880E+01  -0.328563E+00   0.204731E-01   0.161219E-01   0.177551E-01   0.796548E-02   0.908745E-02  -0.444949E+02
   0.330820E+02  -0.169957E+01  -0.327525E+00   0.276058E+02  -0.627631E+00   0.804461E+01   0.789501E-02   0.144526E-02   0.207512E-03   0.644112E-02   0.338930E-01  -0.442153E+02
   0.333160E+02  -0.163518E+01  -0.251643E+01   0.269638E+02  -0.242222E+00  -0.497581E+01   0.236082E-02   0.328481E-02   0.191631E-01   0.892075E-03   0.313012E-01  -0.436208E+02
   0.349549E+02  -0.677452E+00   0.457498E+00   0.287966E+02  -0.242222E+00  -0.145540E+01   0.281168E-01   0.181023E-02   0.122771E-01   0.151453E-01   0.192129E-01  -0.478081E+02
   0.335066E+02   0.788536E+00  -0.411768E+01   0.270546E+02   0.106913E+00  -0.225296E+01   0.124389E-01   0.123044E-02   0.586114E-02   0.648040E-02   0.199247E-01  -0.424864E+02
   0.335953E+02  -0.212745E+01   0.801281E+00   0.293651E+02  -0.670498E+01   0.813476E+01   0.124643E-01   0.123044E-02   0.136226E-01   0.945056E-03   0.658494E-02  -0.462801E+02
   0.338437E+02  -0.230139E+00  -0.213695E+01   0.293138E+02   0.127478E+01  -0.471182E+01   0.615888E-02   0.593073E-02   0.117957E-02   0.724503E-02   0.658494E-02  -0.418404E+02
   0.339464E+02   0.699042E+00  -0.149300E+01   0.277992E+02  -0.933781E+00  -0.338553E+01   0.908925E-02   0.231890E-02   0.124794E-01   0.199117E-01   0.556155E-02  -0.443212E+02
   0.335246E+02  -0.793716E-01  -0.355767E+01   0.295410E+02   0.156339E+01   0.623775E+00   0.225972E-01   0.244816E-02   0.129919E-01   0.281745E-01   0.984645E-02  -0.448085E+02
   0.350081E+02  -0.288540E+01  -0.133337E+00   0.261021E+02   0.992953E-01  -0.921373E+01   0.533677E-03   0.472069E-02   0.174291E-01   0.320997E-02   0.574777E-02  -0.467596E+02
   0.320146E+02  -0.487401E-01  -0.542922E+00   0.261271E+02  -0.160335E+01  -0.613299E+00   0.187900E-01   0.139078E-02   0.222830E-01   0.320997E-02   0.613223E-02  -0.421077E+02
   0.331306E+02  -0.201895E+01  -0.477691E+01   0.282897E+02  -0.542946E-01   0.131405E+00   0.222698E-01   0.644928E-02   0.778832E-02   0.220060E-01   0.424345E-02  -0.432708E+02
   0.325481E+02  -0.237736E+01  -0.259970E+00   0.282406E+02   0.658316E+00   0.131405E+00   0.218240E-03   0.338070E-01   0.168362E-01   0.108891E-03   0.980045E-03  -0.428206E+02
   0.344834E+02  -0.192746E+01  -0.484166E+01   0.262777E+02  -0.338405E+01  -0.141296E+01   0.111782E-01   0.341873E-02   0.112457E-01   0.703904E-03   0.980045E-03  -0.416721E+02
   0.338620E+02  -0.172480E+01   0.151652E+01   0.260336E+02  -0.247274E+01  -0.312174E-01   0.138654E-01   0.915286E-02   0.109053E-02   0.703904E-03   0.121519E-01  -0.416079E+02
   0.335418E+02  -0.265838E+01  -0.177343E+01   0.286596E+02   0.282484E+01  -0.179749E+01   0.236735E-01   0.232392E-01   0.109053E-02   0.331049E-03   0.570401E-02  -0.419024E+02
   0.315814E+02   0.253754E+01   0.215795E+00   0.278648E+02   0.282484E+01   0.463187E+01   0.348983E-01   0.278963E-01   0.425042E-02   0.399586E-03   0.272390E-03  -0.469564E+02
   0.341477E+02  -0.252827E+01  -0.103749E+01   0.269075E+02  -0.455511E+01  -0.112383E+01   0.543906E-02   0.338301E-01   0.425042E-02   0.123918E-01   0.384921E-02  -0.444938E+02
   0.341373E+02  -0.367660E+01  -0.244933E+01   0.289938E+02  -0.227166E+01  -0.575403E+01   0.290071E-01   0.320606E-01   0.117059E-01   0.393969E-02   0.181955E-02  -0.459376E+02
   0.336959E+02  -0.667355E+00  -0.619230E+01   0.295808E+02  -0.168995E+01   0.401016E+01   0.576706E-03   0.199826E-01   0.140500E-01   0.170843E-03   0.181955E-02  -0.437782E+02
   0.337648E+02  -0.118441E+00  -0.520284E-01   0.292666E+02  -0.155869E+01  -0.596149E+01   0.234663E-01   0.226418E-02   0.992440E-03   0.210216E-02   0.360679E-02  -0.418172E+02
   0.333697E+02  -0.104265E+01  -0.520284E-01   0.273630E+02  -0.564062E+01  -0.211106E+01   0.139967E-01   0.187709E-01   0.210474E-01   0.281462E-03   0.110198E-01  -0.444438E+02
   0.333697E+02  -0.520165E+00  -0.231376E+00   0.265063E+02  -0.333841E+01  -0.229718E+01   0.180892E-01   0.396900E-03   0.303194E-01   0.281462E-03   0.158700E-02  -0.421228E+02
   0.327717E+02  -0.520165E+00  -0.215849E+01   0.295615E+02  -0.472080E+01  -0.286343E+01   0.200701E-01   0.161805E-01   0.564097E-03   0.133480E-01   0.112190E-01  -0.435852E+02
   0.327717E+02  -0.520165E+00   0.176561E+01   0.243360E+02   0.285809E+01  -0.171596E+01   0.198173E-02   0.225015E-02   0.120813E-01   0.136421E-01   0.103089E-01  -0.450387E+02
   0.325893E+02  -0.302120E+01   0.306726E+01   0.289825E+02  -0.332220E+00  -0.101058E+01   0.373374E-02   0.842743E-02   0.104257E-01   0.148958E-02   0.577473E-02  -0.416723E+02
   0.321098E+02   0.655778E+00  -0.199464E+00   0.288058E+02  -0.164438E+01   0.695936E+01   0.312626E-01   0.347546E-02   0.988028E-02   0.954117E-02   0.746684E-02  -0.451048E+02
   0.335146E+02  -0.230717E+01  -0.309717E+01   0.293129E+02  -0.281927E+01   0.220251E+01   0.231597E-01   0.144099E-02   0.153358E-01   0.585818E-02   0.212449E-01  -0.436887E+02
   0.336734E+02  -0.230717E+01  -0.563476E+01   0.312238E+02  -0.394367E+01   0.330572E+00   0.520399E-02   0.134236E-01   0.401566E-02   0.115189E-01   0.542848E-05  -0.443377E+02
   0.336734E+02  -0.230717E+01  -0.179587E+01   0.268378E+02   0.142689E+01  -0.858899E+00   0.192655E-01   0.440033E-02   0.536850E-02   0.109881E-01   0.152206E-01  -0.417936E+02
   0.327088E+02  -0.230717E+01  -0.233169E+01   0.275747E+02   0.403778E+01  -0.334735E+00   0.126841E-02   0.147885E-02   0.319291E-04   0.118267E-01   0.986257E-02  -0.413939E+02
   0.345127E+02  -0.230717E+01  -0.101499E+01   0.254205E+02  -0.118364E+01   0.236078E+01   0.143879E-02   0.758742E-02   0.462821E-01   0.141643E-01   0.236462E-01  -0.489965E+02
   0.332755E+02  -0.230316E+00   0.427651E+00   0.289278E+02   0.286857E+01  -0.366379E+01   0.147903E-01   0.130350E-01   0.640437E-01   0.289732E-01   0.895158E-02  -0.513298E+02
   0.326539E+02  -0.445049E-01  -0.167301E+01   0.284495E+02  -0.338222E+01  -0.357217E+01   0.107287E-02   0.241287E-01   0.252114E-01   0.383880E-02   0.230718E-02  -0.436237E+02
   0.332982E+02  -0.237380E+01   0.237318E+01   0.286467E+02   0.245110E+01  -0.726891E+01   0.126396E-01   0.895430E-02   0.296229E-01   0.513675E-02   0.173192E-01  -0.468357E+02
   0.332982E+02  -0.300790E+01  -0.104873E+01   0.281576E+02   0.625639E+00  -0.194236E+01   0.204224E-01   0.156481E-01   0.160999E-01   0.416057E-02   0.871309E-02  -0.426139E+02
   0.326561E+02  -0.732810E-01   0.658797E-01   0.276212E+02  -0.248841E+01   0.373531E+01   0.251549E-01   0.257923E-02   0.668116E-02   0.285967E-02   0.123123E-01  -0.417472E+02
   0.343891E+02  -0.293735E+01  -0.337262E+01   0.266313E+02   0.612706E+00  -0.133416E+01   0.147578E-01   0.579308E-02   0.668116E-02   0.802179E-02   0.891639E-03  -0.410705E+02
   0.333783E+02  -0.509964E+00  -0.375199E+01   0.259913E+02   0.435851E+00  -0.305719E+01   0.275407E-01   0.121184E-01   0.290991E-02   0.523230E-02   0.869686E-02  -0.428446E+02
   0.353319E+02  -0.388460E+01  -0.403445E+01   0.265046E+02   0.195626E+01  -0.382702E+01   0.333978E-02   0.192133E-01   0.126559E-02   0.694254E-02   0.540792E-02  -0.447936E+02
   0.322345E+02  -0.149849E+00  -0.275265E+01   0.272835E+02   0.804200E+00  -0.251390E+01   0.641749E-02   0.199840E-01   0.122675E-01   0.313510E-02   0.519596E-02  -0.420615E+02
   0.339176E+02  -0.115963E+01  -0.185055E+01   0.262055E+02  -0.436131E+00  -0.396172E+01   0.104140E-02   0.157680E-01   0.120952E-01   0.273279E-02   0.695824E-02  -0.425046E+02
   0.334648E+02  -0.377545E+01  -0.253483E+01   0.289890E+02   0.101194E+01  -0.151878E+01   0.183151E-01   0.279907E-01   0.175094E-02   0.665663E-02   0.343570E-01  -0.462221E+02
   0.335007E+02  -0.296792E+01  -0.121041E+01   0.277403E+02  -0.561825E+01  -0.223817E+01   0.313664E-01   0.205885E-01   0.963984E-02   0.196555E-02   0.288871E-02  -0.448281E+02
   0.334322E+02  -0.296792E+01  -0.181748E+01   0.287732E+02   0.128489E+01  -0.305401E+01   0.173984E-01   0.283297E-02   0.830767E-03   0.144114E-01   0.676441E-02  -0.407733E+02
   0.327184E+02  -0.258950E+01  -0.151621E+01   0.294234E+02   0.135529E+01  -0.404447E+01   0.192747E-01   0.283297E-02   0.830767E-03   0.386170E-02   0.111031E-03  -0.397863E+02
   0.338708E+02  -0.278903E+01  -0.375486E+01   0.278424E+02  -0.230903E+01   0.607199E+01   0.788043E-02   0.157791E-01   0.290457E-01   0.222835E-02   0.301960E-02  -0.451417E+02
   0.322997E+02   0.690517E+00  -0.470904E+01   0.289549E+02   0.301268E+00   0.324085E+00   0.722827E-02   0.245632E-01   0.226652E-01   0.130954E-02   0.781636E-02  -0.443613E+02
   0.334044E+02   0.734810E+00  -0.165513E+01   0.272557E+02   0.721462E+00   0.617169E+00   0.276097E-01   0.971916E-02   0.980694E-03   0.118081E-01   0.894931E-02  -0.428502E+02
   0.334501E+02  -0.294823E+01  -0.161043E+01   0.299396E+02  -0.291546E+01  -0.502717E+01   0.230616E-01   0.164293E-02   0.980694E-03   0.841599E-02   0.730393E-02  -0.417259E+02
   0.323455E+02   0.621363E+00  -0.355812E+01   0.294988E+02  -0.268135E+01  -0.997901E+00   0.252109E-01   0.224281E-02   0.953435E-02   0.383300E-02   0.170293E-02  -0.414760E+02
   0.321527E+02   0.637717E+00   0.136443E+01   0.270233E+02  -0.393215E+01  -0.128434E+01   0.292231E-02   0.209874E-03   0.474610E-02   0.166563E-01   0.341765E-02  -0.417004E+02
   0.333574E+02   0.637717E+00  -0.605701E+01   0.293527E+02   0.140787E+01  -0.204394E+01   0.144871E-01   0.339711E-02   0.146330E-01   0.163008E-02   0.113247E-01  -0.430199E+02
   0.316025E+02   0.637717E+00   0.356046E+00   0.258817E+02   0.218152E+01   0.402506E+01   0.391418E-03   0.437820E-03   0.134304E-01   0.707371E-03   0.970509E-02  -0.428165E+02
   0.312491E+02  -0.769347E+00   0.103143E+01   0.293036E+02   0.378339E+01  -0.592765E+00   0.266736E-01   0.884451E-02   0.664291E-02   0.623755E-02   0.136017E-01  -0.450831E+02
   0.327858E+02   0.198445E+01  -0.804619E+01   0.279476E+02   0.385583E+01  -0.116917E+01   0.125363E-01   0.165371E-02   0.127607E-01   0.132520E-02   0.277556E-01  -0.471326E+02
   0.330708E+02  -0.211593E+00  -0.270079E+01   0.256006E+02   0.766314E+00   0.682388E+00   0.333306E-02   0.276542E-01   0.588645E-02   0.583117E-02   0.445931E-02  -0.428096E+02
   0.332472E+02   0.303661E+00  -0.432794E+01   0.276161E+02  -0.209324E+01  -0.345712E+00   0.222863E-02   0.226855E-02   0.940480E-02   0.490285E-02   0.138056E-03  -0.398393E+02
   0.323975E+02   0.303661E+00  -0.390829E+00   0.274597E+02  -0.862392E+00  -0.337450E+01   0.442699E-01   0.200611E-02   0.517543E-02   0.781893E-02   0.138056E-03  -0.433669E+02
   0.328653E+02   0.603892E+00   0.190089E+01   0.279259E+02  -0.349161E+01  -0.259336E+01   0.191026E-01   0.841588E-02   0.223088E-02   0.547655E-02   0.216779E-02  -0.418657E+02
   0.327725E+02  -0.181573E+00  -0.302162E+01   0.293774E+02   0.114004E+00   0.857456E+01   0.658296E-02   0.264624E-02   0.640384E-03   0.156660E-01   0.176184E-01  -0.449667E+02
   0.334005E+02   0.138119E+01  -0.379150E+01   0.280276E+02   0.237948E+01   0.531827E+01   0.658296E-02   0.757288E-02   0.645265E-02   0.723466E-02   0.102715E-01  -0.445110E+02
   0.337393E+02   0.609879E+00  -0.119536E+01   0.282745E+02  -0.240618E+01   0.129367E+01   0.105735E-01   0.691996E-02   0.445151E-02   0.358483E-02   0.836856E-02  -0.421603E+02
   0.320132E+02   0.134149E+01  -0.296454E+01   0.269533E+02  -0.119878E+01  -0.344014E+01   0.101307E-01   0.470540E-02   0.948477E-03   0.498359E-02   0.442972E-02  -0.405857E+02
   0.329583E+02  -0.442146E+01   0.228665E+01   0.273407E+02  -0.119878E+01   0.116200E+00   0.224403E-01   0.513832E-02   0.120612E-01   0.182318E-01   0.156181E-01  -0.455826E+02
   0.335964E+02   0.939922E+00  -0.821210E+01   0.296478E+02   0.238312E+01   0.831224E-01   0.491893E-02   0.825574E-02   0.492323E-02   0.831653E-02   0.156748E-01  -0.455595E+02
   0.309844E+02   0.141478E+01   0.221520E+00   0.270848E+02  -0.552798E+01  -0.208743E+01   0.105904E-01   0.198170E-01   0.421413E-01   0.830798E-02   0.175017E-01  -0.506310E+02
   0.323696E+02   0.552206E+00   0.273676E+01   0.269886E+02   0.201620E+01  -0.333001E+01   0.101843E-01   0.414215E-02   0.212555E-01   0.567051E-03   0.384744E-02  -0.433539E+02
   0.343823E+02  -0.222474E+01  -0.475502E+01   0.272185E+02   0.468224E+01  -0.485450E+01   0.117271E-01   0.325545E-02   0.386785E-01   0.623343E-02   0.568712E-04  -0.461020E+02
   0.338758E+02  -0.222474E+01   0.496743E+00   0.243420E+02  -0.179341E+00  -0.173320E+01   0.156289E-01   0.200873E-02   0.121766E-02   0.147140E-01   0.223576E-02  -0.425821E+02
   0.329747E+02  -0.283508E+01   0.230316E+01   0.301730E+02   0.470906E+00  -0.924810E+00   0.210703E-01   0.139866E-01   0.771547E-02   0.277087E-02   0.241888E-03  -0.420780E+02
   0.327624E+02  -0.351091E+00  -0.390609E+01   0.270009E+02   0.254356E+01  -0.597414E+01   0.110769E-01   0.960284E-02   0.304411E-02   0.981461E-02   0.132265E-03  -0.420800E+02
   0.331017E+02   0.108372E+01  -0.481504E+01   0.264006E+02  -0.434393E+01   0.778816E+01   0.198774E-01   0.284802E-02   0.304411E-02   0.228039E-01   0.245100E-02  -0.463365E+02
   0.317609E+02   0.146738E+01   0.219183E+01   0.255923E+02   0.344784E+01   0.171640E+01   0.131863E-01   0.306995E-02   0.105248E-01   0.719830E-02   0.275259E-01  -0.468051E+02
   0.332074E+02  -0.281104E+01   0.219183E+01   0.243970E+02   0.558683E+01   0.259150E-01   0.975733E-02   0.344354E-01   0.409160E-02   0.483915E-02   0.176731E-03  -0.475098E+02
   0.328688E+02  -0.184957E+01   0.342703E+01   0.288989E+02   0.151161E+01   0.107960E+01   0.427511E-01   0.276801E-01   0.651936E-02   0.830116E-03   0.715756E-02  -0.467024E+02
   0.325825E+02   0.886232E+00  -0.387478E+01   0.250311E+02   0.113358E+01   0.429192E+01   0.102391E-01   0.318425E-01   0.259028E-01   0.414885E-02   0.285325E-02  -0.471865E+02
   0.329759E+02  -0.758138E+00  -0.143613E+01   0.262592E+02  -0.302433E+01   0.914910E+00   0.798423E-02   0.270468E-01   0.523554E-02   0.116826E-01   0.542710E-02  -0.429955E+02
   0.338561E+02  -0.337166E+01   0.220359E+01   0.282301E+02   0.528703E+01  -0.227260E+01   0.649610E-02   0.260706E-01   0.147868E-02   0.258634E-02   0.205173E-02  -0.442750E+02
   0.333948E+02  -0.337166E+01  -0.212809E+01   0.268762E+02   0.143630E+00   0.815059E+01   0.694173E-02   0.207766E-01   0.366723E-03   0.298719E-01   0.609962E-02  -0.472238E+02
   0.331679E+02  -0.224843E+01  -0.242188E+01   0.309780E+02   0.431317E+01  -0.172586E+01   0.190795E-01   0.154760E-01   0.366723E-03   0.132267E-01   0.608092E-02  -0.440921E+02
   0.336404E+02  -0.167225E+01  -0.242188E+01   0.260148E+02   0.274207E+01  -0.456429E-02   0.133864E-01   0.303585E-02   0.282681E-01   0.126055E-01   0.205624E-01  -0.452507E+02
   0.338808E+02  -0.262507E+01  -0.221586E+01   0.290867E+02  -0.577957E+01  -0.403907E+01   0.188019E-01   0.656987E-02   0.796898E-02   0.456490E-03   0.157462E-02  -0.421081E+02
   0.337695E+02  -0.334571E+01  -0.130409E+01   0.281491E+02  -0.249493E+01  -0.850588E+01   0.819704E-02   0.248758E-02   0.219773E-01   0.254118E-03   0.157462E-02  -0.431765E+02
   0.346436E+02  -0.199026E+01  -0.130409E+01   0.284101E+02   0.452718E+00  -0.420038E+01   0.337100E-01   0.256424E-02   0.826752E-02   0.144000E-01   0.120124E-01  -0.448698E+02
   0.338709E+02  -0.199026E+01  -0.130409E+01   0.287464E+02  -0.280883E+01   0.338219E+01   0.142297E-01   0.173925E-01   0.207541E-01   0.120572E-01   0.142128E-01  -0.452176E+02
   0.329879E+02  -0.253980E+01  -0.283364E+01   0.279200E+02   0.222910E+01   0.158730E+01   0.160258E-01   0.279463E-02   0.180628E-04   0.297665E-02   0.199357E-02  -0.395259E+02
   0.338754E+02  -0.253980E+01  -0.250421E+01   0.283188E+02  -0.604963E-01   0.168804E+01   0.281767E-03   0.310131E-02   0.113311E-02   0.221888E-02   0.213146E-01  -0.404064E+02
   0.338754E+02  -0.339754E+01  -0.195769E+01   0.306603E+02   0.113497E+01  -0.529385E+00   0.181915E-01   0.310131E-02   0.286347E-02   0.162469E-01   0.413329E-01  -0.457912E+02
   0.328051E+02  -0.481327E+00  -0.275442E+01   0.289452E+02  -0.182809E+01   0.813074E+01   0.260521E-01   0.287376E-02   0.163522E-01   0.619092E-02   0.289941E-02  -0.446057E+02
   0.324713E+02  -0.481327E+00  -0.375337E+01   0.275426E+02  -0.378515E-01  -0.495156E+00   0.360228E-01   0.649603E-03   0.518727E-02   0.186958E-02   0.610839E-02  -0.418021E+02
   0.321547E+02  -0.481327E+00  -0.161462E+01   0.286497E+02   0.164129E+01   0.589087E+01   0.252624E-01   0.146537E-02   0.148009E-01   0.186958E-02   0.694469E-02  -0.429738E+02
   0.330058E+02   0.153052E+00  -0.277478E+01   0.285716E+02   0.673004E+00   0.460814E+00   0.236047E-01   0.314568E-02   0.383112E-02   0.906450E-02   0.294875E-02  -0.404341E+02
   0.346890E+02  -0.596704E+01  -0.244820E+01   0.255510E+02  -0.558196E+01  -0.123932E+01   0.430564E-02   0.242750E-02   0.383112E-02   0.144105E-01   0.717992E-02  -0.486646E+02
   0.340573E+02  -0.549252E+01  -0.854983E+00   0.283716E+02  -0.138681E+01  -0.189039E+00   0.252854E-01   0.116985E-01   0.106646E-01   0.195362E-02   0.108857E-01  -0.446170E+02
   0.325401E+02   0.249905E-01   0.114503E+01   0.262205E+02   0.168569E+01   0.275891E+01   0.122807E-01   0.658758E-03   0.518636E-02   0.752812E-02   0.188917E-01  -0.423827E+02
   0.345713E+02  -0.285369E+01  -0.154762E+01   0.287122E+02   0.480623E+00  -0.302683E+01   0.837018E-02   0.188571E-01   0.142161E-01   0.529961E-02   0.177158E-01  -0.444516E+02
   0.319167E+02  -0.209431E+01  -0.438469E+00   0.282012E+02  -0.444488E+01  -0.592774E+01   0.156747E-01   0.728073E-02   0.713600E-03   0.115933E-01   0.312592E-02  -0.436782E+02
   0.318413E+02  -0.294966E-01  -0.100954E+01   0.277965E+02  -0.134159E-01   0.519841E+01   0.921072E-02   0.105430E-01   0.113687E-01   0.586514E-02   0.706700E-02  -0.426814E+02
   0.335307E+02  -0.262699E+01  -0.689509E+00   0.310435E+02   0.827560E+00  -0.343763E+01   0.193739E-01   0.283157E-01   0.576436E-02   0.173483E-01   0.496214E-02  -0.452632E+02
   0.339358E+02  -0.262699E+01  -0.173019E+01   0.283957E+02  -0.341842E+00   0.134398E+01   0.798282E-02   0.173005E-01   0.845595E-02   0.332506E-03   0.534156E-02  -0.407989E+02
   0.334193E+02  -0.262699E+01   0.653910E+00   0.300030E+02  -0.145081E+01  -0.394528E+00   0.238274E-01   0.288639E-02   0.172868E-01   0.332506E-03   0.133840E-01  -0.424835E+02
   0.309953E+02  -0.202477E+01   0.361846E+01   0.287228E+02  -0.366868E+01   0.471091E+01   0.270841E-01   0.171724E-02   0.145831E-01   0.429946E-02   0.128662E-01  -0.480930E+02
   0.342502E+02  -0.172691E+01  -0.169278E+01   0.265555E+02   0.108863E+01  -0.461058E+01   0.270260E-02   0.178493E-01   0.173089E-02   0.511661E-02   0.979569E-02  -0.427813E+02
   0.315402E+02   0.632114E-01  -0.310448E+01   0.296548E+02   0.344169E+01  -0.181201E+01   0.371312E-01   0.100630E-02   0.802534E-02   0.736183E-03   0.656377E-02  -0.444958E+02
   0.329625E+02  -0.224055E+01   0.144815E+01   0.274782E+02  -0.142848E+01  -0.371196E+01   0.172640E-02   0.956515E-02   0.182268E-01   0.856578E-02   0.208233E-01  -0.437791E+02
   0.344580E+02  -0.608402E+00  -0.438226E+01   0.244509E+02   0.264644E+01  -0.511947E+01   0.172640E-02   0.142791E-01   0.690492E-01   0.203014E-01   0.581271E-02  -0.542095E+02
   0.338540E+02  -0.114657E+01   0.313658E+00   0.259690E+02  -0.316659E+01  -0.281701E+01   0.153125E-01   0.249492E-01   0.117822E-01   0.500076E-02   0.152306E-01  -0.452456E+02
   0.339238E+02   0.119313E+00  -0.656798E+01   0.311536E+02   0.519765E+00  -0.136594E+01   0.161715E-01   0.397495E-02   0.119476E-01   0.217727E-01   0.449267E-01  -0.499391E+02
   0.330664E+02  -0.255702E+01   0.313377E+01   0.283116E+02   0.421957E+01  -0.341280E+01   0.918252E-02   0.366690E-02   0.185545E-02   0.169586E-01   0.146177E-01  -0.441984E+02
   0.329040E+02  -0.166403E+01  -0.404229E+01   0.283116E+02   0.305436E+01   0.383446E+01   0.171650E-01   0.594326E-02   0.207421E-03   0.270634E-01   0.220074E-02  -0.433365E+02
   0.330139E+02  -0.285515E+01  -0.795816E-01   0.292875E+02  -0.234122E+01   0.480974E+01   0.129007E-01   0.133797E-01   0.656342E-03   0.606150E-02   0.788406E-02  -0.422702E+02
   0.330888E+02  -0.925152E+00  -0.225411E+00   0.260181E+02   0.107357E+00   0.128748E+00   0.997077E-02   0.745642E-02   0.656342E-03   0.304508E-02   0.478939E-02  -0.394971E+02
   0.322007E+02   0.337652E+00  -0.551796E+00   0.268367E+02  -0.586570E+01   0.345302E+01   0.259423E-01   0.106417E-01   0.883258E-03   0.529636E-02   0.599437E-02  -0.436228E+02
   0.333467E+02   0.337652E+00   0.187730E+01   0.259141E+02  -0.325351E+01   0.466577E+01   0.241467E-01   0.164688E-01   0.330588E-02   0.989148E-02   0.439548E-02  -0.450622E+02
   0.324772E+02  -0.778948E+00   0.405266E+01   0.285362E+02  -0.457609E+00  -0.964504E+01   0.318977E-01   0.254554E-02   0.640810E-02   0.386668E-02   0.204478E-01  -0.473824E+02
   0.317877E+02   0.408204E-01   0.908633E+00   0.272038E+02   0.202830E+00  -0.248870E+01   0.240789E-01   0.555106E-02   0.215848E-01   0.385180E-02   0.111408E-01  -0.434787E+02
   0.326735E+02  -0.366522E+01   0.249719E+01   0.274553E+02   0.706011E+00  -0.551595E+00   0.524679E-02   0.473481E-03   0.612210E-02   0.584050E-02   0.234452E-01  -0.429052E+02
   0.326705E+02   0.175542E+01  -0.171077E+01   0.274641E+02  -0.243838E+01   0.665204E+01   0.110161E-01   0.238142E-02   0.612210E-02   0.865173E-02   0.452461E-03  -0.429583E+02
   0.315873E+02  -0.321995E+01   0.396269E+01   0.299843E+02  -0.280066E+01   0.755908E+01   0.615888E-02   0.846167E-02   0.179366E-01   0.211425E-02   0.177988E-02  -0.489133E+02
   0.342448E+02  -0.799478E+00  -0.522567E+01   0.258589E+02   0.522140E+01   0.129515E+01   0.203962E-02   0.556561E-02   0.428493E-02   0.151831E-02   0.107910E-01  -0.440895E+02
   0.329912E+02  -0.746504E+00   0.710088E+00   0.275886E+02  -0.656429E+01  -0.576237E+01   0.237439E-01   0.592476E-02   0.335483E-02   0.164452E-02   0.414374E-01  -0.468122E+02
   0.333680E+02  -0.287660E+01   0.145656E+01   0.255657E+02   0.555599E+01   0.164303E+01   0.181258E-01   0.505391E-03   0.159977E-01   0.700912E-03   0.100704E-01  -0.445205E+02
   0.333680E+02  -0.251742E+01   0.293903E+01   0.264196E+02   0.108271E+01  -0.212001E+01   0.439393E-02   0.475787E-02   0.970249E-02   0.228970E-01   0.203477E-01  -0.450228E+02
   0.344766E+02  -0.449132E+01  -0.124648E+01   0.294769E+02  -0.925297E+00  -0.477403E+01   0.893223E-02   0.408937E-01   0.328944E-02   0.168753E-01   0.101839E-01  -0.469199E+02
   0.319545E+02  -0.529212E-01  -0.756504E+00   0.277588E+02  -0.490095E+00  -0.757200E+01   0.236858E-01   0.757108E-02   0.519350E-02   0.124865E-01   0.215684E-01  -0.452091E+02
   0.306672E+02   0.155156E+01   0.287167E+01   0.272351E+02  -0.434525E+00   0.615839E+01   0.361260E-01   0.731146E-02   0.360580E-02   0.856095E-02   0.883639E-02  -0.479404E+02
   0.323105E+02   0.756060E+00  -0.222805E+01   0.310045E+02   0.382281E+00  -0.181351E+00   0.155574E-01   0.386899E-02   0.190659E-01   0.312913E-02   0.155723E-03  -0.425877E+02
   0.317431E+02   0.111905E+01  -0.155077E+01   0.275855E+02  -0.391912E+01   0.230922E+01   0.269640E-01   0.386899E-02   0.935900E-02   0.100278E-02   0.133389E-01  -0.433571E+02
   0.317431E+02   0.579650E+00   0.173515E+01   0.290740E+02   0.204238E+01  -0.352531E+00   0.906683E-02   0.143902E-01   0.116664E-01   0.405558E-02   0.220731E-01  -0.449487E+02
   0.330702E+02  -0.215430E+01  -0.134926E+01   0.303910E+02   0.278027E+01  -0.421391E+01   0.203140E-01   0.774455E-02   0.896304E-03   0.176733E-03   0.357395E-02  -0.408438E+02
   0.330702E+02  -0.546531E+01   0.422137E+01   0.291501E+02  -0.462756E+00  -0.262354E+00   0.236612E-01   0.271819E-01   0.100577E-01   0.924253E-02   0.214201E-03  -0.473615E+02
   0.331363E+02  -0.126519E+01  -0.181625E+01   0.255736E+02   0.526944E+00   0.355127E+01   0.626942E-02   0.520313E-02   0.792933E-02   0.106078E-01   0.214201E-03  -0.410936E+02
   0.331363E+02   0.616342E+00  -0.492189E+01   0.278209E+02   0.359593E+01   0.391264E+01   0.616576E-02   0.270470E-02   0.199525E-01   0.557663E-01   0.216557E-01  -0.502713E+02
   0.318757E+02  -0.125492E+01   0.202370E+01   0.312459E+02   0.465852E+01   0.199489E+01   0.494857E-02   0.158703E-01   0.132947E-02   0.394640E-01   0.174073E-02  -0.483894E+02
   0.329930E+02  -0.265001E+01  -0.142157E+01   0.279242E+02  -0.103136E+01   0.166258E+01   0.202668E-01   0.398167E-02   0.162755E-01   0.183596E-01   0.174073E-02  -0.423092E+02
   0.327761E+02  -0.289233E+01   0.163380E+01   0.291306E+02  -0.734803E+00  -0.231220E+01   0.227964E-01   0.235508E-02   0.631946E-02   0.764344E-02   0.733276E-02  -0.413688E+02
   0.325689E+02   0.377689E+00  -0.142599E+01   0.292475E+02   0.289590E+01  -0.231220E+01   0.212313E-01   0.185875E-01   0.525358E-02   0.847537E-02   0.733276E-02  -0.433190E+02
   0.337997E+02  -0.261281E+01  -0.207181E+01   0.294357E+02   0.237262E+01  -0.246744E+01   0.226749E-01   0.830287E-02   0.448838E-02   0.975088E-03   0.987494E-02  -0.413926E+02
   0.336073E+02  -0.789636E+00  -0.408046E+01   0.271251E+02  -0.692703E+00   0.494456E+01   0.250423E-01   0.370712E-02   0.668808E-02   0.635441E-02   0.324120E-02  -0.418588E+02
   0.335582E+02  -0.205212E+01  -0.454630E+01   0.285112E+02   0.345275E+01  -0.303060E+01   0.118854E-01   0.206204E-02   0.631266E-02   0.468411E-01   0.203554E-01  -0.467979E+02
   0.312855E+02   0.232901E+01  -0.378676E+01   0.242934E+02  -0.385011E+01  -0.270879E+01   0.198754E-01   0.152920E-01   0.504357E-02   0.232919E-01   0.130403E-02  -0.493021E+02
   0.338384E+02   0.154116E+01  -0.353331E+01   0.282637E+02  -0.442074E+00   0.235610E+01   0.185658E-02   0.481736E-02   0.149100E-01   0.939439E-02   0.275706E-02  -0.443186E+02
   0.320021E+02   0.460228E+00  -0.380237E+00   0.283928E+02   0.310443E+01   0.621440E+00   0.204066E-01   0.239901E-02   0.181647E-03   0.404016E-02   0.172268E-01  -0.417099E+02
   0.334277E+02  -0.198815E+01  -0.380237E+00   0.275597E+02  -0.333956E+01  -0.311541E+01   0.106505E-01   0.239901E-02   0.668259E-03   0.173402E-01   0.146824E-01  -0.415656E+02
   0.327198E+02  -0.159275E+01  -0.333753E-02   0.249077E+02   0.245548E+01   0.381575E+01   0.193980E-01   0.426813E-02   0.144828E-01   0.242667E-01   0.115144E-02  -0.449883E+02
   0.317231E+02   0.199246E+01  -0.485882E+01   0.296809E+02  -0.144775E+01  -0.370643E+01   0.305019E-02   0.155569E-03   0.222781E-01   0.932191E-03   0.154783E-01  -0.445918E+02
   0.329427E+02   0.703315E+00  -0.144837E+01   0.274782E+02   0.108096E+01   0.451887E+01   0.402974E-02   0.503966E-03   0.141236E-01   0.932191E-03   0.550557E-02  -0.412751E+02
   0.335204E+02  -0.167399E+01  -0.307107E+01   0.299528E+02  -0.232863E+01  -0.400198E+01   0.111499E-01   0.327142E-03   0.789773E-02   0.114783E-02   0.344408E-02  -0.398440E+02
   0.345412E+02  -0.401077E+01   0.159480E+01   0.266267E+02   0.671252E+00  -0.836035E+00   0.162675E-01   0.374025E-02   0.533795E-02   0.204964E-01   0.248094E-01  -0.455230E+02
   0.336552E+02  -0.199333E+01  -0.364864E+01   0.307103E+02   0.118996E+01   0.168928E+01   0.876628E-02   0.322167E-02   0.215271E-02   0.918930E-03   0.106291E-01  -0.409296E+02
   0.331663E+02  -0.976681E+00   0.122132E+00   0.300326E+02   0.121754E+01  -0.230207E+00   0.432552E-02   0.114773E-03   0.714424E-02   0.165719E-01   0.693793E-03  -0.410046E+02
   0.349432E+02  -0.256020E+01  -0.261830E+01   0.252368E+02   0.118654E+01   0.320582E+01   0.281433E-02   0.247037E-01   0.143840E-01   0.109664E-02   0.111771E-01  -0.462627E+02
   0.330484E+02  -0.905415E+00  -0.168280E+01   0.269628E+02   0.131988E+01   0.339114E+01   0.270094E-01   0.126943E-01   0.885101E-02   0.243521E-01   0.586875E-02  -0.442173E+02
   0.335904E+02  -0.505445E+01   0.107889E+01   0.298869E+02  -0.647388E+00   0.394107E+01   0.471488E-02   0.294948E-02   0.252867E-01   0.947489E-02   0.319755E-02  -0.451189E+02
   0.330251E+02  -0.110899E+00  -0.136367E+01   0.261013E+02  -0.947782E+00   0.266326E+01   0.157739E-02   0.845322E-02   0.288558E-01   0.461170E-02   0.468287E-02  -0.428436E+02
   0.334346E+02  -0.409398E+01   0.105437E+01   0.314188E+02   0.246195E+01  -0.218065E+01   0.408380E-02   0.632997E-02   0.131171E-01   0.163045E-02   0.845274E-02  -0.437930E+02
   0.333142E+02  -0.166590E+01  -0.427591E+00   0.256476E+02   0.447331E+01  -0.886657E+00   0.686061E-02   0.135324E-01   0.413105E-03   0.264698E-01   0.109771E-01  -0.449546E+02
   0.323668E+02  -0.325407E+01   0.307279E+01   0.283392E+02   0.219619E+01  -0.510472E+01   0.421654E-02   0.236976E-01   0.413105E-03   0.484385E-02   0.699984E-02  -0.442711E+02
   0.319284E+02  -0.140817E+00   0.699187E+00   0.254812E+02  -0.323093E+01  -0.646664E+01   0.200691E-01   0.885897E-02   0.130092E-01   0.110577E-01   0.594911E-02  -0.457098E+02
   0.310999E+02  -0.140817E+00   0.159853E+01   0.264477E+02   0.170176E+01   0.348020E+01   0.212562E-01   0.956236E-02   0.109845E-01   0.142196E-01   0.105975E-01  -0.459511E+02
   0.312964E+02   0.531785E+00   0.295814E+00   0.265273E+02   0.488447E+01  -0.147682E+01   0.134633E-01   0.217337E-01   0.976340E-02   0.243803E-02   0.146885E-02  -0.450070E+02
   0.324847E+02   0.292949E-01  -0.579989E+01   0.329149E+02  -0.736140E+00  -0.147682E+01   0.351344E-02   0.107691E-02   0.156317E-01   0.916743E-02   0.146885E-02  -0.456708E+02
   0.326300E+02   0.292949E-01  -0.986691E+00   0.293298E+02   0.368434E+01   0.177714E+01   0.277658E-01   0.276579E-01   0.331976E-01   0.744804E-03   0.731152E-02  -0.472143E+02
   0.333509E+02  -0.304775E+01   0.172031E+01   0.260940E+02   0.117349E+01  -0.456547E+01   0.666454E-02   0.362755E-02   0.236385E-01   0.168018E-02   0.103614E-02  -0.426547E+02
   0.320346E+02  -0.673256E+00  -0.258576E+01   0.277680E+02  -0.578516E+00  -0.126765E+01   0.914400E-02   0.166431E-01   0.256475E-01   0.645699E-03   0.574346E-02  -0.429359E+02
   0.336359E+02  -0.162745E+01  -0.162220E+01   0.271858E+02  -0.129592E+00  -0.126765E+01   0.174646E-01   0.149097E-04   0.578622E-02   0.212211E-02   0.792674E-02  -0.392721E+02
   0.341152E+02  -0.162745E+01  -0.242820E+01   0.278096E+02  -0.706505E+00   0.214352E+01   0.256424E-02   0.149097E-04   0.248091E-02   0.471609E-02   0.321931E-01  -0.419965E+02
   0.341152E+02  -0.162745E+01   0.835976E+00   0.308777E+02  -0.126845E+01  -0.159624E+01   0.197068E-02   0.853923E-02   0.425300E-02   0.210288E-01   0.104447E-01  -0.452838E+02
   0.348228E+02  -0.537010E+01   0.292313E+01   0.268306E+02  -0.225602E+01   0.395650E+01   0.696109E-02   0.219019E-02   0.107394E-01   0.223334E-01   0.315343E-02  -0.463927E+02
   0.338800E+02  -0.280411E+01   0.215669E+01   0.265920E+02  -0.224050E+01  -0.175721E+01   0.590517E-02   0.654897E-02   0.802960E-02   0.518332E-02   0.194556E-01  -0.430178E+02
   0.344444E+02  -0.736168E+00  -0.110398E+01   0.280830E+02  -0.150676E+01  -0.325598E+00   0.532336E-02   0.234145E-01   0.211174E-01   0.145298E-01   0.441855E-02  -0.460781E+02
   0.339662E+02  -0.518865E+01  -0.136033E+01   0.289484E+02   0.622772E+01  -0.575498E+01   0.687264E-02   0.505547E-01   0.180975E-01   0.244860E-02   0.119087E-01  -0.518505E+02
   0.334626E+02  -0.506082E+01   0.325394E+00   0.286102E+02   0.395818E+01  -0.752868E+01   0.316773E-01   0.435932E-01   0.672033E-02   0.660575E-02   0.564741E-02  -0.506473E+02
   0.337931E+02  -0.257021E+01  -0.289504E+01   0.306631E+02   0.397706E+00   0.173196E+01   0.145975E-01   0.476485E-02   0.147748E-02   0.160052E-02   0.761512E-02  -0.408109E+02
   0.338216E+02  -0.263058E+01   0.199491E+01   0.278036E+02  -0.204703E+01   0.251184E+01   0.142105E-01   0.553520E-02   0.158069E-01   0.362267E-02   0.110965E-02  -0.416936E+02
   0.345398E+02  -0.138622E+01  -0.607057E+01   0.270465E+02  -0.747362E+01  -0.593474E+00   0.218176E-02   0.124116E-01   0.465778E-02   0.172770E-01   0.822197E-02  -0.472412E+02
   0.340722E+02  -0.173915E+01   0.663201E+00   0.256616E+02   0.111861E+01  -0.270322E+01   0.118779E-01   0.114424E-01   0.978975E-02   0.227092E-01   0.736048E-02  -0.449648E+02
   0.334353E+02  -0.124216E+01  -0.162483E+01   0.263153E+02   0.653988E+00  -0.234834E+01   0.271361E-01   0.674736E-02   0.621576E-02   0.741188E-02   0.887301E-03  -0.411576E+02
   0.328986E+02  -0.562309E+00  -0.527723E-02   0.281726E+02  -0.548711E+01  -0.831820E+00   0.279936E-01   0.135331E-01   0.102779E-01   0.380952E-02   0.508008E-01  -0.479680E+02
   0.322367E+02  -0.723587E+00  -0.235247E+01   0.291410E+02   0.551463E+00  -0.161458E+01   0.108940E-01   0.439872E-02   0.137191E-01   0.160689E-01   0.221509E-01  -0.435142E+02
   0.319440E+02  -0.723587E+00  -0.288800E+01   0.292708E+02   0.182217E+01   0.292505E+01   0.107503E-01   0.183486E-01   0.167341E-01   0.131759E-01   0.169902E-01  -0.459186E+02
   0.320202E+02   0.158021E+01   0.225439E+01   0.283297E+02  -0.329225E+01  -0.207923E+01   0.937969E-03   0.450533E-01   0.100976E-01   0.375699E-02   0.686531E-02  -0.471654E+02
   0.321362E+02   0.158021E+01  -0.462264E+01   0.264025E+02   0.624572E+00   0.176478E+01   0.144119E-01   0.388070E-01   0.258295E-01   0.219223E-01   0.128333E-01  -0.499199E+02
   0.343186E+02  -0.121737E+01  -0.515884E+01   0.292368E+02  -0.143054E+01  -0.348107E+01   0.149472E-01   0.253372E-01   0.345840E-01   0.161887E-01   0.335503E-02  -0.474522E+02
   0.343030E+02  -0.160287E+01  -0.279928E+01   0.286945E+02   0.213907E+00  -0.136407E+00   0.160831E-01   0.113025E-02   0.205133E-02   0.372168E-02   0.218563E-01  -0.414338E+02
   0.331684E+02  -0.354053E+00  -0.150136E+01   0.282913E+02  -0.264439E+01  -0.745061E+01   0.286198E-01   0.371134E-01   0.908816E-02   0.644083E-02   0.754133E-02  -0.467324E+02
   0.331684E+02  -0.370352E+01   0.256027E+01   0.279534E+02  -0.352394E+01  -0.353819E+01   0.162531E-01   0.283618E-02   0.150551E-01   0.117634E-01   0.148823E-02  -0.431824E+02
   0.326833E+02  -0.231007E+01   0.257593E+01   0.288706E+02   0.121524E+01   0.375875E+01   0.138854E-02   0.127064E-02   0.992494E-02   0.183465E-01   0.875045E-02  -0.431718E+02
   0.334826E+02  -0.367398E+01  -0.516294E+01   0.297760E+02  -0.130736E+01  -0.116429E+01   0.216966E-01   0.587590E-02   0.181577E-01   0.657587E-01   0.718789E-02  -0.512891E+02
   0.318833E+02  -0.310002E+01  -0.159161E+01   0.306903E+02   0.112242E+01  -0.488353E+01   0.125848E-01   0.279438E-01   0.218179E-02   0.105205E-01   0.467365E-03  -0.463995E+02
   0.336168E+02  -0.491795E+00  -0.217858E+01   0.258101E+02   0.118760E+01  -0.263645E+01   0.125652E-01   0.237839E-01   0.114767E-03   0.288372E-02   0.183148E-01  -0.435267E+02
   0.334760E+02  -0.163429E+01   0.918358E+00   0.275336E+02  -0.210620E+01   0.690557E-01   0.296489E-02   0.165701E-01   0.579388E-03   0.360339E-02   0.435842E-02  -0.403160E+02
   0.343241E+02  -0.428350E+01  -0.121881E+01   0.263666E+02   0.149222E+01  -0.316385E+00   0.961813E-02   0.180515E-01   0.420586E-02   0.360339E-02   0.268442E-02  -0.423532E+02
   0.324415E+02  -0.433382E+00  -0.378030E+01   0.263666E+02   0.338573E+00   0.277559E+01   0.646029E-02   0.893693E-02   0.187183E-01   0.146925E-01   0.265248E-02  -0.433514E+02
   0.337920E+02  -0.914250E-01  -0.394788E+01   0.281967E+02  -0.144691E+01  -0.256143E+01   0.984026E-02   0.347133E-03   0.133242E-01   0.465693E-02   0.199959E-02  -0.406020E+02
   0.337920E+02  -0.239136E+01   0.217719E+00   0.263172E+02   0.278973E+01   0.103452E+01   0.241619E-02   0.735161E-02   0.943501E-02   0.177299E-01   0.199959E-02  -0.424943E+02
   0.327819E+02  -0.190949E+01  -0.399773E+00   0.259793E+02  -0.437503E+01   0.639380E+01   0.346381E-02   0.514398E-02   0.233387E-01   0.215677E-01   0.151627E-01  -0.475260E+02
   0.334077E+02  -0.190949E+01   0.101288E+01   0.276079E+02  -0.548676E+01   0.212494E+01   0.106196E-01   0.121315E-02   0.492767E-01   0.118733E-02   0.101621E-01  -0.457140E+02
   0.324984E+02  -0.190949E+01   0.833346E+00   0.274531E+02   0.889832E+00  -0.359544E+01   0.439053E-02   0.120609E-01   0.147514E-02   0.218790E-01   0.620812E-02  -0.422578E+02
   0.329895E+02  -0.351174E+01   0.417896E+00   0.302232E+02  -0.127523E+01   0.123154E+01   0.931247E-02   0.647716E-02   0.883829E-02   0.126965E-01   0.109790E-01  -0.430660E+02
   0.335939E+02  -0.133341E+01  -0.465112E+01   0.271771E+02  -0.780019E+00   0.348912E+01   0.843735E-02   0.550014E-02   0.883829E-02   0.509730E-02   0.896046E-02  -0.414844E+02
   0.334646E+02  -0.111723E+01  -0.228378E+01   0.261203E+02   0.961299E+00   0.776233E+01   0.557172E-02   0.795380E-02   0.590758E-03   0.778759E-03   0.243451E-02  -0.416705E+02
   0.336468E+02  -0.262375E+01  -0.195199E+00   0.254113E+02  -0.142695E+01  -0.677209E+01   0.131408E-01   0.167731E-02   0.168211E-01   0.819697E-02   0.138827E-02  -0.436346E+02
   0.329750E+02   0.108187E+01  -0.132435E+01   0.276442E+02  -0.329693E+01   0.167346E+01   0.345882E-02   0.125442E-01   0.205492E-01   0.813589E-02   0.831238E-03  -0.432829E+02
   0.321180E+02  -0.142217E+00  -0.335418E+01   0.295602E+02  -0.266926E+01  -0.319845E+01   0.307224E-01   0.424374E-02   0.717147E-02   0.340094E-02   0.149533E-01  -0.436600E+02
   0.328341E+02  -0.578487E+00  -0.101553E+01   0.234506E+02  -0.278449E+01  -0.564239E+01   0.450477E-01   0.192241E-02   0.365860E-01   0.203470E-01   0.171650E-02  -0.532633E+02
   0.339174E+02  -0.227780E+01  -0.161096E+01   0.293499E+02   0.839028E+00   0.521950E+01   0.167107E-01   0.129916E-01   0.328158E-01   0.345958E-02   0.804137E-02  -0.453737E+02
   0.322468E+02   0.146105E+01  -0.110740E+01   0.271681E+02  -0.971632E+00   0.380589E+01   0.126970E-01   0.166699E-02   0.662608E-02   0.728614E-02   0.860448E-02  -0.417269E+02
   0.328455E+02  -0.585906E+00  -0.187544E+01   0.271177E+02   0.261011E+01  -0.370350E+00   0.515380E-02   0.496719E-02   0.139709E-01   0.163319E-01   0.107561E-02  -0.414422E+02
   0.333642E+02   0.680463E+00  -0.556785E+01   0.284799E+02   0.175058E+01   0.405265E+01   0.417300E-02   0.989076E-02   0.329124E-02   0.506953E-02   0.740453E-02  -0.426798E+02
   0.333642E+02   0.215373E+00  -0.542863E+01   0.255999E+02  -0.140099E+01   0.582533E+00   0.170484E-01   0.523061E-02   0.448526E-01   0.143303E-01   0.505328E-02  -0.469495E+02
   0.334167E+02   0.227037E+01  -0.590094E+01   0.255918E+02  -0.566311E+00  -0.318410E+01   0.194475E-01   0.241802E-02   0.351938E-01   0.393131E-01   0.186625E-03  -0.502577E+02
   0.327070E+02   0.100169E+01  -0.806477E+00   0.285174E+02  -0.119628E+01   0.288701E+01   0.241901E-01   0.165338E-01   0.318333E-01   0.790942E-02   0.635497E-05  -0.452209E+02
   0.320095E+02   0.433206E+00  -0.976823E+00   0.279922E+02  -0.246358E+01  -0.195219E+01   0.147809E-01   0.235199E-02   0.557574E-02   0.390269E-02   0.635497E-05  -0.394828E+02
   0.335107E+02  -0.417980E+01  -0.658534E+00   0.274047E+02   0.763425E+00  -0.823050E+00   0.952944E-02   0.288409E-02   0.243125E-01   0.147472E-01   0.635497E-05  -0.429587E+02
   0.334827E+02  -0.308950E+00   0.334565E-01   0.279267E+02  -0.558180E+00   0.926157E-01   0.750193E-02   0.958666E-02   0.157841E-01   0.814778E-02   0.167371E-02  -0.417781E+02
   0.336231E+02  -0.129032E+01  -0.295354E+01   0.278632E+02   0.254922E+01   0.926157E-01   0.158757E-01   0.318463E-03   0.287203E-01   0.501559E-02   0.176830E-01  -0.433647E+02
   0.344417E+02  -0.177590E+01  -0.571752E+01   0.251200E+02   0.529637E+00  -0.448936E+01   0.219337E-01   0.791943E-02   0.185087E-01   0.768331E-02   0.257734E-03  -0.457184E+02
   0.334331E+02   0.587464E+00  -0.493654E+01   0.289181E+02   0.123944E+01   0.385526E+01   0.101872E-01   0.279773E-02   0.367355E-03   0.274983E-02   0.144685E-02  -0.406954E+02
   0.339297E+02  -0.359825E+01   0.302092E+01   0.275926E+02   0.255768E-01  -0.135415E+01   0.809344E-02   0.279430E-02   0.280082E-01   0.994383E-03   0.144685E-02  -0.426965E+02
   0.339297E+02   0.308964E+00  -0.124855E+01   0.296437E+02   0.233242E+01  -0.150753E+01   0.299141E-01   0.143583E-01   0.175240E-02   0.994383E-03   0.223888E-01  -0.456663E+02
   0.338583E+02  -0.313160E+01   0.855105E+00   0.271899E+02  -0.834443E+00  -0.330161E+01   0.583705E-02   0.177280E-02   0.427307E-03   0.224099E-03   0.362959E-02  -0.389979E+02
   0.344476E+02  -0.277450E+01  -0.830482E+00   0.274386E+02   0.471215E+01   0.268680E+01   0.255741E-02   0.205068E-01   0.133441E-01   0.224099E-03   0.991891E-02  -0.449430E+02
   0.322230E+02  -0.172711E+01  -0.235754E+01   0.289505E+02  -0.121578E+01   0.966692E+00   0.215892E-01   0.129470E-01   0.823927E-02   0.189796E-02   0.217655E-02  -0.415984E+02
   0.329838E+02  -0.566818E+00  -0.235754E+01   0.265581E+02   0.844238E+00   0.296336E+00   0.169038E-01   0.132944E-01   0.110463E-01   0.876242E-02   0.788470E-03  -0.413256E+02
   0.318543E+02   0.644863E+00  -0.979863E-01   0.284329E+02   0.889790E+00  -0.970478E+00   0.842158E-02   0.277869E-02   0.120617E-01   0.380420E-02   0.214806E-01  -0.423828E+02
   0.341740E+02  -0.464918E+01  -0.470384E+01   0.289902E+02  -0.538971E+01  -0.574989E+00   0.281160E-01   0.588572E-02   0.112290E-02   0.815071E-03   0.116912E-01  -0.460588E+02
   0.344061E+02  -0.298375E+01  -0.183980E+01   0.286441E+02  -0.381742E+01  -0.462856E+01   0.285096E-01   0.129226E-01   0.939474E-02   0.244237E-01   0.565773E-02  -0.460114E+02
   0.343597E+02  -0.231501E+01   0.141198E+01   0.262619E+02  -0.569456E+01   0.575087E+00   0.101817E-01   0.612064E-03   0.157555E-01   0.780629E-03   0.575503E-02  -0.434955E+02
   0.347230E+02  -0.132332E+01  -0.758247E+01   0.248807E+02  -0.223334E+00   0.155178E+01   0.591717E-02   0.893534E-02   0.214607E-02   0.151524E-01   0.412064E-02  -0.457383E+02
   0.332849E+02   0.293080E+00  -0.609606E+01   0.277672E+02  -0.223334E+00   0.168724E+00   0.249862E-01   0.566017E-02   0.214607E-02   0.132921E-01   0.870722E-02  -0.428422E+02
   0.335648E+02  -0.396040E+01  -0.480510E+01   0.275789E+02  -0.547584E+00  -0.230802E+01   0.139845E-01   0.308308E-02   0.228674E-01   0.308085E-02   0.138015E-01  -0.455525E+02
   0.338594E+02  -0.146159E+01  -0.294981E+01   0.287464E+02  -0.917203E+00   0.214148E+01   0.145106E-01   0.498166E-02   0.160375E-02   0.122977E-01   0.909793E-02  -0.409627E+02
   0.316008E+02   0.135222E+01   0.556906E+00   0.279353E+02  -0.278718E+01   0.388516E+01   0.174339E-01   0.387161E-02   0.163334E-02   0.211214E-02   0.677831E-02  -0.418265E+02
   0.316008E+02   0.159014E+01  -0.157822E+01   0.253849E+02   0.303610E+01   0.627723E+01   0.475217E-02   0.304510E-02   0.163018E-01   0.824357E-02   0.154640E-01  -0.467611E+02
   0.327323E+02  -0.188997E+00  -0.296509E+01   0.248296E+02   0.225322E+01   0.975112E+00   0.208345E-01   0.122616E-02   0.496411E-03   0.201880E-02   0.127146E-02  -0.408840E+02
   0.327323E+02   0.276308E+01  -0.179104E+01   0.264325E+02  -0.437170E+01   0.975112E+00   0.257984E-01   0.131339E-01   0.986031E-02   0.136735E-01   0.127146E-02  -0.460089E+02
   0.339397E+02  -0.213343E+01  -0.372393E+01   0.281147E+02   0.107816E+01  -0.150152E+01   0.146703E-01   0.234603E-01   0.629986E-02   0.326351E-01   0.107127E-01  -0.453902E+02
   0.335875E+02  -0.186842E+01  -0.340596E+01   0.292284E+02   0.211250E+01   0.135352E+01   0.707139E-03   0.177537E-02   0.121935E-01   0.491483E-01   0.727321E-03  -0.445218E+02
   0.331101E+02  -0.118770E+01  -0.372432E+01   0.290348E+02  -0.678487E+00  -0.618509E+01   0.899118E-02   0.602928E-02   0.140976E-02   0.403379E-02   0.347507E-02  -0.402262E+02
   0.334129E+02  -0.118770E+01  -0.403557E+01   0.278221E+02  -0.232676E+01   0.755481E+00   0.978993E-02   0.308541E-01   0.117903E-02   0.618506E-03   0.142164E-01  -0.425944E+02
   0.317129E+02  -0.602351E+00   0.113184E+00   0.309767E+02   0.159883E+01   0.444231E-02   0.272648E-02   0.192525E-01   0.831887E-02   0.927415E-02   0.566768E-02  -0.441912E+02
   0.322218E+02  -0.379331E+00  -0.378034E+00   0.281837E+02  -0.230893E+01  -0.106461E+01   0.299543E-01   0.243201E-02   0.903654E-04   0.244275E-01   0.372218E-02  -0.422113E+02
   0.323683E+02   0.340917E+00  -0.539218E+01   0.257568E+02  -0.558520E+01   0.173169E+00   0.488225E-02   0.238786E-03   0.507976E-02   0.105243E-01   0.122298E-01  -0.450119E+02
   0.333124E+02  -0.229543E+01  -0.305269E+01   0.304967E+02   0.301635E+01  -0.345869E+01   0.914149E-02   0.498687E-02   0.300938E-01   0.852593E-02   0.920139E-02  -0.446337E+02
   0.339265E+02  -0.391751E+01   0.185588E+01   0.302481E+02  -0.245794E+01  -0.242658E+01   0.117130E-01   0.343556E-02   0.163341E-01   0.836220E-02   0.530949E-03  -0.429322E+02
   0.349002E+02  -0.453480E+01  -0.568198E+01   0.275189E+02   0.199866E+01   0.258486E+01   0.254688E-01   0.590975E-03   0.181028E-01   0.321847E-02   0.178738E-01  -0.467292E+02
   0.333222E+02  -0.424687E+00   0.983334E+00   0.300021E+02  -0.271849E+01  -0.181609E+01   0.389415E-02   0.181934E-02   0.274585E-01   0.176602E-05   0.816867E-02  -0.433907E+02
   0.335009E+02  -0.182273E+01   0.473229E+01   0.251356E+02   0.111339E+01  -0.256356E+01   0.453337E-02   0.539752E-02   0.399535E-03   0.346549E-02   0.823850E-02  -0.437885E+02
   0.335009E+02   0.102211E+01  -0.333108E+01   0.291073E+02   0.635772E+00  -0.530676E+01   0.630021E-02   0.411498E-02   0.420190E-02   0.337228E-02   0.104246E-01  -0.426143E+02
   0.327185E+02   0.271723E+00  -0.729204E+00   0.281393E+02  -0.315077E+01   0.911422E-01   0.178953E-02   0.461551E-02   0.273675E-01   0.167500E-02   0.182444E-01  -0.431853E+02
   0.305874E+02   0.271723E+00   0.185705E+01   0.267102E+02  -0.153200E+01   0.286179E+01   0.151756E-01   0.104131E-01   0.747871E-02   0.128066E-02   0.470699E-02  -0.446158E+02
   0.332941E+02   0.271723E+00   0.614132E+00   0.253285E+02   0.400926E+00  -0.574760E+01   0.172120E-01   0.364153E-01   0.782975E-02   0.128066E-02   0.120984E-01  -0.469519E+02
   0.307832E+02   0.271723E+00  -0.202267E+01   0.286746E+02  -0.542836E+00  -0.526322E+00   0.752651E-02   0.834678E-02   0.950443E-02   0.245629E-02   0.803397E-03  -0.428201E+02
   0.328547E+02   0.142681E+01  -0.301279E+01   0.294076E+02  -0.656375E+00   0.216967E+01   0.278428E-01   0.150678E-02   0.193976E-01   0.491035E-02   0.127301E-01  -0.444692E+02
   0.330331E+02  -0.145514E+01  -0.187964E+01   0.261964E+02   0.121830E+01   0.216967E+01   0.656407E-02   0.575924E-02   0.103240E-02   0.201860E-01   0.846044E-02  -0.415793E+02
   0.332133E+02  -0.801040E-01  -0.573731E+01   0.292970E+02  -0.192989E+01  -0.642440E+00   0.112960E-01   0.771446E-02   0.240710E-02   0.262811E-02   0.129869E-01  -0.415737E+02
   0.345224E+02  -0.262654E+00  -0.517138E+01   0.266061E+02  -0.354765E+01  -0.926312E+00   0.963519E-02   0.194908E-02   0.169567E-02   0.134030E-01   0.154134E-02  -0.424879E+02
   0.340274E+02  -0.238822E+01  -0.387671E+01   0.303519E+02  -0.343758E+01  -0.251944E+01   0.129224E-01   0.112068E-01   0.613539E-02   0.444646E-03   0.154134E-02  -0.415392E+02
   0.336316E+02  -0.141465E+01  -0.237147E+01   0.251383E+02   0.123016E+01   0.315297E+01   0.111435E-01   0.427945E-02   0.564878E-03   0.645276E-02   0.809150E-02  -0.413839E+02
   0.324851E+02  -0.126119E+01  -0.221397E+01   0.267761E+02  -0.248402E+01   0.736275E+00   0.589620E-02   0.263555E-01   0.137029E-02   0.116854E-01   0.108533E-02  -0.422185E+02
   0.331085E+02  -0.188661E+01  -0.272795E+01   0.263443E+02  -0.151307E+01  -0.297386E+01   0.135076E-01   0.879889E-02   0.115826E-01   0.814213E-02   0.138621E-02  -0.415768E+02
   0.329303E+02  -0.256168E+01  -0.352251E+01   0.275503E+02   0.344050E+01   0.419749E+00   0.194620E-01   0.671253E-02   0.207824E-02   0.550525E-02   0.370973E-02  -0.416864E+02
   0.340074E+02  -0.370777E+01   0.829622E+00   0.310455E+02  -0.582955E+00  -0.177782E+01   0.133464E-01   0.304819E-02   0.166015E-01   0.683426E-03   0.701706E-02  -0.428534E+02
   0.340074E+02  -0.162686E+01  -0.405132E+01   0.279671E+02   0.289035E+01   0.173623E+01   0.186638E-01   0.328296E-02   0.624398E-03   0.683426E-03   0.122835E-02  -0.397326E+02
   0.334596E+02  -0.770374E+00  -0.436736E+01   0.296698E+02  -0.546468E+01  -0.255553E+01   0.235404E-01   0.175852E-02   0.624398E-03   0.131107E-01   0.365903E-02  -0.427459E+02
   0.332608E+02   0.389116E+00  -0.371344E+01   0.273335E+02  -0.124853E+01   0.265316E+01   0.318787E-01   0.950959E-03   0.327646E-02   0.153876E-02   0.409678E-02  -0.410995E+02
   0.320351E+02   0.680457E+00  -0.954533E+00   0.284659E+02   0.183234E+01  -0.493830E+01   0.205058E-01   0.240932E-03   0.312185E-01   0.160672E-01   0.473600E-01  -0.490843E+02
   0.324171E+02   0.343873E+00   0.192352E+01   0.271233E+02  -0.820593E+00  -0.348244E+01   0.212977E-01   0.130552E-02   0.317562E-03   0.308527E-02   0.313437E-02  -0.402544E+02
   0.345110E+02  -0.761158E+00   0.573184E+00   0.259471E+02   0.263829E+01   0.418688E+01   0.207146E-01   0.250737E-01   0.110607E-01   0.254800E-01   0.157230E-01  -0.502623E+02
   0.316578E+02  -0.198069E+01   0.319796E+01   0.279860E+02  -0.343213E+01   0.519344E+00   0.216242E-01   0.367566E-02   0.148742E-01   0.302074E-02   0.294879E-01  -0.461186E+02
   0.344577E+02  -0.410702E+01  -0.320811E+01   0.279931E+02  -0.170741E+01  -0.154623E+00   0.140996E-01   0.148034E-01   0.580802E-02   0.148058E-01   0.138735E-01  -0.442202E+02
   0.344166E+02  -0.273678E+01   0.416490E+00   0.304313E+02   0.382327E+01  -0.322913E+01   0.286639E-01   0.956330E-02   0.933164E-03   0.117265E-01   0.211487E-02  -0.448595E+02
   0.332720E+02   0.100897E+01  -0.343767E+01   0.274754E+02  -0.232413E+01   0.581434E+01   0.195590E-02   0.223530E-03   0.123356E-01   0.796665E-02   0.117747E-01  -0.435605E+02
   0.332658E+02  -0.182792E+01  -0.107898E+01   0.262361E+02   0.400646E+01   0.226317E+01   0.192704E-01   0.447051E-02   0.749194E-02   0.415213E-01   0.115307E-01  -0.460742E+02
   0.319882E+02  -0.173374E+01   0.120514E+01   0.279987E+02  -0.209745E+01  -0.372964E+01   0.182319E-01   0.166642E-01   0.283330E-02   0.162177E-01   0.242352E-01  -0.452136E+02
   0.331218E+02  -0.198102E+01   0.350830E+01   0.285732E+02  -0.841897E+00  -0.617219E+01   0.129562E-01   0.135146E-02   0.711777E-03   0.416332E-01   0.310591E-01  -0.477199E+02
   0.345704E+02  -0.391112E+01  -0.344104E+01   0.324819E+02  -0.184896E+01  -0.362867E+01   0.224149E-01   0.187137E-01   0.128490E-02   0.796200E-02   0.198665E-01  -0.478957E+02
   0.317383E+02   0.453858E+00  -0.344104E+01   0.301229E+02   0.719257E+00  -0.378485E+01   0.952235E-02   0.461959E-02   0.128490E-02   0.172625E-01   0.442021E-03  -0.420908E+02
   0.329258E+02   0.453858E+00  -0.202171E+01   0.314854E+02   0.281243E+01  -0.301665E+01   0.768859E-02   0.155223E-02   0.100077E-02   0.287477E-02   0.168778E-01  -0.434361E+02
   0.345881E+02  -0.701762E+00  -0.209170E+01   0.247206E+02  -0.246536E+00   0.180198E+01   0.194133E-01   0.292332E-01   0.109215E-01   0.287477E-02   0.838765E-02  -0.466629E+02
   0.337064E+02  -0.315493E+00  -0.115379E+01   0.286928E+02  -0.196625E+01  -0.279490E+01   0.225577E-02   0.120418E-01   0.407853E-02   0.953440E-02   0.145358E-02  -0.413470E+02
   0.351184E+02  -0.426642E+01  -0.359284E+01   0.281703E+02  -0.690434E+00  -0.492719E+01   0.224111E-01   0.115892E-01   0.343123E-04   0.375441E-01   0.142540E-01  -0.475350E+02
   0.320719E+02   0.132777E+01  -0.471019E+01   0.281664E+02   0.199408E+00  -0.556732E+01   0.119311E-01   0.500636E-02   0.107127E-01   0.206357E-01   0.782223E-02  -0.445753E+02
   0.312998E+02  -0.214894E+01   0.910486E-01   0.297425E+02  -0.262913E+01  -0.443764E+01   0.733566E-02   0.681504E-02   0.363721E-01   0.133236E-03   0.226903E-01  -0.484187E+02
   0.322395E+02  -0.319882E+01   0.597203E+01   0.284503E+02   0.105945E+01   0.252504E+00   0.564289E-02   0.521207E-02   0.153475E-01   0.300813E-03   0.135030E-01  -0.455682E+02
   0.324061E+02  -0.944248E+00  -0.173042E+01   0.304287E+02  -0.263814E+01  -0.535458E+01   0.650487E-02   0.335191E-02   0.115772E-02   0.555574E-02   0.189644E-01  -0.421186E+02
   0.324061E+02  -0.358856E+00   0.150711E+01   0.310523E+02  -0.461174E+00  -0.324805E+01   0.154895E-01   0.912167E-02   0.983168E-02   0.450383E-03   0.110920E-01  -0.433029E+02
   0.324061E+02  -0.411770E+01   0.161234E+01   0.288965E+02   0.345725E+01  -0.306066E+01   0.228240E-02   0.176309E-02   0.492620E-04   0.188316E-03   0.127311E-02  -0.415214E+02
   0.332726E+02  -0.728274E+00   0.442027E+01   0.285459E+02  -0.699109E+00   0.467456E+01   0.554990E-02   0.257222E-01   0.187634E-02   0.146627E-02   0.122352E-01  -0.460956E+02
   0.341634E+02  -0.847479E+00   0.111059E+01   0.271478E+02  -0.141643E+01  -0.331103E+01   0.151922E-01   0.746807E-02   0.764637E-02   0.312541E-02   0.395747E-01  -0.459258E+02
   0.318657E+02   0.347558E+01  -0.310494E+01   0.295773E+02  -0.892458E+01   0.675118E+00   0.338329E-01   0.890711E-02   0.314737E-02   0.206356E-02   0.179344E-03  -0.495734E+02
   0.326847E+02   0.108610E+01  -0.412594E+01   0.250833E+02  -0.637660E+01  -0.159870E+00   0.176340E-01   0.706332E-02   0.523699E-02   0.383962E-02   0.100929E-01  -0.453413E+02
   0.345140E+02  -0.220310E+01  -0.412594E+01   0.269857E+02   0.490437E+01  -0.384775E+01   0.615611E-02   0.714138E-02   0.248523E-02   0.920348E-02   0.373632E-01  -0.467360E+02
   0.337068E+02  -0.777460E+00  -0.237885E+01   0.281810E+02   0.610343E+01   0.422039E+01   0.947435E-02   0.296078E-02   0.716866E-03   0.100104E-01   0.705838E-02  -0.435858E+02
   0.321689E+02  -0.106474E+01   0.752877E+00   0.280059E+02  -0.381342E+01  -0.559333E+01   0.564212E-02   0.102530E-01   0.412958E-02   0.125622E-01   0.130021E-02  -0.421678E+02
   0.337777E+02  -0.106474E+01   0.752877E+00   0.278400E+02   0.138155E+01   0.181897E+01   0.167512E-01   0.161767E-02   0.145997E-01   0.641236E-02   0.455590E-02  -0.418318E+02
   0.340196E+02   0.803934E+00  -0.532765E+01   0.288718E+02  -0.626247E+00  -0.608496E+01   0.143759E-01   0.145294E-01   0.586967E-02   0.127146E-01   0.824471E-02  -0.455327E+02
   0.328851E+02   0.803934E+00   0.246292E+01   0.266975E+02   0.124330E+01   0.249489E+01   0.196278E-01   0.156563E-01   0.192817E-01   0.191480E-02   0.651734E-02  -0.450726E+02
   0.324377E+02   0.105963E+01  -0.528752E+01   0.254129E+02  -0.470003E+01   0.953439E+00   0.179341E-01   0.502464E-02   0.801694E-02   0.407888E-02   0.948116E-03  -0.439106E+02
   0.325730E+02  -0.233523E+01  -0.203563E+01   0.257931E+02  -0.239087E+00  -0.345616E+01   0.336917E-02   0.168002E-02   0.127141E-01   0.701525E-02   0.153374E-02  -0.420837E+02
   0.333644E+02  -0.217050E+01  -0.636178E-01   0.257514E+02  -0.239087E+00  -0.228725E+01   0.823952E-02   0.200081E-02   0.136751E-01   0.837916E-02   0.104465E-01  -0.418237E+02
   0.316953E+02   0.650245E+00  -0.193452E+01   0.260331E+02   0.516512E+00   0.326849E+01   0.216427E-01   0.929067E-02   0.368304E-01   0.165220E-02   0.178681E-01  -0.467002E+02
   0.333411E+02   0.120515E+01  -0.501997E+01   0.273216E+02   0.516512E+00  -0.532745E-01   0.118480E-01   0.183861E-01   0.266965E-01   0.424809E-02   0.476168E-02  -0.448196E+02
   0.316005E+02   0.310436E+01  -0.803683E+01   0.273014E+02   0.217300E+01  -0.645411E+00   0.215431E-01   0.751585E-02   0.277320E-01   0.700549E-02   0.326961E-01  -0.523248E+02
   0.302541E+02   0.133452E+01   0.323798E+01   0.293820E+02   0.217300E+01   0.224960E+01   0.155434E-01   0.127675E-01   0.308733E-02   0.574373E-02   0.105235E-01  -0.477473E+02
   0.325206E+02  -0.101915E+00  -0.211483E+01   0.280701E+02  -0.493950E+01   0.307932E+00   0.119636E-01   0.630242E-02   0.155361E-01   0.627770E-02   0.319761E-01  -0.447857E+02
   0.333423E+02  -0.101915E+00  -0.472335E+01   0.281975E+02  -0.326322E+01  -0.675749E+00   0.251503E-01   0.802526E-02   0.416010E-02   0.776936E-02   0.557011E-02  -0.420952E+02
   0.344402E+02  -0.280374E+01  -0.997187E+00   0.283295E+02   0.457611E+00   0.351526E+01   0.998064E-03   0.402402E-02   0.230579E-02   0.358536E-02   0.569869E-02  -0.405834E+02
   0.344402E+02  -0.206247E+00  -0.591560E+01   0.275453E+02   0.205190E+01   0.270527E+01   0.971635E-02   0.402402E-02   0.110808E-02   0.994331E-03   0.117188E-01  -0.425055E+02
   0.322001E+02  -0.519016E+00   0.128394E+01   0.302052E+02  -0.670298E+01  -0.568137E+01   0.109709E-02   0.367706E-02   0.110808E-02   0.136841E-02   0.237360E-03  -0.425200E+02
   0.325138E+02  -0.728782E+00   0.128394E+01   0.308309E+02  -0.382287E+01  -0.725730E+01   0.966873E-02   0.282077E-02   0.133551E-01   0.286959E-01   0.148458E-02  -0.459169E+02
   0.325138E+02   0.863666E+00   0.327031E+00   0.283624E+02  -0.296436E+01  -0.265077E+01   0.190204E-02   0.831761E-02   0.585479E-02   0.590383E-02   0.255338E-03  -0.408846E+02
   0.320347E+02  -0.214696E+01   0.108031E+01   0.301365E+02   0.315643E+01  -0.283888E+01   0.169896E-02   0.263358E-02   0.288439E-02   0.393851E-01   0.143172E-01  -0.458692E+02
   0.324081E+02  -0.135572E+01   0.742758E+00   0.284101E+02  -0.746257E+01  -0.322817E+01   0.151367E-01   0.269817E-01   0.288439E-02   0.207833E-02   0.536027E-02  -0.450000E+02
   0.347563E+02  -0.923001E+00  -0.310666E+01   0.299346E+02   0.339145E+01  -0.364626E+01   0.280578E-01   0.208289E-01   0.322233E-02   0.167910E-01   0.128165E-01  -0.481880E+02
   0.349835E+02  -0.246249E+01  -0.476808E+01   0.271588E+02  -0.273700E+01   0.116944E+00   0.276862E-01   0.316508E-01   0.119452E-01   0.872989E-02   0.223611E-01  -0.484484E+02
   0.333718E+02  -0.246249E+01  -0.373615E+01   0.289789E+02   0.224508E+00  -0.528952E+01   0.571951E-02   0.156044E-01   0.885139E-02   0.658797E-02   0.453257E-03  -0.419152E+02
   0.341028E+02  -0.381000E+01  -0.389324E+00   0.285634E+02   0.385056E+01  -0.433064E+01   0.494282E-02   0.628666E-03   0.115567E-01   0.117480E-02   0.336755E-03  -0.412432E+02
   0.335273E+02  -0.282793E+01  -0.882749E+00   0.269266E+02  -0.159439E+01  -0.121309E+01   0.661479E-02   0.470180E-03   0.587009E-02   0.401261E-02   0.254990E-02  -0.390227E+02
   0.345323E+02  -0.674615E+01  -0.547649E+00   0.300071E+02  -0.654834E+00  -0.298545E+01   0.235720E-01   0.848074E-02   0.290669E-02   0.208287E-04   0.423404E-02  -0.449667E+02
   0.307983E+02  -0.838304E+00   0.450839E+00   0.279985E+02   0.313956E+01  -0.432666E+01   0.516876E-01   0.634150E-02   0.212277E-02   0.108452E-01   0.106641E-01  -0.498515E+02
   0.332004E+02  -0.643009E+00   0.809915E+00   0.267059E+02  -0.705788E-01   0.408592E+01   0.124215E-01   0.261289E-02   0.705600E-02   0.826865E-02   0.897082E-02  -0.415359E+02
   0.335772E+02  -0.383421E+00  -0.119832E+01   0.257030E+02  -0.580665E+00  -0.522620E+01   0.508318E-02   0.101359E-02   0.538271E-02   0.490176E-02   0.678792E-02  -0.414069E+02
   0.314789E+02  -0.220014E+01  -0.343576E+01   0.292630E+02  -0.809171E+00   0.470527E+01   0.408127E-01   0.237730E-02   0.203386E-01   0.289796E-02   0.517148E-02  -0.490857E+02
   0.324965E+02   0.996290E-01  -0.151824E+01   0.293320E+02   0.190872E+01   0.323669E+01   0.265046E-01   0.237730E-02   0.310408E-02   0.430642E-02   0.805413E-02  -0.415972E+02
   0.325417E+02   0.193751E+01   0.959506E+00   0.268834E+02   0.178875E+00  -0.299373E+01   0.260264E-01   0.602913E-02   0.600221E-02   0.127289E-02   0.181485E-02  -0.425939E+02
   0.317090E+02   0.223750E+01  -0.319239E+01   0.287881E+02  -0.203537E+01  -0.234858E+01   0.829195E-03   0.506339E-03   0.141325E-01   0.184236E-01   0.286775E-02  -0.434441E+02
   0.329607E+02  -0.185813E+01   0.257486E+01   0.293296E+02  -0.349656E+01   0.205838E+01   0.171548E-01   0.136634E-01   0.135749E-01   0.519971E-03   0.174412E-01  -0.442862E+02
   0.321115E+02  -0.239841E+01   0.132208E+01   0.289475E+02   0.690619E+00   0.153063E+01   0.794094E-02   0.971015E-02   0.823528E-02   0.662391E-02   0.648128E-02  -0.419863E+02
   0.335231E+02  -0.239841E+01  -0.253255E+01   0.288071E+02   0.145746E+01   0.159407E+01   0.333565E-01   0.169250E-01   0.168598E-01   0.650159E-02   0.337934E-01  -0.472305E+02
   0.319864E+02   0.171393E+01  -0.100689E+01   0.275428E+02  -0.125636E+01  -0.136433E+00   0.192682E-01   0.182718E-01   0.104466E-01   0.148235E-01   0.477103E-01  -0.483108E+02
   0.330436E+02   0.920399E+00  -0.413472E+01   0.276767E+02  -0.376045E+01  -0.727967E+01   0.230742E-01   0.178668E-01   0.243002E-02   0.184891E-01   0.677395E-01  -0.521888E+02
   0.330927E+02  -0.198068E+01  -0.413472E+01   0.289613E+02  -0.883877E+00   0.209450E+01   0.308273E-01   0.198178E-01   0.174111E-02   0.552637E-03   0.199821E-01  -0.443629E+02
   0.336826E+02  -0.181355E+01  -0.510404E+01   0.280809E+02  -0.118148E+01  -0.307406E+01   0.185617E-02   0.722843E-02   0.312761E-02   0.436616E-02   0.823803E-02  -0.407448E+02
   0.327488E+02   0.212000E+00  -0.513932E+01   0.291295E+02   0.236606E+01   0.154390E+01   0.158694E-01   0.379659E-02   0.155776E-01   0.477606E-02   0.501827E-02  -0.424195E+02
   0.333304E+02  -0.174351E+01  -0.386418E+01   0.312843E+02   0.378436E+00  -0.174980E+01   0.162340E-01   0.103741E-01   0.102851E-02   0.198585E-01   0.541888E-02  -0.432870E+02
   0.338398E+02  -0.174351E+01  -0.292216E+01   0.279749E+02   0.169507E+01  -0.131177E+01   0.405962E-02   0.769707E-02   0.110864E-02   0.442932E-02   0.818722E-02  -0.398651E+02
   0.350187E+02  -0.221429E+01  -0.614267E+01   0.276337E+02   0.806475E+00  -0.630529E+00   0.300777E-01   0.476633E-02   0.110739E-01   0.123286E-01   0.635536E-01  -0.505942E+02
   0.349781E+02  -0.221429E+01  -0.225502E+01   0.278835E+02   0.806475E+00   0.329888E+01   0.463184E-02   0.350664E-03   0.131096E-01   0.145723E-02   0.402205E-02  -0.421829E+02
   0.323551E+02  -0.221429E+01   0.957216E+00   0.293959E+02  -0.439723E+01  -0.220297E+00   0.176585E-01   0.121967E-01   0.154896E-01   0.605386E-02   0.486232E-02  -0.435129E+02
   0.329612E+02  -0.216087E+01  -0.301614E+00   0.252103E+02   0.112472E+01  -0.282326E+01   0.204626E-01   0.230458E-03   0.189567E-01   0.605386E-02   0.109504E-01  -0.434379E+02
   0.342072E+02  -0.131655E+01  -0.178073E+01   0.261394E+02  -0.102711E+01   0.478094E+01   0.204151E-02   0.121782E-01   0.306615E-01   0.288833E-02   0.787427E-02  -0.450193E+02
   0.320452E+02   0.143853E+01  -0.447476E+01   0.269019E+02   0.157415E+01   0.132984E+01   0.306825E-01   0.558548E-03   0.409858E-02   0.674646E-02   0.219877E-01  -0.445878E+02
   0.314953E+02   0.892310E+00  -0.916344E+00   0.278864E+02   0.417297E+00  -0.114810E+01   0.303365E-02   0.116890E-01   0.152546E-01   0.159645E-01   0.953087E-02  -0.438457E+02
   0.339968E+02  -0.301188E+01  -0.104801E+01   0.282199E+02  -0.699750E+00  -0.157896E+01   0.201634E-01   0.261497E-02   0.100819E-01   0.258350E-02   0.826658E-02  -0.405398E+02
   0.315750E+02  -0.963319E+00  -0.196202E+00   0.280790E+02   0.225214E+01  -0.584207E+00   0.233537E-01   0.651233E-02   0.415294E-02   0.766578E-02   0.163442E-01  -0.430927E+02
   0.331968E+02  -0.290294E+01  -0.157528E+01   0.280790E+02  -0.223672E+01  -0.377854E+01   0.177983E-01   0.300815E-01   0.140294E-01   0.184632E-01   0.779979E-02  -0.456914E+02
   0.330709E+02  -0.119221E+00  -0.278035E+01   0.283869E+02  -0.334077E+01  -0.772222E+01   0.313459E-02   0.141277E-02   0.216626E-01   0.206873E-02   0.132902E-01  -0.435662E+02
   0.321470E+02   0.741010E+00  -0.974495E+00   0.259693E+02  -0.156297E+01   0.576997E-01   0.172666E-01   0.219722E-02   0.873045E-02   0.623274E-02   0.204735E-01  -0.426496E+02
   0.321470E+02   0.849454E-01  -0.774254E+00   0.256341E+02  -0.229549E+01  -0.219741E+01   0.268987E-01   0.511134E-02   0.801073E-03   0.203874E-01   0.760654E-02  -0.435095E+02
   0.321076E+02  -0.483115E+00   0.300130E-01   0.293817E+02   0.346323E-01   0.613146E+01   0.885038E-02   0.285772E-02   0.107650E-02   0.265674E-02   0.315095E-02  -0.409072E+02
   0.322680E+02  -0.483115E+00  -0.115138E+01   0.280233E+02  -0.359730E+01  -0.498538E+01   0.174037E-02   0.141936E-01   0.116351E-01   0.234098E-03   0.424340E-02  -0.416921E+02
   0.317728E+02   0.119224E+01  -0.603859E-01   0.271050E+02  -0.445733E+01   0.760493E+01   0.149427E-01   0.384812E-03   0.182784E-01   0.264078E-02   0.414175E-03  -0.445733E+02
   0.321266E+02  -0.128442E+00  -0.434745E+01   0.300813E+02   0.815308E+01  -0.660888E+01   0.380067E-02   0.838320E-02   0.157922E-02   0.737339E-03   0.414175E-03  -0.461966E+02
   0.324715E+02  -0.128442E+00  -0.676253E+00   0.261269E+02  -0.592640E+01  -0.159633E+01   0.139091E-01   0.113252E-01   0.340835E-01   0.465610E-02   0.712918E-02  -0.458683E+02
   0.322676E+02  -0.372015E+00  -0.321646E+01   0.248000E+02   0.816616E-01   0.260845E+01   0.201349E-01   0.221169E-02   0.184942E-01   0.157362E-01   0.119831E-01  -0.456774E+02
   0.309972E+02  -0.919943E+00   0.147629E+01   0.277539E+02  -0.598116E+00  -0.108540E+01   0.234853E-01   0.231830E-01   0.839713E-02   0.181925E-02   0.196960E-01  -0.461832E+02
   0.318285E+02   0.127323E+01  -0.251307E+01   0.272321E+02  -0.776195E+00   0.420963E+01   0.479462E-02   0.906290E-02   0.596497E-02   0.181925E-02   0.131847E-01  -0.423712E+02
   0.327359E+02  -0.370709E-01  -0.444636E+01   0.292863E+02  -0.264070E+00  -0.716585E+01   0.116731E-01   0.186077E-01   0.214752E-01   0.544536E-02   0.286242E-02  -0.446696E+02
   0.327359E+02  -0.427545E-01   0.181324E+01   0.301021E+02  -0.117478E+01  -0.475823E+01   0.597308E-02   0.204332E-02   0.210446E-02   0.555588E-02   0.553629E-02  -0.416284E+02
   0.328973E+02  -0.300271E+01  -0.120281E+01   0.293998E+02  -0.647009E+00   0.377635E+01   0.762244E-02   0.180362E-02   0.249187E-02   0.946815E-02   0.173220E-02  -0.405353E+02
   0.332345E+02  -0.575377E-02   0.378173E-01   0.287152E+02   0.207513E+01  -0.130977E+01   0.220745E-01   0.159698E-01   0.186045E-01   0.151296E-01   0.178913E-01  -0.461009E+02
   0.325229E+02   0.369247E+00  -0.901968E+00   0.282429E+02   0.808740E-01  -0.140513E+01   0.173366E-01   0.697533E-02   0.587741E-03   0.151994E-01   0.139747E-01  -0.416593E+02
   0.322292E+02   0.308173E+01  -0.473434E+01   0.289212E+02  -0.363022E+01  -0.568193E+01   0.102234E-01   0.172126E-01   0.222493E-02   0.798935E-02   0.260629E-02  -0.455615E+02
   0.313551E+02   0.308173E+01   0.196809E+01   0.304335E+02  -0.147215E+01  -0.666041E+01   0.510993E-01   0.267462E-01   0.196821E-01   0.408916E-02   0.467076E-01  -0.584725E+02
   0.320133E+02   0.203216E+01  -0.492492E+00   0.283409E+02  -0.112343E+01  -0.666041E+01   0.244612E-01   0.320305E-02   0.232437E-01   0.272865E-01   0.130651E-01  -0.481269E+02
   0.320868E+02   0.112551E+01  -0.564684E+01   0.316074E+02  -0.123221E+01   0.503245E+01   0.146687E-01   0.313253E-01   0.218932E-02   0.223165E-03   0.299683E-01  -0.501109E+02
   0.343609E+02   0.262871E+00  -0.525220E+01   0.281129E+02   0.289583E+00  -0.390489E+01   0.245630E-01   0.353498E-01   0.425351E-02   0.223165E-03   0.167010E-01  -0.468098E+02
   0.331213E+02   0.361439E+00  -0.348959E+01   0.273171E+02   0.100162E+01   0.400304E+01   0.131412E-01   0.187690E-03   0.963245E-02   0.409550E-03   0.866383E-02  -0.408204E+02
   0.334168E+02  -0.512884E+00  -0.210830E+01   0.258281E+02   0.364042E+01  -0.631283E+00   0.165432E-01   0.492269E-02   0.119479E-01   0.124521E-03   0.922960E-02  -0.422726E+02
   0.330292E+02  -0.586965E+00  -0.224039E+01   0.278039E+02  -0.929132E+00  -0.180848E+01   0.107848E-01   0.153450E-01   0.201030E-02   0.124947E-01   0.567609E-02  -0.408224E+02
   0.346581E+02  -0.622151E+01   0.794724E+00   0.296442E+02  -0.124977E+01   0.531638E+01   0.536038E-02   0.788839E-02   0.717549E-03   0.407664E-02   0.119473E-01  -0.455756E+02
   0.339761E+02  -0.932176E+00  -0.441757E+01   0.293483E+02  -0.137627E+01  -0.201106E+01   0.394771E-01   0.254650E-02   0.285815E-01   0.137558E-01   0.820359E-02  -0.468033E+02
   0.334202E+02   0.186097E+01  -0.248671E+01   0.284845E+02  -0.601586E+01  -0.953890E+00   0.652997E-02   0.482666E-02   0.447743E-01   0.948214E-02   0.317109E-01  -0.510849E+02
   0.328474E+02  -0.386031E+01  -0.320967E+01   0.281752E+02  -0.568788E+00   0.178168E+01   0.256648E-02   0.103980E-01   0.137892E-01   0.752466E-02   0.517515E-02  -0.446032E+02
   0.345954E+02  -0.193420E+01  -0.357400E+01   0.249431E+02   0.169236E+01   0.178168E+01   0.839046E-03   0.259834E-01   0.463018E-01   0.155556E-01   0.693495E-02  -0.502125E+02
   0.334180E+02  -0.137549E+01  -0.441394E+01   0.281706E+02   0.169236E+01   0.838938E+00   0.163619E-01   0.196177E-01   0.355091E-02   0.265326E-01   0.169729E-01  -0.450048E+02
   0.327749E+02  -0.280614E+01  -0.370620E+01   0.277800E+02   0.424232E+01   0.229955E+01   0.291107E-01   0.115257E-02   0.108300E-01   0.887397E-02   0.132908E-01  -0.455236E+02
   0.332979E+02  -0.218322E+01  -0.343311E+01   0.283594E+02  -0.601850E+00  -0.437035E+01   0.139836E-01   0.469047E-02   0.240518E-01   0.130328E-02   0.525591E-02  -0.419012E+02
   0.330858E+02  -0.126039E+01  -0.621097E+00   0.268451E+02  -0.434212E+00   0.626095E+01   0.146709E-01   0.255692E-01   0.441562E-01   0.578277E-02   0.626760E-03  -0.467795E+02
   0.321647E+02  -0.126039E+01   0.829252E-01   0.287490E+02  -0.236637E+00  -0.380823E+01   0.540305E-02   0.502724E-03   0.559434E-02   0.121908E-01   0.701458E-02  -0.405140E+02
   0.326533E+02  -0.682769E+00  -0.138295E+01   0.292001E+02   0.260326E+00  -0.641521E+01   0.244886E-01   0.254466E-02   0.131588E-01   0.111519E-01   0.758340E-02  -0.429613E+02
   0.319919E+02   0.817640E+00   0.228019E+01   0.284818E+02  -0.150476E+01  -0.274769E+01   0.342204E-01   0.897579E-02   0.220449E-01   0.831082E-02   0.857763E-03  -0.452261E+02
   0.340896E+02  -0.359610E+01  -0.526132E+01   0.265978E+02   0.209587E+01  -0.779602E+00   0.189676E-01   0.797914E-02   0.137477E-01   0.140585E-01   0.715589E-02  -0.454543E+02
   0.341900E+02  -0.343980E+01  -0.351532E+00   0.264089E+02  -0.625974E+01  -0.747119E+01   0.966651E-02   0.155789E-02   0.977405E-02   0.303802E-02   0.299305E-02  -0.450740E+02
   0.328471E+02  -0.106225E+01  -0.236798E+01   0.292501E+02  -0.353582E+00  -0.377674E+01   0.106887E-01   0.174560E-01   0.901046E-02   0.205953E-02   0.572009E-02  -0.411575E+02
   0.310861E+02  -0.110144E+01  -0.223843E+00   0.280815E+02   0.228268E+01  -0.414367E+01   0.219011E-01   0.519522E-02   0.924744E-03   0.625338E-02   0.147099E-02  -0.428833E+02
   0.328918E+02  -0.256030E+00   0.381932E+00   0.278138E+02   0.549430E+01  -0.482476E+01   0.270694E-01   0.157497E-01   0.493701E-02   0.245582E-01   0.222285E-01  -0.486581E+02
   0.325780E+02  -0.121739E+01  -0.728245E+00   0.282720E+02   0.450738E+01  -0.240970E+01   0.219182E-01   0.235602E-02   0.714555E-03   0.889168E-02   0.232023E-01  -0.430153E+02
   0.323135E+02  -0.923978E+00   0.487096E+00   0.276767E+02   0.143951E+01   0.494389E-01   0.116670E-01   0.168862E-02   0.714555E-03   0.775599E-03   0.137973E-01  -0.394888E+02
   0.329771E+02   0.598053E+00   0.826938E+00   0.271535E+02  -0.276560E+01   0.536655E+01   0.596281E-02   0.549833E-02   0.714555E-03   0.429724E-02   0.407907E-02  -0.417231E+02
   0.343499E+02  -0.367623E+01  -0.325766E+01   0.272438E+02   0.125519E+01   0.243548E+01   0.106639E-01   0.559237E-02   0.575315E-02   0.867426E-02   0.150618E-01  -0.427582E+02
   0.331027E+02   0.185068E+00  -0.700632E+00   0.274543E+02  -0.836210E+00   0.534519E+01   0.459653E-02   0.234055E-03   0.675923E-02   0.386076E-01   0.580260E-02  -0.442868E+02
   0.305942E+02  -0.472590E-01  -0.559757E-01   0.284599E+02  -0.427141E+01  -0.281796E+01   0.149452E-02   0.226018E-02   0.299902E-03   0.440912E-01   0.269708E-02  -0.473363E+02
   0.328922E+02   0.252920E+01  -0.945904E+00   0.280946E+02  -0.683490E+01  -0.711139E+01   0.248516E-01   0.276576E-02   0.126902E-01   0.302566E-01   0.260517E-02  -0.493646E+02
   0.302546E+02   0.722385E+00  -0.279325E+01   0.281583E+02   0.610607E+01   0.236080E+00   0.203436E-01   0.525713E-02   0.295182E-01   0.354704E-02   0.164799E-01  -0.514251E+02
   0.349981E+02  -0.479451E+00  -0.529342E+01   0.280623E+02   0.165396E+01   0.433723E+00   0.407026E-01   0.176094E-02   0.527889E-02   0.875286E-02   0.820032E-03  -0.451675E+02
   0.337339E+02  -0.408625E+00   0.521162E+00   0.277597E+02  -0.481080E+01  -0.545000E+00   0.333361E-01   0.495428E-02   0.580165E-02   0.100863E-01   0.154387E-02  -0.434906E+02
   0.330796E+02  -0.368294E+01  -0.161293E+01   0.274296E+02  -0.215100E+01  -0.571044E+01   0.252050E-01   0.151552E-02   0.728415E-03   0.141631E-02   0.587561E-02  -0.422148E+02
   0.340503E+02  -0.396300E+01   0.304296E+01   0.309307E+02  -0.456748E+01   0.132207E+01   0.458551E-02   0.103446E-01   0.241593E-02   0.238963E-01   0.200176E-01  -0.482982E+02
   0.325961E+02  -0.106560E+00  -0.368026E+01   0.275260E+02  -0.859599E+00   0.830748E+00   0.109715E-01   0.332526E-02   0.392753E-02   0.150123E-02   0.190617E-01  -0.406357E+02
   0.325961E+02  -0.496461E+00  -0.250475E+01   0.256291E+02   0.100843E+01  -0.785266E+01   0.163326E-01   0.155429E-01   0.122285E-01   0.620013E-02   0.137909E-01  -0.461733E+02
   0.334349E+02  -0.439383E+01   0.132773E+01   0.287229E+02  -0.168138E+01   0.141838E+01   0.195549E-01   0.942637E-02   0.742824E-02   0.123743E-01   0.125858E-01  -0.438553E+02
   0.321834E+02  -0.304009E+00  -0.177055E+01   0.299584E+02   0.189294E+01  -0.163926E+01   0.174533E-01   0.747928E-02   0.847228E-02   0.218312E-02   0.627776E-02  -0.412752E+02
   0.339242E+02  -0.361587E+00  -0.667834E+01   0.301426E+02  -0.507284E+01  -0.290143E+01   0.270132E-01   0.855868E-02   0.177545E-01   0.114331E-01   0.519421E-02  -0.471182E+02
   0.324855E+02  -0.372669E+01  -0.250294E+01   0.271292E+02   0.892931E+00   0.488016E+01   0.287372E-01   0.361775E-02   0.336533E-03   0.416636E-02   0.748203E-02  -0.448379E+02
   0.325725E+02  -0.372669E+01  -0.100165E+00   0.277372E+02  -0.431774E+01  -0.685640E+01   0.990625E-03   0.140560E-01   0.171959E-01   0.449371E-02   0.123603E-01  -0.472697E+02
   0.341374E+02  -0.287919E+01  -0.379715E+01   0.307162E+02   0.208925E+01  -0.227940E+01   0.990625E-03   0.276421E-02   0.138128E-01   0.108985E-01   0.390190E-02  -0.427246E+02
   0.332783E+02  -0.287919E+01  -0.481256E+01   0.276091E+02  -0.123878E+01  -0.175726E+01   0.116719E-02   0.168363E-02   0.135808E-01   0.153855E-02   0.143759E-01  -0.427971E+02
   0.332783E+02  -0.275667E+01   0.197200E+01   0.265918E+02  -0.216128E+01  -0.460782E+01   0.116719E-02   0.184226E-01   0.353011E-02   0.121051E-01   0.101288E-01  -0.436292E+02
   0.334753E+02  -0.278208E+01  -0.173094E+01   0.293463E+02   0.426148E-01  -0.131565E+01   0.576332E-02   0.133386E-01   0.127724E-02   0.199376E-01   0.323798E-02  -0.413562E+02
   0.323523E+02   0.630286E+00  -0.159335E+01   0.277723E+02   0.426148E-01  -0.155554E+01   0.233062E-01   0.678610E-02   0.658304E-02   0.230544E-01   0.125948E-02  -0.422747E+02
   0.325952E+02  -0.125079E+01  -0.160781E+01   0.309122E+02   0.231044E+01  -0.591150E+01   0.310489E-01   0.150893E-01   0.225869E-02   0.467028E-03   0.711875E-03  -0.434413E+02
   0.340297E+02  -0.489207E+00  -0.287934E+01   0.245428E+02  -0.241352E+01  -0.720604E+01   0.216979E-01   0.963548E-03   0.890738E-03   0.211770E-01   0.396949E-03  -0.455513E+02
   0.348489E+02  -0.238271E+01  -0.266948E+01   0.286917E+02  -0.151181E+01  -0.252783E+01   0.154466E-01   0.277686E-01   0.154635E-02   0.324031E-01   0.114207E-02  -0.458030E+02
   0.333792E+02  -0.280285E+01   0.218698E+01   0.260956E+02  -0.210434E+01   0.741186E+00   0.144999E-01   0.133979E-01   0.818653E-02   0.464671E-02   0.109439E-01  -0.428675E+02
   0.337311E+02  -0.273717E+01  -0.227765E+00   0.296344E+02  -0.509567E+00  -0.265354E+01   0.782790E-02   0.255507E-01   0.562621E-03   0.340225E-01   0.476136E-02  -0.445697E+02
   0.329542E+02  -0.273717E+01  -0.738197E+00   0.287822E+02  -0.396531E+01  -0.265354E+01   0.872249E-02   0.847709E-02   0.111887E-01   0.267368E-01   0.476136E-02  -0.437581E+02
   0.333447E+02  -0.150011E+01  -0.209250E+01   0.315145E+02  -0.398590E+01  -0.168171E+01   0.148983E-01   0.832700E-02   0.148666E-01   0.242111E-01   0.115582E-01  -0.462397E+02
   0.310757E+02  -0.595153E+00  -0.345949E+01   0.286719E+02  -0.521250E+01  -0.541807E+01   0.117286E-01   0.799740E-03   0.889232E-02   0.601991E-02   0.126350E-01  -0.472285E+02
   0.337249E+02  -0.781731E+00  -0.606167E+01   0.261627E+02  -0.195715E+00  -0.532369E+01   0.745007E-02   0.168053E-02   0.310829E-02   0.157249E-01   0.123187E-02  -0.427269E+02
   0.351011E+02  -0.277109E+01  -0.166926E+01   0.270758E+02  -0.147829E+01   0.682532E+01   0.174500E-01   0.101328E-02   0.136631E-01   0.201117E-01   0.123187E-02  -0.457022E+02
   0.333686E+02  -0.277109E+01  -0.250449E+00   0.261351E+02  -0.540090E+01   0.108734E+00   0.162650E-01   0.213918E-01   0.311504E-01   0.165208E-01   0.402086E-01  -0.511450E+02
   0.333686E+02  -0.113640E+01   0.123338E+00   0.289843E+02  -0.912179E+00   0.178465E+01   0.800662E-02   0.362799E-01   0.219361E-01   0.360786E-02   0.328315E-01  -0.475147E+02
   0.335152E+02  -0.266912E+01  -0.487280E+00   0.265770E+02  -0.187946E+01  -0.405786E+00   0.136433E-01   0.108584E-02   0.499027E-01   0.536373E-02   0.704138E-02  -0.443784E+02
   0.342132E+02  -0.266912E+01   0.155874E+00   0.274901E+02   0.732025E+00   0.940698E+00   0.272977E-01   0.430934E-02   0.155525E-01   0.149577E-02   0.174438E-01  -0.432359E+02
   0.332370E+02  -0.371996E+01   0.189863E+01   0.293667E+02   0.141850E+01   0.344963E+00   0.310959E-02   0.130752E-01   0.125267E-01   0.430508E-02   0.313031E-02  -0.422616E+02
   0.336759E+02  -0.522135E+01   0.262541E-01   0.302898E+02  -0.149392E+01   0.344963E+00   0.841735E-03   0.388395E-03   0.180391E-02   0.493303E-02   0.206862E-02  -0.415174E+02
   0.348791E+02  -0.420612E+01  -0.310048E+01   0.285537E+02  -0.124971E+01  -0.225201E+01   0.185160E-01   0.110934E-01   0.180391E-02   0.221488E-01   0.203473E-02  -0.435704E+02
   0.328861E+02  -0.256782E+01  -0.126113E+01   0.290140E+02  -0.429548E+01  -0.168299E+01   0.224622E-01   0.354456E-02   0.102761E-02   0.987540E-02   0.705366E-02  -0.416354E+02
   0.340458E+02  -0.385942E+00  -0.784252E+01   0.275347E+02   0.560111E+01  -0.908532E+01   0.177758E-01   0.728539E-03   0.292549E-02   0.153676E-01   0.294398E-02  -0.483081E+02
   0.334606E+02  -0.385942E+00  -0.139803E+01   0.261301E+02  -0.440344E+00  -0.706575E+00   0.310431E-01   0.128523E-01   0.123431E-01   0.173597E-02   0.870744E-02  -0.431528E+02
   0.358146E+02  -0.645511E+01  -0.115081E+01   0.277975E+02  -0.196313E+01  -0.277281E+01   0.753849E-03   0.253072E-01   0.535929E-03   0.173597E-02   0.117850E-01  -0.470588E+02
   0.334568E+02  -0.116167E+01  -0.327340E+01   0.299807E+02   0.107046E+01  -0.729058E+00   0.131215E-01   0.194957E-01   0.592830E-02   0.471658E-02   0.556752E-03  -0.413775E+02
   0.337310E+02  -0.292255E+01  -0.106433E+01   0.263489E+02   0.150695E+00  -0.206620E+01   0.135951E-01   0.173827E-01   0.423502E-02   0.845366E-02   0.140241E-03  -0.413713E+02
   0.338318E+02  -0.372148E+01  -0.141609E+01   0.320145E+02  -0.612944E+01  -0.153567E+01   0.433866E-02   0.262853E-01   0.105694E-01   0.338233E-01   0.360280E-02  -0.502367E+02
   0.338588E+02  -0.287927E+01  -0.676790E+01   0.292343E+02  -0.696026E+01  -0.405210E+01   0.110805E-01   0.199927E-01   0.116924E-01   0.376224E-01   0.149616E-01  -0.532432E+02
   0.320154E+02  -0.671743E+00   0.356335E+01   0.276955E+02  -0.170901E+01  -0.883625E+01   0.125675E-01   0.936756E-02   0.153722E-02   0.903319E-02   0.276841E-02  -0.443389E+02
   0.328891E+02  -0.145615E+01   0.855559E+00   0.286049E+02   0.127614E+01   0.199312E+01   0.101181E-01   0.478837E-01   0.167981E-01   0.505326E-02   0.214822E-01  -0.470996E+02
