X1_obs         X2_obs         X3_obs         X4_obs         X1_true        X2_true        X3_true        X4_true        Y1_obs         Y2_obs         Y3_obs         Y4_obs         Y5_obs         Y1_unbiased    Y2_unbiased    Y3_unbiased    Y4_unbiased    Y5_unbiased    Y1_sim         Y2_sim         Y3_sim         Y4_sim         Y5_sim         Y1_res         Y2_res         Y3_res         Y4_res         Y5_res         Y1_stdres      Y2_stdres      Y3_stdres      Y4_stdres      Y5_stdres      
   0.100000E+01   0.100000E+01   0.356140E-04   0.432000E+05   0.100000E+01   0.100000E+01   0.356140E-04   0.432000E+05   0.237876E+03  -0.999900E+04  -0.999900E+04   0.350000E+02   0.250000E+02   0.237876E+03  -0.999900E+04  -0.999900E+04   0.350000E+02   0.250000E+02   0.237818E+03   0.114000E+02   0.716265E+00   0.232978E+02   0.300000E+02   0.579763E-01  -0.999900E+04  -0.999900E+04   0.117022E+02  -0.500000E+01   0.113976E+01  -0.999900E+04  -0.999900E+04   0.146278E+01  -0.625000E+00
   0.100000E+01   0.100000E+01   0.119855E+02   0.432000E+05   0.100000E+01   0.100000E+01   0.119855E+02   0.432000E+05   0.237858E+03  -0.999900E+04  -0.999900E+04   0.350000E+02   0.250000E+02   0.237858E+03  -0.999900E+04  -0.999900E+04   0.350000E+02   0.250000E+02   0.237775E+03   0.114000E+02   0.728239E+00   0.237373E+02   0.300000E+02   0.827009E-01  -0.999900E+04  -0.999900E+04   0.112627E+02  -0.500000E+01   0.162582E+01  -0.999900E+04  -0.999900E+04   0.140783E+01  -0.625000E+00
   0.100000E+01   0.100000E+01   0.119855E+02   0.432000E+05   0.100000E+01   0.100000E+01   0.119855E+02   0.432000E+05   0.237838E+03  -0.999900E+04  -0.999900E+04   0.350000E+02   0.250000E+02   0.237838E+03  -0.999900E+04  -0.999900E+04   0.350000E+02   0.250000E+02   0.237775E+03   0.114000E+02   0.728239E+00   0.237373E+02   0.300000E+02   0.627009E-01  -0.999900E+04  -0.999900E+04   0.112627E+02  -0.500000E+01   0.123264E+01  -0.999900E+04  -0.999900E+04   0.140783E+01  -0.625000E+00
   0.100000E+01   0.100000E+01   0.144059E+02   0.432000E+05   0.100000E+01   0.100000E+01   0.144059E+02   0.432000E+05   0.237829E+03  -0.999900E+04  -0.999900E+04   0.350000E+02   0.250000E+02   0.237829E+03  -0.999900E+04  -0.999900E+04   0.350000E+02   0.250000E+02   0.237767E+03   0.114000E+02   0.730747E+00   0.237373E+02   0.300000E+02   0.623832E-01  -0.999900E+04  -0.999900E+04   0.112627E+02  -0.500000E+01   0.122639E+01  -0.999900E+04  -0.999900E+04   0.140783E+01  -0.625000E+00
   0.100000E+01   0.100000E+01   0.198431E+02   0.432000E+05   0.100000E+01   0.100000E+01   0.198431E+02   0.432000E+05   0.237816E+03  -0.999900E+04  -0.999900E+04   0.350000E+02   0.250000E+02   0.237816E+03  -0.999900E+04  -0.999900E+04   0.350000E+02   0.250000E+02   0.237747E+03   0.114000E+02   0.736249E+00   0.237373E+02   0.300000E+02   0.687618E-01  -0.999900E+04  -0.999900E+04   0.112627E+02  -0.500000E+01   0.135179E+01  -0.999900E+04  -0.999900E+04   0.140783E+01  -0.625000E+00
   0.100000E+01   0.100000E+01   0.249191E+02   0.432000E+05   0.100000E+01   0.100000E+01   0.249191E+02   0.432000E+05   0.237810E+03  -0.999900E+04  -0.999900E+04   0.350000E+02   0.250000E+02   0.237810E+03  -0.999900E+04  -0.999900E+04   0.350000E+02   0.250000E+02   0.237729E+03   0.114000E+02   0.741305E+00   0.241443E+02   0.300000E+02   0.808130E-01  -0.999900E+04  -0.999900E+04   0.108557E+02  -0.500000E+01   0.158871E+01  -0.999900E+04  -0.999900E+04   0.135696E+01  -0.625000E+00
   0.100000E+01   0.100000E+01   0.319369E+02   0.432000E+05   0.100000E+01   0.100000E+01   0.319369E+02   0.432000E+05   0.237795E+03  -0.999900E+04  -0.999900E+04   0.350000E+02   0.250000E+02   0.237795E+03  -0.999900E+04  -0.999900E+04   0.350000E+02   0.250000E+02   0.237704E+03   0.114000E+02   0.748133E+00   0.241443E+02   0.300000E+02   0.906543E-01  -0.999900E+04  -0.999900E+04   0.108557E+02  -0.500000E+01   0.178218E+01  -0.999900E+04  -0.999900E+04   0.135696E+01  -0.625000E+00
   0.100000E+01   0.100000E+01   0.379737E+02   0.432000E+05   0.100000E+01   0.100000E+01   0.379737E+02   0.432000E+05   0.237788E+03  -0.999900E+04  -0.999900E+04   0.350000E+02   0.250000E+02   0.237788E+03  -0.999900E+04  -0.999900E+04   0.350000E+02   0.250000E+02   0.237683E+03   0.114000E+02   0.753908E+00   0.245231E+02   0.300000E+02   0.104925E+00  -0.999900E+04  -0.999900E+04   0.104769E+02  -0.500000E+01   0.206273E+01  -0.999900E+04  -0.999900E+04   0.130961E+01  -0.625000E+00
   0.100000E+01   0.100000E+01   0.445311E+02   0.432000E+05   0.100000E+01   0.100000E+01   0.445311E+02   0.432000E+05   0.237780E+03  -0.999900E+04  -0.999900E+04   0.350000E+02   0.250000E+02   0.237780E+03  -0.999900E+04  -0.999900E+04   0.350000E+02   0.250000E+02   0.237660E+03   0.114000E+02   0.760026E+00   0.248777E+02   0.300000E+02   0.119966E+00  -0.999900E+04  -0.999900E+04   0.101223E+02  -0.500000E+01   0.235841E+01  -0.999900E+04  -0.999900E+04   0.126529E+01  -0.625000E+00
   0.100000E+01   0.100000E+01   0.506607E+02   0.432000E+05   0.100000E+01   0.100000E+01   0.506607E+02   0.432000E+05   0.237750E+03  -0.999900E+04  -0.999900E+04   0.350000E+02   0.250000E+02   0.237750E+03  -0.999900E+04  -0.999900E+04   0.350000E+02   0.250000E+02   0.237639E+03   0.114000E+02   0.765645E+00   0.248777E+02   0.300000E+02   0.111435E+00  -0.999900E+04  -0.999900E+04   0.101223E+02  -0.500000E+01   0.219070E+01  -0.999900E+04  -0.999900E+04   0.126529E+01  -0.625000E+00
   0.100000E+01   0.100000E+01   0.559866E+02   0.432000E+05   0.100000E+01   0.100000E+01   0.559866E+02   0.432000E+05   0.237697E+03  -0.999900E+04  -0.999900E+04   0.350000E+02   0.250000E+02   0.237697E+03  -0.999900E+04  -0.999900E+04   0.350000E+02   0.250000E+02   0.237620E+03   0.114000E+02   0.770450E+00   0.252120E+02   0.300000E+02   0.770201E-01  -0.999900E+04  -0.999900E+04   0.978799E+01  -0.500000E+01   0.151414E+01  -0.999900E+04  -0.999900E+04   0.122350E+01  -0.625000E+00
   0.100000E+01   0.100000E+01   0.660172E+02   0.432000E+05   0.100000E+01   0.100000E+01   0.660172E+02   0.432000E+05   0.237652E+03  -0.999900E+04  -0.999900E+04   0.350000E+02   0.250000E+02   0.237652E+03  -0.999900E+04  -0.999900E+04   0.350000E+02   0.250000E+02   0.237585E+03   0.114000E+02   0.779317E+00   0.255295E+02   0.300000E+02   0.669170E-01  -0.999900E+04  -0.999900E+04   0.947047E+01  -0.500000E+01   0.131552E+01  -0.999900E+04  -0.999900E+04   0.118381E+01  -0.625000E+00
   0.100000E+01   0.100000E+01   0.710619E+02   0.432000E+05   0.100000E+01   0.100000E+01   0.710619E+02   0.432000E+05   0.237654E+03  -0.999900E+04  -0.999900E+04   0.350000E+02   0.250000E+02   0.237654E+03  -0.999900E+04  -0.999900E+04   0.350000E+02   0.250000E+02   0.237568E+03   0.114000E+02   0.783674E+00   0.255295E+02   0.300000E+02   0.864188E-01  -0.999900E+04  -0.999900E+04   0.947047E+01  -0.500000E+01   0.169891E+01  -0.999900E+04  -0.999900E+04   0.118381E+01  -0.625000E+00
   0.100000E+01   0.100000E+01   0.742142E+02   0.432000E+05   0.100000E+01   0.100000E+01   0.742142E+02   0.432000E+05   0.237606E+03  -0.999900E+04  -0.999900E+04   0.350000E+02   0.250000E+02   0.237606E+03  -0.999900E+04  -0.999900E+04   0.350000E+02   0.250000E+02   0.237557E+03   0.114000E+02   0.786370E+00   0.255295E+02   0.300000E+02   0.493289E-01  -0.999900E+04  -0.999900E+04   0.947047E+01  -0.500000E+01   0.969758E+00  -0.999900E+04  -0.999900E+04   0.118381E+01  -0.625000E+00
   0.100000E+01   0.100000E+01   0.827127E+02   0.432000E+05   0.100000E+01   0.100000E+01   0.827127E+02   0.432000E+05   0.237551E+03  -0.999900E+04  -0.999900E+04   0.350000E+02   0.250000E+02   0.237551E+03  -0.999900E+04  -0.999900E+04   0.350000E+02   0.250000E+02   0.237527E+03   0.114000E+02   0.793642E+00   0.258335E+02   0.300000E+02   0.237325E-01  -0.999900E+04  -0.999900E+04   0.916647E+01  -0.500000E+01   0.466559E+00  -0.999900E+04  -0.999900E+04   0.114581E+01  -0.625000E+00
   0.100000E+01   0.100000E+01   0.899986E+02   0.432000E+05   0.100000E+01   0.100000E+01   0.899986E+02   0.432000E+05   0.237490E+03  -0.999900E+04  -0.999900E+04   0.350000E+02   0.250000E+02   0.237490E+03  -0.999900E+04  -0.999900E+04   0.350000E+02   0.250000E+02   0.237502E+03   0.114000E+02   0.800449E+00   0.261270E+02   0.300000E+02  -0.118005E-01  -0.999900E+04  -0.999900E+04   0.887298E+01  -0.500000E+01  -0.231987E+00  -0.999900E+04  -0.999900E+04   0.110912E+01  -0.625000E+00
   0.100000E+01   0.100000E+01   0.943654E+02   0.432000E+05   0.100000E+01   0.100000E+01   0.943654E+02   0.432000E+05   0.237469E+03  -0.999900E+04  -0.999900E+04   0.350000E+02   0.250000E+02   0.237469E+03  -0.999900E+04  -0.999900E+04   0.350000E+02   0.250000E+02   0.237487E+03   0.114000E+02   0.804529E+00   0.261270E+02   0.300000E+02  -0.175417E-01  -0.999900E+04  -0.999900E+04   0.887298E+01  -0.500000E+01  -0.344854E+00  -0.999900E+04  -0.999900E+04   0.110912E+01  -0.625000E+00
   0.100000E+01   0.100000E+01   0.100275E+03   0.432000E+05   0.100000E+01   0.100000E+01   0.100275E+03   0.432000E+05   0.237459E+03  -0.999900E+04  -0.999900E+04   0.350000E+02   0.250000E+02   0.237459E+03  -0.999900E+04  -0.999900E+04   0.350000E+02   0.250000E+02   0.237466E+03   0.114000E+02   0.810065E+00   0.264128E+02   0.300000E+02  -0.688135E-02  -0.999900E+04  -0.999900E+04   0.858723E+01  -0.500000E+01  -0.135281E+00  -0.999900E+04  -0.999900E+04   0.107340E+01  -0.625000E+00
   0.100000E+01   0.100000E+01   0.106892E+03   0.432000E+05   0.100000E+01   0.100000E+01   0.106892E+03   0.432000E+05   0.237426E+03  -0.999900E+04  -0.999900E+04   0.350000E+02   0.250000E+02   0.237426E+03  -0.999900E+04  -0.999900E+04   0.350000E+02   0.250000E+02   0.237443E+03   0.114000E+02   0.816330E+00   0.264128E+02   0.300000E+02  -0.167185E-01  -0.999900E+04  -0.999900E+04   0.858723E+01  -0.500000E+01  -0.328670E+00  -0.999900E+04  -0.999900E+04   0.107340E+01  -0.625000E+00
   0.100000E+01   0.100000E+01   0.113137E+03   0.432000E+05   0.100000E+01   0.100000E+01   0.113137E+03   0.432000E+05   0.237397E+03  -0.999900E+04  -0.999900E+04   0.350000E+02   0.250000E+02   0.237397E+03  -0.999900E+04  -0.999900E+04   0.350000E+02   0.250000E+02   0.237421E+03   0.114000E+02   0.822342E+00   0.266932E+02   0.300000E+02  -0.238374E-01  -0.999900E+04  -0.999900E+04   0.830675E+01  -0.500000E+01  -0.468621E+00  -0.999900E+04  -0.999900E+04   0.103834E+01  -0.625000E+00
   0.100000E+01   0.100000E+01   0.117892E+03   0.432000E+05   0.100000E+01   0.100000E+01   0.117892E+03   0.432000E+05   0.237395E+03  -0.999900E+04  -0.999900E+04   0.350000E+02   0.250000E+02   0.237395E+03  -0.999900E+04  -0.999900E+04   0.350000E+02   0.250000E+02   0.237404E+03   0.114000E+02   0.826947E+00   0.266932E+02   0.300000E+02  -0.914429E-02  -0.999900E+04  -0.999900E+04   0.830675E+01  -0.500000E+01  -0.179768E+00  -0.999900E+04  -0.999900E+04   0.103834E+01  -0.625000E+00
   0.100000E+01   0.100000E+01   0.123836E+03   0.432000E+05   0.100000E+01   0.100000E+01   0.123836E+03   0.432000E+05   0.237360E+03  -0.999900E+04  -0.999900E+04   0.350000E+02   0.250000E+02   0.237360E+03  -0.999900E+04  -0.999900E+04   0.350000E+02   0.250000E+02   0.237383E+03   0.114000E+02   0.832799E+00   0.269707E+02   0.300000E+02  -0.232550E-01  -0.999900E+04  -0.999900E+04   0.802930E+01  -0.500000E+01  -0.457171E+00  -0.999900E+04  -0.999900E+04   0.100366E+01  -0.625000E+00
   0.100000E+01   0.100000E+01   0.130490E+03   0.432000E+05   0.100000E+01   0.100000E+01   0.130490E+03   0.432000E+05   0.237354E+03  -0.999900E+04  -0.999900E+04   0.350000E+02   0.250000E+02   0.237354E+03  -0.999900E+04  -0.999900E+04   0.350000E+02   0.250000E+02   0.237360E+03   0.114000E+02   0.839483E+00   0.269707E+02   0.300000E+02  -0.580225E-02  -0.999900E+04  -0.999900E+04   0.802930E+01  -0.500000E+01  -0.114067E+00  -0.999900E+04  -0.999900E+04   0.100366E+01  -0.625000E+00
   0.100000E+01   0.100000E+01   0.141822E+03   0.432000E+05   0.100000E+01   0.100000E+01   0.141822E+03   0.432000E+05   0.237311E+03  -0.999900E+04  -0.999900E+04   0.350000E+02   0.250000E+02   0.237311E+03  -0.999900E+04  -0.999900E+04   0.350000E+02   0.250000E+02   0.237320E+03   0.114000E+02   0.851164E+00   0.275243E+02   0.300000E+02  -0.868689E-02  -0.999900E+04  -0.999900E+04   0.747575E+01  -0.500000E+01  -0.170776E+00  -0.999900E+04  -0.999900E+04   0.934468E+00  -0.625000E+00
   0.100000E+01   0.100000E+01   0.148093E+03   0.432000E+05   0.100000E+01   0.100000E+01   0.148093E+03   0.432000E+05   0.237272E+03  -0.999900E+04  -0.999900E+04   0.350000E+02   0.250000E+02   0.237272E+03  -0.999900E+04  -0.999900E+04   0.350000E+02   0.250000E+02   0.237297E+03   0.114000E+02   0.857927E+00   0.275243E+02   0.300000E+02  -0.253480E-01  -0.999900E+04  -0.999900E+04   0.747575E+01  -0.500000E+01  -0.498318E+00  -0.999900E+04  -0.999900E+04   0.934468E+00  -0.625000E+00
   0.100000E+01   0.100000E+01   0.152989E+03   0.432000E+05   0.100000E+01   0.100000E+01   0.152989E+03   0.432000E+05   0.237254E+03  -0.999900E+04  -0.999900E+04   0.350000E+02   0.250000E+02   0.237254E+03  -0.999900E+04  -0.999900E+04   0.350000E+02   0.250000E+02   0.237280E+03   0.114000E+02   0.863353E+00   0.278036E+02   0.300000E+02  -0.258309E-01  -0.999900E+04  -0.999900E+04   0.719640E+01  -0.500000E+01  -0.507811E+00  -0.999900E+04  -0.999900E+04   0.899550E+00  -0.625000E+00
   0.100000E+01   0.100000E+01   0.156509E+03   0.432000E+05   0.100000E+01   0.100000E+01   0.156509E+03   0.432000E+05   0.237246E+03  -0.999900E+04  -0.999900E+04   0.350000E+02   0.250000E+02   0.237246E+03  -0.999900E+04  -0.999900E+04   0.350000E+02   0.250000E+02   0.237267E+03   0.114000E+02   0.867354E+00   0.278036E+02   0.300000E+02  -0.211814E-01  -0.999900E+04  -0.999900E+04   0.719640E+01  -0.500000E+01  -0.416406E+00  -0.999900E+04  -0.999900E+04   0.899550E+00  -0.625000E+00
   0.100000E+01   0.100000E+01   0.171968E+03   0.432000E+05   0.100000E+01   0.100000E+01   0.171968E+03   0.432000E+05   0.237220E+03  -0.999900E+04  -0.999900E+04   0.350000E+02   0.250000E+02   0.237220E+03  -0.999900E+04  -0.999900E+04   0.350000E+02   0.250000E+02   0.237210E+03   0.114000E+02   0.887841E+00   0.280864E+02   0.300000E+02   0.973389E-02  -0.999900E+04  -0.999900E+04   0.691356E+01  -0.500000E+01   0.191359E+00  -0.999900E+04  -0.999900E+04   0.864194E+00  -0.625000E+00
   0.100000E+01   0.100000E+01   0.177492E+03   0.432000E+05   0.100000E+01   0.100000E+01   0.177492E+03   0.432000E+05   0.237206E+03  -0.999900E+04  -0.999900E+04   0.350000E+02   0.250000E+02   0.237206E+03  -0.999900E+04  -0.999900E+04   0.350000E+02   0.250000E+02   0.237189E+03   0.114000E+02   0.896138E+00   0.283738E+02   0.300000E+02   0.165164E-01  -0.999900E+04  -0.999900E+04   0.662618E+01  -0.500000E+01   0.324696E+00  -0.999900E+04  -0.999900E+04   0.828272E+00  -0.625000E+00
   0.100000E+01   0.100000E+01   0.183070E+03   0.432000E+05   0.100000E+01   0.100000E+01   0.183070E+03   0.432000E+05   0.237159E+03  -0.999900E+04  -0.999900E+04   0.350000E+02   0.250000E+02   0.237159E+03  -0.999900E+04  -0.999900E+04   0.350000E+02   0.250000E+02   0.237168E+03   0.114000E+02   0.900797E+00   0.283738E+02   0.300000E+02  -0.916711E-02  -0.999900E+04  -0.999900E+04   0.662618E+01  -0.500000E+01  -0.180217E+00  -0.999900E+04  -0.999900E+04   0.828272E+00  -0.625000E+00
   0.100000E+01   0.100000E+01   0.190293E+03   0.432000E+05   0.100000E+01   0.100000E+01   0.190293E+03   0.432000E+05   0.237168E+03  -0.999900E+04  -0.999900E+04   0.350000E+02   0.250000E+02   0.237168E+03  -0.999900E+04  -0.999900E+04   0.350000E+02   0.250000E+02   0.237137E+03   0.114000E+02   0.921157E+00   0.286666E+02   0.300000E+02   0.312660E-01  -0.999900E+04  -0.999900E+04   0.633344E+01  -0.500000E+01   0.614660E+00  -0.999900E+04  -0.999900E+04   0.791680E+00  -0.625000E+00
   0.100000E+01   0.100000E+01   0.192772E+03   0.432000E+05   0.100000E+01   0.100000E+01   0.192772E+03   0.432000E+05   0.237126E+03  -0.999900E+04  -0.999900E+04   0.350000E+02   0.250000E+02   0.237126E+03  -0.999900E+04  -0.999900E+04   0.350000E+02   0.250000E+02   0.237124E+03   0.114000E+02   0.935186E+00   0.286666E+02   0.300000E+02   0.183923E-02  -0.999900E+04  -0.999900E+04   0.633344E+01  -0.500000E+01   0.361576E-01  -0.999900E+04  -0.999900E+04   0.791680E+00  -0.625000E+00
   0.100000E+01   0.100000E+01   0.198304E+03   0.432000E+05   0.100000E+01   0.100000E+01   0.198304E+03   0.432000E+05   0.237105E+03  -0.999900E+04  -0.999900E+04   0.350000E+02   0.250000E+02   0.237105E+03  -0.999900E+04  -0.999900E+04   0.350000E+02   0.250000E+02   0.237091E+03   0.114000E+02   0.986480E+00   0.289653E+02   0.300000E+02   0.138898E-01  -0.999900E+04  -0.999900E+04   0.603473E+01  -0.500000E+01   0.273060E+00  -0.999900E+04  -0.999900E+04   0.754341E+00  -0.625000E+00
   0.100000E+01   0.100000E+01   0.207164E+03   0.432000E+05   0.100000E+01   0.100000E+01   0.207164E+03   0.432000E+05   0.237079E+03  -0.999900E+04  -0.999900E+04   0.350000E+02   0.250000E+02   0.237079E+03  -0.999900E+04  -0.999900E+04   0.350000E+02   0.250000E+02   0.236947E+03   0.114000E+02   0.142233E+01   0.292703E+02   0.300000E+02   0.132253E+00  -0.999900E+04  -0.999900E+04   0.572965E+01  -0.500000E+01   0.259997E+01  -0.999900E+04  -0.999900E+04   0.716207E+00  -0.625000E+00
   0.100000E+01   0.100000E+01   0.210440E+03   0.432000E+05   0.100000E+01   0.100000E+01   0.210440E+03   0.432000E+05   0.237033E+03  -0.999900E+04  -0.999900E+04   0.350000E+02   0.250000E+02   0.237033E+03  -0.999900E+04  -0.999900E+04   0.350000E+02   0.250000E+02   0.236912E+03   0.114000E+02   0.132374E+01   0.292703E+02   0.300000E+02   0.121226E+00  -0.999900E+04  -0.999900E+04   0.572965E+01  -0.500000E+01   0.238319E+01  -0.999900E+04  -0.999900E+04   0.716207E+00  -0.625000E+00
   0.100000E+01   0.100000E+01   0.222373E+03   0.432000E+05   0.100000E+01   0.100000E+01   0.222373E+03   0.432000E+05   0.236958E+03  -0.999900E+04  -0.999900E+04   0.350000E+02   0.250000E+02   0.236958E+03  -0.999900E+04  -0.999900E+04   0.350000E+02   0.250000E+02   0.236890E+03   0.114000E+02   0.837787E+00   0.295820E+02   0.300000E+02   0.683210E-01  -0.999900E+04  -0.999900E+04   0.541802E+01  -0.500000E+01   0.134313E+01  -0.999900E+04  -0.999900E+04   0.677252E+00  -0.625000E+00
   0.100000E+01   0.100000E+01   0.229058E+03   0.432000E+05   0.100000E+01   0.100000E+01   0.229058E+03   0.432000E+05   0.236974E+03  -0.999900E+04  -0.999900E+04   0.350000E+02   0.250000E+02   0.236974E+03  -0.999900E+04  -0.999900E+04   0.350000E+02   0.250000E+02   0.236885E+03   0.114000E+02   0.696113E+00   0.299002E+02   0.300000E+02   0.886088E-01  -0.999900E+04  -0.999900E+04   0.509982E+01  -0.500000E+01   0.174196E+01  -0.999900E+04  -0.999900E+04   0.637477E+00  -0.625000E+00
   0.100000E+01   0.100000E+01   0.235225E+03   0.432000E+05   0.100000E+01   0.100000E+01   0.235225E+03   0.432000E+05   0.236969E+03  -0.999900E+04  -0.999900E+04   0.350000E+02   0.250000E+02   0.236969E+03  -0.999900E+04  -0.999900E+04   0.350000E+02   0.250000E+02   0.236882E+03   0.114000E+02   0.607617E+00   0.299002E+02   0.300000E+02   0.869962E-01  -0.999900E+04  -0.999900E+04   0.509982E+01  -0.500000E+01   0.171026E+01  -0.999900E+04  -0.999900E+04   0.637477E+00  -0.625000E+00
   0.100000E+01   0.100000E+01   0.241845E+03   0.432000E+05   0.100000E+01   0.100000E+01   0.241845E+03   0.432000E+05   0.236983E+03  -0.999900E+04  -0.999900E+04   0.350000E+02   0.250000E+02   0.236983E+03  -0.999900E+04  -0.999900E+04   0.350000E+02   0.250000E+02   0.236879E+03   0.114000E+02   0.545218E+00   0.302248E+02   0.300000E+02   0.104033E+00  -0.999900E+04  -0.999900E+04   0.477525E+01  -0.500000E+01   0.204518E+01  -0.999900E+04  -0.999900E+04   0.596906E+00  -0.625000E+00
   0.100000E+01   0.100000E+01   0.248957E+03   0.432000E+05   0.100000E+01   0.100000E+01   0.248957E+03   0.432000E+05   0.236971E+03  -0.999900E+04  -0.999900E+04   0.350000E+02   0.250000E+02   0.236971E+03  -0.999900E+04  -0.999900E+04   0.350000E+02   0.250000E+02   0.236875E+03   0.114000E+02   0.518872E+00   0.302248E+02   0.300000E+02   0.956948E-01  -0.999900E+04  -0.999900E+04   0.477525E+01  -0.500000E+01   0.188127E+01  -0.999900E+04  -0.999900E+04   0.596906E+00  -0.625000E+00
   0.100000E+01   0.100000E+01   0.254375E+03   0.432000E+05   0.100000E+01   0.100000E+01   0.254375E+03   0.432000E+05   0.236938E+03  -0.999900E+04  -0.999900E+04   0.350000E+02   0.250000E+02   0.236938E+03  -0.999900E+04  -0.999900E+04   0.350000E+02   0.250000E+02   0.236871E+03   0.114000E+02   0.525107E+00   0.305553E+02   0.300000E+02   0.666926E-01  -0.999900E+04  -0.999900E+04   0.444467E+01  -0.500000E+01   0.131111E+01  -0.999900E+04  -0.999900E+04   0.555584E+00  -0.625000E+00
   0.100000E+01   0.100000E+01   0.259537E+03   0.432000E+05   0.100000E+01   0.100000E+01   0.259537E+03   0.432000E+05   0.236882E+03  -0.999900E+04  -0.999900E+04   0.350000E+02   0.250000E+02   0.236882E+03  -0.999900E+04  -0.999900E+04   0.350000E+02   0.250000E+02   0.236867E+03   0.114000E+02   0.529893E+00   0.305553E+02   0.300000E+02   0.145684E-01  -0.999900E+04  -0.999900E+04   0.444467E+01  -0.500000E+01   0.286400E+00  -0.999900E+04  -0.999900E+04   0.555584E+00  -0.625000E+00
   0.100000E+01   0.100000E+01   0.269946E+03   0.432000E+05   0.100000E+01   0.100000E+01   0.269946E+03   0.432000E+05   0.236883E+03  -0.999900E+04  -0.999900E+04   0.350000E+02   0.250000E+02   0.236883E+03  -0.999900E+04  -0.999900E+04   0.350000E+02   0.250000E+02   0.236860E+03   0.114000E+02   0.531313E+00   0.308914E+02   0.300000E+02   0.229078E-01  -0.999900E+04  -0.999900E+04   0.410864E+01  -0.500000E+01   0.450346E+00  -0.999900E+04  -0.999900E+04   0.513580E+00  -0.625000E+00
   0.100000E+01   0.100000E+01   0.280778E+03   0.432000E+05   0.100000E+01   0.100000E+01   0.280778E+03   0.432000E+05   0.236875E+03  -0.999900E+04  -0.999900E+04   0.350000E+02   0.250000E+02   0.236875E+03  -0.999900E+04  -0.999900E+04   0.350000E+02   0.250000E+02   0.236855E+03   0.114000E+02   0.504483E+00   0.312322E+02   0.300000E+02   0.203705E-01  -0.999900E+04  -0.999900E+04   0.376785E+01  -0.500000E+01   0.400464E+00  -0.999900E+04  -0.999900E+04   0.470981E+00  -0.625000E+00
   0.100000E+01   0.100000E+01   0.285062E+03   0.432000E+05   0.100000E+01   0.100000E+01   0.285062E+03   0.432000E+05   0.236870E+03  -0.999900E+04  -0.999900E+04   0.350000E+02   0.250000E+02   0.236870E+03  -0.999900E+04  -0.999900E+04   0.350000E+02   0.250000E+02   0.236853E+03   0.114000E+02   0.488790E+00   0.315768E+02   0.300000E+02   0.169421E-01  -0.999900E+04  -0.999900E+04   0.342317E+01  -0.500000E+01   0.333066E+00  -0.999900E+04  -0.999900E+04   0.427896E+00  -0.625000E+00
   0.100000E+01   0.100000E+01   0.289704E+03   0.432000E+05   0.100000E+01   0.100000E+01   0.289704E+03   0.432000E+05   0.236869E+03  -0.999900E+04  -0.999900E+04   0.350000E+02   0.250000E+02   0.236869E+03  -0.999900E+04  -0.999900E+04   0.350000E+02   0.250000E+02   0.236851E+03   0.114000E+02   0.473079E+00   0.315768E+02   0.300000E+02   0.175291E-01  -0.999900E+04  -0.999900E+04   0.342317E+01  -0.500000E+01   0.344604E+00  -0.999900E+04  -0.999900E+04   0.427896E+00  -0.625000E+00
   0.100000E+01   0.100000E+01   0.296273E+03   0.432000E+05   0.100000E+01   0.100000E+01   0.296273E+03   0.432000E+05   0.236861E+03  -0.999900E+04  -0.999900E+04   0.350000E+02   0.250000E+02   0.236861E+03  -0.999900E+04  -0.999900E+04   0.350000E+02   0.250000E+02   0.236849E+03   0.114000E+02   0.452741E+00   0.319244E+02   0.300000E+02   0.116042E-01  -0.999900E+04  -0.999900E+04   0.307561E+01  -0.500000E+01   0.228128E+00  -0.999900E+04  -0.999900E+04   0.384452E+00  -0.625000E+00
   0.100000E+01   0.100000E+01   0.303659E+03   0.432000E+05   0.100000E+01   0.100000E+01   0.303659E+03   0.432000E+05   0.236865E+03  -0.999900E+04  -0.999900E+04   0.350000E+02   0.250000E+02   0.236865E+03  -0.999900E+04  -0.999900E+04   0.350000E+02   0.250000E+02   0.236847E+03   0.114000E+02   0.440289E+00   0.319244E+02   0.300000E+02   0.181219E-01  -0.999900E+04  -0.999900E+04   0.307561E+01  -0.500000E+01   0.356260E+00  -0.999900E+04  -0.999900E+04   0.384452E+00  -0.625000E+00
   0.100000E+01   0.100000E+01   0.310056E+03   0.432000E+05   0.100000E+01   0.100000E+01   0.310056E+03   0.432000E+05   0.236853E+03  -0.999900E+04  -0.999900E+04   0.350000E+02   0.250000E+02   0.236853E+03  -0.999900E+04  -0.999900E+04   0.350000E+02   0.250000E+02   0.236844E+03   0.114000E+02   0.453824E+00   0.322737E+02   0.300000E+02   0.949414E-02  -0.999900E+04  -0.999900E+04   0.272633E+01  -0.500000E+01   0.186646E+00  -0.999900E+04  -0.999900E+04   0.340791E+00  -0.625000E+00
   0.100000E+01   0.100000E+01   0.316532E+03   0.432000E+05   0.100000E+01   0.100000E+01   0.316532E+03   0.432000E+05   0.236859E+03  -0.999900E+04  -0.999900E+04   0.350000E+02   0.250000E+02   0.236859E+03  -0.999900E+04  -0.999900E+04   0.350000E+02   0.250000E+02   0.236840E+03   0.114000E+02   0.468824E+00   0.326234E+02   0.300000E+02   0.193088E-01  -0.999900E+04  -0.999900E+04   0.237659E+01  -0.500000E+01   0.379593E+00  -0.999900E+04  -0.999900E+04   0.297074E+00  -0.625000E+00
   0.100000E+01   0.100000E+01   0.324277E+03   0.432000E+05   0.100000E+01   0.100000E+01   0.324277E+03   0.432000E+05   0.236836E+03  -0.999900E+04  -0.999900E+04   0.350000E+02   0.250000E+02   0.236836E+03  -0.999900E+04  -0.999900E+04   0.350000E+02   0.250000E+02   0.236835E+03   0.114000E+02   0.488753E+00   0.326234E+02   0.300000E+02   0.143579E-02  -0.999900E+04  -0.999900E+04   0.237659E+01  -0.500000E+01   0.282263E-01  -0.999900E+04  -0.999900E+04   0.297074E+00  -0.625000E+00
   0.100000E+01   0.100000E+01   0.328147E+03   0.432000E+05   0.100000E+01   0.100000E+01   0.328147E+03   0.432000E+05   0.236834E+03  -0.999900E+04  -0.999900E+04   0.350000E+02   0.250000E+02   0.236834E+03  -0.999900E+04  -0.999900E+04   0.350000E+02   0.250000E+02   0.236832E+03   0.114000E+02   0.499721E+00   0.329722E+02   0.300000E+02   0.233496E-02  -0.999900E+04  -0.999900E+04   0.202781E+01  -0.500000E+01   0.459031E-01  -0.999900E+04  -0.999900E+04   0.253476E+00  -0.625000E+00
   0.100000E+01   0.100000E+01   0.334669E+03   0.432000E+05   0.100000E+01   0.100000E+01   0.334669E+03   0.432000E+05   0.236815E+03  -0.999900E+04  -0.999900E+04   0.350000E+02   0.250000E+02   0.236815E+03  -0.999900E+04  -0.999900E+04   0.350000E+02   0.250000E+02   0.236826E+03   0.114000E+02   0.518763E+00   0.329722E+02   0.300000E+02  -0.113855E-01  -0.999900E+04  -0.999900E+04   0.202781E+01  -0.500000E+01  -0.223828E+00  -0.999900E+04  -0.999900E+04   0.253476E+00  -0.625000E+00
   0.100000E+01   0.100000E+01   0.336060E+03   0.432000E+05   0.100000E+01   0.100000E+01   0.336060E+03   0.432000E+05   0.236836E+03  -0.999900E+04  -0.999900E+04   0.350000E+02   0.250000E+02   0.236836E+03  -0.999900E+04  -0.999900E+04   0.350000E+02   0.250000E+02   0.236826E+03   0.114000E+02   0.515093E+00   0.329722E+02   0.300000E+02   0.103469E-01  -0.999900E+04  -0.999900E+04   0.202781E+01  -0.500000E+01   0.203411E+00  -0.999900E+04  -0.999900E+04   0.253476E+00  -0.625000E+00
   0.100000E+01   0.100000E+01   0.343576E+03   0.432000E+05   0.100000E+01   0.100000E+01   0.343576E+03   0.432000E+05   0.236822E+03  -0.999900E+04  -0.999900E+04   0.350000E+02   0.250000E+02   0.236822E+03  -0.999900E+04  -0.999900E+04   0.350000E+02   0.250000E+02   0.236822E+03   0.114000E+02   0.494914E+00   0.333185E+02   0.300000E+02   0.700684E-04  -0.999900E+04  -0.999900E+04   0.168148E+01  -0.500000E+01   0.137748E-02  -0.999900E+04  -0.999900E+04   0.210185E+00  -0.625000E+00
   0.100000E+01   0.100000E+01   0.349713E+03   0.432000E+05   0.100000E+01   0.100000E+01   0.349713E+03   0.432000E+05   0.236826E+03  -0.999900E+04  -0.999900E+04   0.350000E+02   0.250000E+02   0.236826E+03  -0.999900E+04  -0.999900E+04   0.350000E+02   0.250000E+02   0.236819E+03   0.114000E+02   0.478096E+00   0.336608E+02   0.300000E+02   0.661829E-02  -0.999900E+04  -0.999900E+04   0.133921E+01  -0.500000E+01   0.130109E+00  -0.999900E+04  -0.999900E+04   0.167401E+00  -0.625000E+00
   0.100000E+01   0.100000E+01   0.358995E+03   0.432000E+05   0.100000E+01   0.100000E+01   0.358995E+03   0.432000E+05   0.236815E+03  -0.999900E+04  -0.999900E+04   0.350000E+02   0.250000E+02   0.236815E+03  -0.999900E+04  -0.999900E+04   0.350000E+02   0.250000E+02   0.236816E+03   0.114000E+02   0.452967E+00   0.336608E+02   0.300000E+02  -0.122314E-02  -0.999900E+04  -0.999900E+04   0.133921E+01  -0.500000E+01  -0.240459E-01  -0.999900E+04  -0.999900E+04   0.167401E+00  -0.625000E+00
   0.100000E+01   0.100000E+01   0.365374E+03   0.432000E+05   0.100000E+01   0.100000E+01   0.365374E+03   0.432000E+05   0.236832E+03  -0.999900E+04  -0.999900E+04   0.350000E+02   0.250000E+02   0.236832E+03  -0.999900E+04  -0.999900E+04   0.350000E+02   0.250000E+02   0.236814E+03   0.114000E+02   0.436042E+00   0.339973E+02   0.300000E+02   0.175164E-01  -0.999900E+04  -0.999900E+04   0.100270E+01  -0.500000E+01   0.344355E+00  -0.999900E+04  -0.999900E+04   0.125337E+00  -0.625000E+00
   0.100000E+01   0.100000E+01   0.370819E+03   0.432000E+05   0.100000E+01   0.100000E+01   0.370819E+03   0.432000E+05   0.236819E+03  -0.999900E+04  -0.999900E+04   0.350000E+02   0.250000E+02   0.236819E+03  -0.999900E+04  -0.999900E+04   0.350000E+02   0.250000E+02   0.236813E+03   0.114000E+02   0.427670E+00   0.343263E+02   0.300000E+02   0.607275E-02  -0.999900E+04  -0.999900E+04   0.673718E+00  -0.500000E+01   0.119385E+00  -0.999900E+04  -0.999900E+04   0.842148E-01  -0.625000E+00
   0.100000E+01   0.100000E+01   0.377605E+03   0.432000E+05   0.100000E+01   0.100000E+01   0.377605E+03   0.432000E+05   0.236814E+03  -0.999900E+04  -0.999900E+04   0.350000E+02   0.250000E+02   0.236814E+03  -0.999900E+04  -0.999900E+04   0.350000E+02   0.250000E+02   0.236811E+03   0.114000E+02   0.427448E+00   0.343263E+02   0.300000E+02   0.331580E-02  -0.999900E+04  -0.999900E+04   0.673718E+00  -0.500000E+01   0.651854E-01  -0.999900E+04  -0.999900E+04   0.842148E-01  -0.625000E+00
   0.100000E+01   0.100000E+01   0.385766E+03   0.432000E+05   0.100000E+01   0.100000E+01   0.385766E+03   0.432000E+05   0.236826E+03  -0.999900E+04  -0.999900E+04   0.350000E+02   0.250000E+02   0.236826E+03  -0.999900E+04  -0.999900E+04   0.350000E+02   0.250000E+02   0.236808E+03   0.114000E+02   0.428359E+00   0.346459E+02   0.300000E+02   0.179861E-01  -0.999900E+04  -0.999900E+04   0.354112E+00  -0.500000E+01   0.353589E+00  -0.999900E+04  -0.999900E+04   0.442640E-01  -0.625000E+00
   0.100000E+01   0.100000E+01   0.392254E+03   0.432000E+05   0.100000E+01   0.100000E+01   0.392254E+03   0.432000E+05   0.236816E+03  -0.999900E+04  -0.999900E+04   0.350000E+02   0.250000E+02   0.236816E+03  -0.999900E+04  -0.999900E+04   0.350000E+02   0.250000E+02   0.236806E+03   0.114000E+02   0.423074E+00   0.346459E+02   0.300000E+02   0.983240E-02  -0.999900E+04  -0.999900E+04   0.354112E+00  -0.500000E+01   0.193296E+00  -0.999900E+04  -0.999900E+04   0.442640E-01  -0.625000E+00
   0.100000E+01   0.100000E+01   0.401554E+03   0.432000E+05   0.100000E+01   0.100000E+01   0.401554E+03   0.432000E+05   0.236814E+03  -0.999900E+04  -0.999900E+04   0.350000E+02   0.250000E+02   0.236814E+03  -0.999900E+04  -0.999900E+04   0.350000E+02   0.250000E+02   0.236805E+03   0.114000E+02   0.381569E+00   0.349542E+02   0.300000E+02   0.882422E-02  -0.999900E+04  -0.999900E+04   0.457752E-01  -0.500000E+01   0.173476E+00  -0.999900E+04  -0.999900E+04   0.572190E-02  -0.625000E+00
   0.100000E+01   0.100000E+01   0.404423E+03   0.432000E+05   0.100000E+01   0.100000E+01   0.404423E+03   0.432000E+05   0.236795E+03  -0.999900E+04  -0.999900E+04   0.350000E+02   0.250000E+02   0.236795E+03  -0.999900E+04  -0.999900E+04   0.350000E+02   0.250000E+02   0.236805E+03   0.114000E+02   0.361699E+00   0.352494E+02   0.300000E+02  -0.103131E-01  -0.999900E+04  -0.999900E+04  -0.249353E+00  -0.500000E+01  -0.202746E+00  -0.999900E+04  -0.999900E+04  -0.311691E-01  -0.625000E+00
   0.100000E+01   0.100000E+01   0.409978E+03   0.432000E+05   0.100000E+01   0.100000E+01   0.409978E+03   0.432000E+05   0.236821E+03  -0.999900E+04  -0.999900E+04   0.350000E+02   0.250000E+02   0.236821E+03  -0.999900E+04  -0.999900E+04   0.350000E+02   0.250000E+02   0.236806E+03   0.114000E+02   0.330153E+00   0.352494E+02   0.300000E+02   0.154885E-01  -0.999900E+04  -0.999900E+04  -0.249353E+00  -0.500000E+01   0.304490E+00  -0.999900E+04  -0.999900E+04  -0.311691E-01  -0.625000E+00
   0.100000E+01   0.100000E+01   0.415930E+03   0.432000E+05   0.100000E+01   0.100000E+01   0.415930E+03   0.432000E+05   0.236798E+03  -0.999900E+04  -0.999900E+04   0.350000E+02   0.250000E+02   0.236798E+03  -0.999900E+04  -0.999900E+04   0.350000E+02   0.250000E+02   0.236806E+03   0.114000E+02   0.303603E+00   0.355293E+02   0.300000E+02  -0.764880E-02  -0.999900E+04  -0.999900E+04  -0.529300E+00  -0.500000E+01  -0.150368E+00  -0.999900E+04  -0.999900E+04  -0.661625E-01  -0.625000E+00
   0.100000E+01   0.100000E+01   0.418991E+03   0.432000E+05   0.100000E+01   0.100000E+01   0.418991E+03   0.432000E+05   0.236792E+03  -0.999900E+04  -0.999900E+04   0.350000E+02   0.250000E+02   0.236792E+03  -0.999900E+04  -0.999900E+04   0.350000E+02   0.250000E+02   0.236806E+03   0.114000E+02   0.291925E+00   0.355293E+02   0.300000E+02  -0.137251E-01  -0.999900E+04  -0.999900E+04  -0.529300E+00  -0.500000E+01  -0.269822E+00  -0.999900E+04  -0.999900E+04  -0.661625E-01  -0.625000E+00
   0.100000E+01   0.100000E+01   0.425012E+03   0.432000E+05   0.100000E+01   0.100000E+01   0.425012E+03   0.432000E+05   0.236793E+03  -0.999900E+04  -0.999900E+04   0.350000E+02   0.250000E+02   0.236793E+03  -0.999900E+04  -0.999900E+04   0.350000E+02   0.250000E+02   0.236806E+03   0.114000E+02   0.272281E+00   0.355293E+02   0.300000E+02  -0.127861E-01  -0.999900E+04  -0.999900E+04  -0.529300E+00  -0.500000E+01  -0.251363E+00  -0.999900E+04  -0.999900E+04  -0.661625E-01  -0.625000E+00
   0.100000E+01   0.100000E+01   0.430597E+03   0.432000E+05   0.100000E+01   0.100000E+01   0.430597E+03   0.432000E+05   0.236795E+03  -0.999900E+04  -0.999900E+04   0.350000E+02   0.250000E+02   0.236795E+03  -0.999900E+04  -0.999900E+04   0.350000E+02   0.250000E+02   0.236806E+03   0.114000E+02   0.262608E+00   0.357921E+02   0.300000E+02  -0.106641E-01  -0.999900E+04  -0.999900E+04  -0.792074E+00  -0.500000E+01  -0.209645E+00  -0.999900E+04  -0.999900E+04  -0.990092E-01  -0.625000E+00
   0.100000E+01   0.100000E+01   0.435800E+03   0.432000E+05   0.100000E+01   0.100000E+01   0.435800E+03   0.432000E+05   0.236787E+03  -0.999900E+04  -0.999900E+04   0.350000E+02   0.250000E+02   0.236787E+03  -0.999900E+04  -0.999900E+04   0.350000E+02   0.250000E+02   0.236806E+03   0.114000E+02   0.251419E+00   0.357921E+02   0.300000E+02  -0.186641E-01  -0.999900E+04  -0.999900E+04  -0.792074E+00  -0.500000E+01  -0.366918E+00  -0.999900E+04  -0.999900E+04  -0.990092E-01  -0.625000E+00
   0.100000E+01   0.100000E+01   0.446512E+03   0.432000E+05   0.100000E+01   0.100000E+01   0.446512E+03   0.432000E+05   0.236816E+03  -0.999900E+04  -0.999900E+04   0.350000E+02   0.250000E+02   0.236816E+03  -0.999900E+04  -0.999900E+04   0.350000E+02   0.250000E+02   0.236806E+03   0.114000E+02   0.227437E+00   0.360357E+02   0.300000E+02   0.102596E-01  -0.999900E+04  -0.999900E+04  -0.103568E+01  -0.500000E+01   0.201695E+00  -0.999900E+04  -0.999900E+04  -0.129460E+00  -0.625000E+00
   0.100000E+01   0.100000E+01   0.447926E+03   0.432000E+05   0.100000E+01   0.100000E+01   0.447926E+03   0.432000E+05   0.236778E+03  -0.999900E+04  -0.999900E+04   0.350000E+02   0.250000E+02   0.236778E+03  -0.999900E+04  -0.999900E+04   0.350000E+02   0.250000E+02   0.236806E+03   0.114000E+02   0.224943E+00   0.362581E+02   0.300000E+02  -0.277556E-01  -0.999900E+04  -0.999900E+04  -0.125811E+01  -0.500000E+01  -0.545649E+00  -0.999900E+04  -0.999900E+04  -0.157264E+00  -0.625000E+00
   0.100000E+01   0.100000E+01   0.451560E+03   0.432000E+05   0.100000E+01   0.100000E+01   0.451560E+03   0.432000E+05   0.236804E+03  -0.999900E+04  -0.999900E+04   0.350000E+02   0.250000E+02   0.236804E+03  -0.999900E+04  -0.999900E+04   0.350000E+02   0.250000E+02   0.236806E+03   0.114000E+02   0.218664E+00   0.362581E+02   0.300000E+02  -0.175562E-02  -0.999900E+04  -0.999900E+04  -0.125811E+01  -0.500000E+01  -0.345137E-01  -0.999900E+04  -0.999900E+04  -0.157264E+00  -0.625000E+00
   0.100000E+01   0.100000E+01   0.454584E+03   0.432000E+05   0.100000E+01   0.100000E+01   0.454584E+03   0.432000E+05   0.236815E+03  -0.999900E+04  -0.999900E+04   0.350000E+02   0.250000E+02   0.236815E+03  -0.999900E+04  -0.999900E+04   0.350000E+02   0.250000E+02   0.236806E+03   0.114000E+02   0.214238E+00   0.362581E+02   0.300000E+02   0.925964E-02  -0.999900E+04  -0.999900E+04  -0.125811E+01  -0.500000E+01   0.182036E+00  -0.999900E+04  -0.999900E+04  -0.157264E+00  -0.625000E+00
   0.100000E+01   0.100000E+01   0.462210E+03   0.432000E+05   0.100000E+01   0.100000E+01   0.462210E+03   0.432000E+05   0.236806E+03  -0.999900E+04  -0.999900E+04   0.350000E+02   0.250000E+02   0.236806E+03  -0.999900E+04  -0.999900E+04   0.350000E+02   0.250000E+02   0.236805E+03   0.114000E+02   0.216270E+00   0.364574E+02   0.300000E+02   0.595337E-03  -0.999900E+04  -0.999900E+04  -0.145741E+01  -0.500000E+01   0.117038E-01  -0.999900E+04  -0.999900E+04  -0.182177E+00  -0.625000E+00
   0.100000E+01   0.100000E+01   0.466431E+03   0.432000E+05   0.100000E+01   0.100000E+01   0.466431E+03   0.432000E+05   0.236798E+03  -0.999900E+04  -0.999900E+04   0.350000E+02   0.250000E+02   0.236798E+03  -0.999900E+04  -0.999900E+04   0.350000E+02   0.250000E+02   0.236805E+03   0.114000E+02   0.219758E+00   0.364574E+02   0.300000E+02  -0.714526E-02  -0.999900E+04  -0.999900E+04  -0.145741E+01  -0.500000E+01  -0.140469E+00  -0.999900E+04  -0.999900E+04  -0.182177E+00  -0.625000E+00
   0.100000E+01   0.100000E+01   0.476247E+03   0.432000E+05   0.100000E+01   0.100000E+01   0.476247E+03   0.432000E+05   0.236801E+03  -0.999900E+04  -0.999900E+04   0.350000E+02   0.250000E+02   0.236801E+03  -0.999900E+04  -0.999900E+04   0.350000E+02   0.250000E+02   0.236805E+03   0.114000E+02   0.228737E+00   0.366316E+02   0.300000E+02  -0.350439E-02  -0.999900E+04  -0.999900E+04  -0.163163E+01  -0.500000E+01  -0.688931E-01  -0.999900E+04  -0.999900E+04  -0.203954E+00  -0.625000E+00
   0.100000E+01   0.100000E+01   0.476328E+03   0.432000E+05   0.100000E+01   0.100000E+01   0.476328E+03   0.432000E+05   0.236791E+03  -0.999900E+04  -0.999900E+04   0.350000E+02   0.250000E+02   0.236791E+03  -0.999900E+04  -0.999900E+04   0.350000E+02   0.250000E+02   0.236805E+03   0.114000E+02   0.228815E+00   0.366316E+02   0.300000E+02  -0.135044E-01  -0.999900E+04  -0.999900E+04  -0.163163E+01  -0.500000E+01  -0.265484E+00  -0.999900E+04  -0.999900E+04  -0.203954E+00  -0.625000E+00
   0.100000E+01   0.100000E+01   0.476328E+03   0.432000E+05   0.100000E+01   0.100000E+01   0.476328E+03   0.432000E+05   0.236801E+03  -0.999900E+04  -0.999900E+04   0.350000E+02   0.250000E+02   0.236801E+03  -0.999900E+04  -0.999900E+04   0.350000E+02   0.250000E+02   0.236805E+03   0.114000E+02   0.228815E+00   0.366316E+02   0.300000E+02  -0.350439E-02  -0.999900E+04  -0.999900E+04  -0.163163E+01  -0.500000E+01  -0.688931E-01  -0.999900E+04  -0.999900E+04  -0.203954E+00  -0.625000E+00
   0.100000E+01   0.100000E+01   0.490482E+03   0.432000E+05   0.100000E+01   0.100000E+01   0.490482E+03   0.432000E+05   0.236779E+03  -0.999900E+04  -0.999900E+04   0.350000E+02   0.250000E+02   0.236779E+03  -0.999900E+04  -0.999900E+04   0.350000E+02   0.250000E+02   0.236803E+03   0.114000E+02   0.243022E+00   0.367789E+02   0.300000E+02  -0.244210E-01  -0.999900E+04  -0.999900E+04  -0.177887E+01  -0.500000E+01  -0.480094E+00  -0.999900E+04  -0.999900E+04  -0.222359E+00  -0.625000E+00
   0.100000E+01   0.100000E+01   0.496578E+03   0.432000E+05   0.100000E+01   0.100000E+01   0.496578E+03   0.432000E+05   0.236804E+03  -0.999900E+04  -0.999900E+04   0.350000E+02   0.250000E+02   0.236804E+03  -0.999900E+04  -0.999900E+04   0.350000E+02   0.250000E+02   0.236802E+03   0.114000E+02   0.263985E+00   0.368973E+02   0.300000E+02   0.154028E-02  -0.999900E+04  -0.999900E+04  -0.189730E+01  -0.500000E+01   0.302805E-01  -0.999900E+04  -0.999900E+04  -0.237162E+00  -0.625000E+00
   0.100000E+01   0.100000E+01   0.502968E+03   0.432000E+05   0.100000E+01   0.100000E+01   0.502968E+03   0.432000E+05   0.236802E+03  -0.999900E+04  -0.999900E+04   0.350000E+02   0.250000E+02   0.236802E+03  -0.999900E+04  -0.999900E+04   0.350000E+02   0.250000E+02   0.236801E+03   0.114000E+02   0.287448E+00   0.369851E+02   0.300000E+02   0.730469E-03  -0.999900E+04  -0.999900E+04  -0.198515E+01  -0.500000E+01   0.143603E-01  -0.999900E+04  -0.999900E+04  -0.248143E+00  -0.625000E+00
   0.100000E+01   0.100000E+01   0.506325E+03   0.432000E+05   0.100000E+01   0.100000E+01   0.506325E+03   0.432000E+05   0.236808E+03  -0.999900E+04  -0.999900E+04   0.350000E+02   0.250000E+02   0.236808E+03  -0.999900E+04  -0.999900E+04   0.350000E+02   0.250000E+02   0.236801E+03   0.114000E+02   0.300179E+00   0.369851E+02   0.300000E+02   0.746289E-02  -0.999900E+04  -0.999900E+04  -0.198515E+01  -0.500000E+01   0.146713E+00  -0.999900E+04  -0.999900E+04  -0.248143E+00  -0.625000E+00
   0.100000E+01   0.100000E+01   0.516895E+03   0.432000E+05   0.100000E+01   0.100000E+01   0.516895E+03   0.432000E+05   0.236822E+03  -0.999900E+04  -0.999900E+04   0.350000E+02   0.250000E+02   0.236822E+03  -0.999900E+04  -0.999900E+04   0.350000E+02   0.250000E+02   0.236798E+03   0.114000E+02   0.342796E+00   0.370407E+02   0.300000E+02   0.243163E-01  -0.999900E+04  -0.999900E+04  -0.204075E+01  -0.500000E+01   0.478035E+00  -0.999900E+04  -0.999900E+04  -0.255094E+00  -0.625000E+00
   0.100000E+01   0.100000E+01   0.523063E+03   0.432000E+05   0.100000E+01   0.100000E+01   0.523063E+03   0.432000E+05   0.236791E+03  -0.999900E+04  -0.999900E+04   0.350000E+02   0.250000E+02   0.236791E+03  -0.999900E+04  -0.999900E+04   0.350000E+02   0.250000E+02   0.236795E+03   0.114000E+02   0.371125E+00   0.370407E+02   0.300000E+02  -0.444067E-02  -0.999900E+04  -0.999900E+04  -0.204075E+01  -0.500000E+01  -0.872994E-01  -0.999900E+04  -0.999900E+04  -0.255094E+00  -0.625000E+00
   0.100000E+01   0.100000E+01   0.530080E+03   0.432000E+05   0.100000E+01   0.100000E+01   0.530080E+03   0.432000E+05   0.236816E+03  -0.999900E+04  -0.999900E+04   0.350000E+02   0.250000E+02   0.236816E+03  -0.999900E+04  -0.999900E+04   0.350000E+02   0.250000E+02   0.236793E+03   0.114000E+02   0.390578E+00   0.370625E+02   0.300000E+02   0.229550E-01  -0.999900E+04  -0.999900E+04  -0.206253E+01  -0.500000E+01   0.451273E+00  -0.999900E+04  -0.999900E+04  -0.257817E+00  -0.625000E+00
   0.100000E+01   0.100000E+01   0.535966E+03   0.432000E+05   0.100000E+01   0.100000E+01   0.535966E+03   0.432000E+05   0.236801E+03  -0.999900E+04  -0.999900E+04   0.350000E+02   0.250000E+02   0.236801E+03  -0.999900E+04  -0.999900E+04   0.350000E+02   0.250000E+02   0.236790E+03   0.114000E+02   0.413867E+00   0.370490E+02   0.300000E+02   0.105947E-01  -0.999900E+04  -0.999900E+04  -0.204905E+01  -0.500000E+01   0.208282E+00  -0.999900E+04  -0.999900E+04  -0.256131E+00  -0.625000E+00
   0.100000E+01   0.100000E+01   0.546780E+03   0.432000E+05   0.100000E+01   0.100000E+01   0.546780E+03   0.432000E+05   0.236800E+03  -0.999900E+04  -0.999900E+04   0.350000E+02   0.250000E+02   0.236800E+03  -0.999900E+04  -0.999900E+04   0.350000E+02   0.250000E+02   0.236785E+03   0.114000E+02   0.454510E+00   0.369990E+02   0.300000E+02   0.151794E-01  -0.999900E+04  -0.999900E+04  -0.199897E+01  -0.500000E+01   0.298413E+00  -0.999900E+04  -0.999900E+04  -0.249872E+00  -0.625000E+00
   0.100000E+01   0.100000E+01   0.548608E+03   0.432000E+05   0.100000E+01   0.100000E+01   0.548608E+03   0.432000E+05   0.236804E+03  -0.999900E+04  -0.999900E+04   0.350000E+02   0.250000E+02   0.236804E+03  -0.999900E+04  -0.999900E+04   0.350000E+02   0.250000E+02   0.236784E+03   0.114000E+02   0.461129E+00   0.369990E+02   0.300000E+02   0.202018E-01  -0.999900E+04  -0.999900E+04  -0.199897E+01  -0.500000E+01   0.397148E+00  -0.999900E+04  -0.999900E+04  -0.249872E+00  -0.625000E+00
   0.100000E+01   0.100000E+01   0.560218E+03   0.432000E+05   0.100000E+01   0.100000E+01   0.560218E+03   0.432000E+05   0.236822E+03  -0.999900E+04  -0.999900E+04   0.350000E+02   0.250000E+02   0.236822E+03  -0.999900E+04  -0.999900E+04   0.350000E+02   0.250000E+02   0.236779E+03   0.114000E+02   0.458550E+00   0.369111E+02   0.300000E+02   0.427489E-01  -0.999900E+04  -0.999900E+04  -0.191115E+01  -0.500000E+01   0.840403E+00  -0.999900E+04  -0.999900E+04  -0.238893E+00  -0.625000E+00
   0.100000E+01   0.100000E+01   0.564534E+03   0.432000E+05   0.100000E+01   0.100000E+01   0.564534E+03   0.432000E+05   0.236789E+03  -0.999900E+04  -0.999900E+04   0.350000E+02   0.250000E+02   0.236789E+03  -0.999900E+04  -0.999900E+04   0.350000E+02   0.250000E+02   0.236778E+03   0.114000E+02   0.456258E+00   0.369111E+02   0.300000E+02   0.113511E-01  -0.999900E+04  -0.999900E+04  -0.191115E+01  -0.500000E+01   0.223151E+00  -0.999900E+04  -0.999900E+04  -0.238893E+00  -0.625000E+00
   0.100000E+01   0.100000E+01   0.567623E+03   0.432000E+05   0.100000E+01   0.100000E+01   0.567623E+03   0.432000E+05   0.236780E+03  -0.999900E+04  -0.999900E+04   0.350000E+02   0.250000E+02   0.236780E+03  -0.999900E+04  -0.999900E+04   0.350000E+02   0.250000E+02   0.236777E+03   0.114000E+02   0.454529E+00   0.367846E+02   0.300000E+02   0.344971E-02  -0.999900E+04  -0.999900E+04  -0.178457E+01  -0.500000E+01   0.678179E-01  -0.999900E+04  -0.999900E+04  -0.223071E+00  -0.625000E+00
   0.100000E+01   0.100000E+01   0.577139E+03   0.432000E+05   0.100000E+01   0.100000E+01   0.577139E+03   0.432000E+05   0.236796E+03  -0.999900E+04  -0.999900E+04   0.350000E+02   0.250000E+02   0.236796E+03  -0.999900E+04  -0.999900E+04   0.350000E+02   0.250000E+02   0.236773E+03   0.114000E+02   0.448905E+00   0.367846E+02   0.300000E+02   0.227456E-01  -0.999900E+04  -0.999900E+04  -0.178457E+01  -0.500000E+01   0.447157E+00  -0.999900E+04  -0.999900E+04  -0.223071E+00  -0.625000E+00
   0.100000E+01   0.100000E+01   0.579335E+03   0.432000E+05   0.100000E+01   0.100000E+01   0.579335E+03   0.432000E+05   0.236787E+03  -0.999900E+04  -0.999900E+04   0.350000E+02   0.250000E+02   0.236787E+03  -0.999900E+04  -0.999900E+04   0.350000E+02   0.250000E+02   0.236773E+03   0.114000E+02   0.447545E+00   0.366184E+02   0.300000E+02   0.144933E-01  -0.999900E+04  -0.999900E+04  -0.161841E+01  -0.500000E+01   0.284924E+00  -0.999900E+04  -0.999900E+04  -0.202302E+00  -0.625000E+00
   0.100000E+01   0.100000E+01   0.583101E+03   0.432000E+05   0.100000E+01   0.100000E+01   0.583101E+03   0.432000E+05   0.236769E+03  -0.999900E+04  -0.999900E+04   0.350000E+02   0.250000E+02   0.236769E+03  -0.999900E+04  -0.999900E+04   0.350000E+02   0.250000E+02   0.236772E+03   0.114000E+02   0.436921E+00   0.366184E+02   0.300000E+02  -0.269800E-02  -0.999900E+04  -0.999900E+04  -0.161841E+01  -0.500000E+01  -0.530401E-01  -0.999900E+04  -0.999900E+04  -0.202302E+00  -0.625000E+00
   0.100000E+01   0.100000E+01   0.589673E+03   0.432000E+05   0.100000E+01   0.100000E+01   0.589673E+03   0.432000E+05   0.236776E+03  -0.999900E+04  -0.999900E+04   0.350000E+02   0.250000E+02   0.236776E+03  -0.999900E+04  -0.999900E+04   0.350000E+02   0.250000E+02   0.236771E+03   0.114000E+02   0.397143E+00   0.364121E+02   0.300000E+02   0.451563E-02  -0.999900E+04  -0.999900E+04  -0.141207E+01  -0.500000E+01   0.887729E-01  -0.999900E+04  -0.999900E+04  -0.176509E+00  -0.625000E+00
   0.100000E+01   0.100000E+01   0.599275E+03   0.432000E+05   0.100000E+01   0.100000E+01   0.599275E+03   0.432000E+05   0.236788E+03  -0.999900E+04  -0.999900E+04   0.350000E+02   0.250000E+02   0.236788E+03  -0.999900E+04  -0.999900E+04   0.350000E+02   0.250000E+02   0.236771E+03   0.114000E+02   0.351476E+00   0.364121E+02   0.300000E+02   0.167750E-01  -0.999900E+04  -0.999900E+04  -0.141207E+01  -0.500000E+01   0.329781E+00  -0.999900E+04  -0.999900E+04  -0.176509E+00  -0.625000E+00
   0.100000E+01   0.100000E+01   0.604179E+03   0.432000E+05   0.100000E+01   0.100000E+01   0.604179E+03   0.432000E+05   0.236778E+03  -0.999900E+04  -0.999900E+04   0.350000E+02   0.250000E+02   0.236778E+03  -0.999900E+04  -0.999900E+04   0.350000E+02   0.250000E+02   0.236771E+03   0.114000E+02   0.332723E+00   0.361651E+02   0.300000E+02   0.689709E-02  -0.999900E+04  -0.999900E+04  -0.116513E+01  -0.500000E+01   0.135590E+00  -0.999900E+04  -0.999900E+04  -0.145641E+00  -0.625000E+00
   0.100000E+01   0.100000E+01   0.609244E+03   0.432000E+05   0.100000E+01   0.100000E+01   0.609244E+03   0.432000E+05   0.236764E+03  -0.999900E+04  -0.999900E+04   0.350000E+02   0.250000E+02   0.236764E+03  -0.999900E+04  -0.999900E+04   0.350000E+02   0.250000E+02   0.236771E+03   0.114000E+02   0.316103E+00   0.361651E+02   0.300000E+02  -0.698083E-02  -0.999900E+04  -0.999900E+04  -0.116513E+01  -0.500000E+01  -0.137237E+00  -0.999900E+04  -0.999900E+04  -0.145641E+00  -0.625000E+00
   0.100000E+01   0.100000E+01   0.616768E+03   0.432000E+05   0.100000E+01   0.100000E+01   0.616768E+03   0.432000E+05   0.236763E+03  -0.999900E+04  -0.999900E+04   0.350000E+02   0.250000E+02   0.236763E+03  -0.999900E+04  -0.999900E+04   0.350000E+02   0.250000E+02   0.236771E+03   0.114000E+02   0.296799E+00   0.358774E+02   0.300000E+02  -0.775195E-02  -0.999900E+04  -0.999900E+04  -0.877420E+00  -0.500000E+01  -0.152396E+00  -0.999900E+04  -0.999900E+04  -0.109678E+00  -0.625000E+00
   0.100000E+01   0.100000E+01   0.620755E+03   0.432000E+05   0.100000E+01   0.100000E+01   0.620755E+03   0.432000E+05   0.236768E+03  -0.999900E+04  -0.999900E+04   0.350000E+02   0.250000E+02   0.236768E+03  -0.999900E+04  -0.999900E+04   0.350000E+02   0.250000E+02   0.236771E+03   0.114000E+02   0.290261E+00   0.358774E+02   0.300000E+02  -0.255359E-02  -0.999900E+04  -0.999900E+04  -0.877420E+00  -0.500000E+01  -0.502011E-01  -0.999900E+04  -0.999900E+04  -0.109678E+00  -0.625000E+00
   0.100000E+01   0.100000E+01   0.625320E+03   0.432000E+05   0.100000E+01   0.100000E+01   0.625320E+03   0.432000E+05   0.236772E+03  -0.999900E+04  -0.999900E+04   0.350000E+02   0.250000E+02   0.236772E+03  -0.999900E+04  -0.999900E+04   0.350000E+02   0.250000E+02   0.236770E+03   0.114000E+02   0.283463E+00   0.355490E+02   0.300000E+02   0.164478E-02  -0.999900E+04  -0.999900E+04  -0.549025E+00  -0.500000E+01   0.323347E-01  -0.999900E+04  -0.999900E+04  -0.686281E-01  -0.625000E+00
   0.100000E+01   0.100000E+01   0.637896E+03   0.432000E+05   0.100000E+01   0.100000E+01   0.637896E+03   0.432000E+05   0.236771E+03  -0.999900E+04  -0.999900E+04   0.350000E+02   0.250000E+02   0.236771E+03  -0.999900E+04  -0.999900E+04   0.350000E+02   0.250000E+02   0.236770E+03   0.114000E+02   0.265296E+00   0.351803E+02   0.300000E+02   0.104150E-02  -0.999900E+04  -0.999900E+04  -0.180289E+00  -0.500000E+01   0.204750E-01  -0.999900E+04  -0.999900E+04  -0.225361E-01  -0.625000E+00
   0.100000E+01   0.100000E+01   0.640287E+03   0.432000E+05   0.100000E+01   0.100000E+01   0.640287E+03   0.432000E+05   0.236757E+03  -0.999900E+04  -0.999900E+04   0.350000E+02   0.250000E+02   0.236757E+03  -0.999900E+04  -0.999900E+04   0.350000E+02   0.250000E+02   0.236770E+03   0.114000E+02   0.261877E+00   0.351803E+02   0.300000E+02  -0.129127E-01  -0.999900E+04  -0.999900E+04  -0.180289E+00  -0.500000E+01  -0.253852E+00  -0.999900E+04  -0.999900E+04  -0.225361E-01  -0.625000E+00
   0.100000E+01   0.100000E+01   0.648934E+03   0.432000E+05   0.100000E+01   0.100000E+01   0.648934E+03   0.432000E+05   0.236765E+03  -0.999900E+04  -0.999900E+04   0.350000E+02   0.250000E+02   0.236765E+03  -0.999900E+04  -0.999900E+04   0.350000E+02   0.250000E+02   0.236769E+03   0.114000E+02   0.260572E+00   0.347718E+02   0.300000E+02  -0.445496E-02  -0.999900E+04  -0.999900E+04   0.228153E+00  -0.500000E+01  -0.875802E-01  -0.999900E+04  -0.999900E+04   0.285192E-01  -0.625000E+00
   0.100000E+01   0.100000E+01   0.654674E+03   0.432000E+05   0.100000E+01   0.100000E+01   0.654674E+03   0.432000E+05   0.236757E+03  -0.999900E+04  -0.999900E+04   0.350000E+02   0.250000E+02   0.236757E+03  -0.999900E+04  -0.999900E+04   0.350000E+02   0.250000E+02   0.236769E+03   0.114000E+02   0.269512E+00   0.343246E+02   0.300000E+02  -0.118751E-01  -0.999900E+04  -0.999900E+04   0.675363E+00  -0.500000E+01  -0.233454E+00  -0.999900E+04  -0.999900E+04   0.844204E-01  -0.625000E+00
   0.100000E+01   0.100000E+01   0.657559E+03   0.432000E+05   0.100000E+01   0.100000E+01   0.657559E+03   0.432000E+05   0.236747E+03  -0.999900E+04  -0.999900E+04   0.350000E+02   0.250000E+02   0.236747E+03  -0.999900E+04  -0.999900E+04   0.350000E+02   0.250000E+02   0.236769E+03   0.114000E+02   0.274232E+00   0.343246E+02   0.300000E+02  -0.215699E-01  -0.999900E+04  -0.999900E+04   0.675363E+00  -0.500000E+01  -0.424045E+00  -0.999900E+04  -0.999900E+04   0.844204E-01  -0.625000E+00
   0.100000E+01   0.100000E+01   0.663277E+03   0.432000E+05   0.100000E+01   0.100000E+01   0.663277E+03   0.432000E+05   0.236785E+03  -0.999900E+04  -0.999900E+04   0.350000E+02   0.250000E+02   0.236785E+03  -0.999900E+04  -0.999900E+04   0.350000E+02   0.250000E+02   0.236768E+03   0.114000E+02   0.283932E+00   0.343246E+02   0.300000E+02   0.171014E-01  -0.999900E+04  -0.999900E+04   0.675363E+00  -0.500000E+01   0.336198E+00  -0.999900E+04  -0.999900E+04   0.844204E-01  -0.625000E+00
   0.100000E+01   0.100000E+01   0.668185E+03   0.432000E+05   0.100000E+01   0.100000E+01   0.668185E+03   0.432000E+05   0.236781E+03  -0.999900E+04  -0.999900E+04   0.350000E+02   0.250000E+02   0.236781E+03  -0.999900E+04  -0.999900E+04   0.350000E+02   0.250000E+02   0.236767E+03   0.114000E+02   0.292686E+00   0.338399E+02   0.300000E+02   0.137271E-01  -0.999900E+04  -0.999900E+04   0.116008E+01  -0.500000E+01   0.269861E+00  -0.999900E+04  -0.999900E+04   0.145010E+00  -0.625000E+00
   0.100000E+01   0.100000E+01   0.676249E+03   0.432000E+05   0.100000E+01   0.100000E+01   0.676249E+03   0.432000E+05   0.236751E+03  -0.999900E+04  -0.999900E+04   0.350000E+02   0.250000E+02   0.236751E+03  -0.999900E+04  -0.999900E+04   0.350000E+02   0.250000E+02   0.236766E+03   0.114000E+02   0.306092E+00   0.333193E+02   0.300000E+02  -0.151743E-01  -0.999900E+04  -0.999900E+04   0.168070E+01  -0.500000E+01  -0.298313E+00  -0.999900E+04  -0.999900E+04   0.210087E+00  -0.625000E+00
   0.100000E+01   0.100000E+01   0.680808E+03   0.432000E+05   0.100000E+01   0.100000E+01   0.680808E+03   0.432000E+05   0.236774E+03  -0.999900E+04  -0.999900E+04   0.350000E+02   0.250000E+02   0.236774E+03  -0.999900E+04  -0.999900E+04   0.350000E+02   0.250000E+02   0.236766E+03   0.114000E+02   0.305742E+00   0.333193E+02   0.300000E+02   0.823767E-02  -0.999900E+04  -0.999900E+04   0.168070E+01  -0.500000E+01   0.161945E+00  -0.999900E+04  -0.999900E+04   0.210087E+00  -0.625000E+00
   0.100000E+01   0.100000E+01   0.688130E+03   0.432000E+05   0.100000E+01   0.100000E+01   0.688130E+03   0.432000E+05   0.236766E+03  -0.999900E+04  -0.999900E+04   0.350000E+02   0.250000E+02   0.236766E+03  -0.999900E+04  -0.999900E+04   0.350000E+02   0.250000E+02   0.236765E+03   0.114000E+02   0.310907E+00   0.327647E+02   0.300000E+02   0.116846E-02  -0.999900E+04  -0.999900E+04   0.223525E+01  -0.500000E+01   0.229708E-01  -0.999900E+04  -0.999900E+04   0.279407E+00  -0.625000E+00
   0.100000E+01   0.100000E+01   0.694363E+03   0.432000E+05   0.100000E+01   0.100000E+01   0.694363E+03   0.432000E+05   0.236772E+03  -0.999900E+04  -0.999900E+04   0.350000E+02   0.250000E+02   0.236772E+03  -0.999900E+04  -0.999900E+04   0.350000E+02   0.250000E+02   0.236764E+03   0.114000E+02   0.320412E+00   0.327647E+02   0.300000E+02   0.819080E-02  -0.999900E+04  -0.999900E+04   0.223525E+01  -0.500000E+01   0.161023E+00  -0.999900E+04  -0.999900E+04   0.279407E+00  -0.625000E+00
   0.100000E+01   0.100000E+01   0.700816E+03   0.432000E+05   0.100000E+01   0.100000E+01   0.700816E+03   0.432000E+05   0.236757E+03  -0.999900E+04  -0.999900E+04   0.350000E+02   0.250000E+02   0.236757E+03  -0.999900E+04  -0.999900E+04   0.350000E+02   0.250000E+02   0.236762E+03   0.114000E+02   0.336130E+00   0.321786E+02   0.300000E+02  -0.539014E-02  -0.999900E+04  -0.999900E+04   0.282140E+01  -0.500000E+01  -0.105965E+00  -0.999900E+04  -0.999900E+04   0.352675E+00  -0.625000E+00
   0.100000E+01   0.100000E+01   0.707817E+03   0.432000E+05   0.100000E+01   0.100000E+01   0.707817E+03   0.432000E+05   0.236789E+03  -0.999900E+04  -0.999900E+04   0.350000E+02   0.250000E+02   0.236789E+03  -0.999900E+04  -0.999900E+04   0.350000E+02   0.250000E+02   0.236761E+03   0.114000E+02   0.350922E+00   0.321786E+02   0.300000E+02   0.283494E-01  -0.999900E+04  -0.999900E+04   0.282140E+01  -0.500000E+01   0.557321E+00  -0.999900E+04  -0.999900E+04   0.352675E+00  -0.625000E+00
   0.100000E+01   0.100000E+01   0.714310E+03   0.432000E+05   0.100000E+01   0.100000E+01   0.714310E+03   0.432000E+05   0.236758E+03  -0.999900E+04  -0.999900E+04   0.350000E+02   0.250000E+02   0.236758E+03  -0.999900E+04  -0.999900E+04   0.350000E+02   0.250000E+02   0.236760E+03   0.114000E+02   0.337403E+00   0.315636E+02   0.300000E+02  -0.200977E-02  -0.999900E+04  -0.999900E+04   0.343640E+01  -0.500000E+01  -0.395101E-01  -0.999900E+04  -0.999900E+04   0.429549E+00  -0.625000E+00
   0.100000E+01   0.100000E+01   0.723056E+03   0.432000E+05   0.100000E+01   0.100000E+01   0.723056E+03   0.432000E+05   0.236761E+03  -0.999900E+04  -0.999900E+04   0.350000E+02   0.250000E+02   0.236761E+03  -0.999900E+04  -0.999900E+04   0.350000E+02   0.250000E+02   0.236759E+03   0.114000E+02   0.321108E+00   0.309229E+02   0.300000E+02   0.181421E-02  -0.999900E+04  -0.999900E+04   0.407707E+01  -0.500000E+01   0.356656E-01  -0.999900E+04  -0.999900E+04   0.509633E+00  -0.625000E+00
   0.100000E+01   0.100000E+01   0.728027E+03   0.432000E+05   0.100000E+01   0.100000E+01   0.728027E+03   0.432000E+05   0.236762E+03  -0.999900E+04  -0.999900E+04   0.350000E+02   0.250000E+02   0.236762E+03  -0.999900E+04  -0.999900E+04   0.350000E+02   0.250000E+02   0.236759E+03   0.114000E+02   0.312836E+00   0.309229E+02   0.300000E+02   0.322620E-02  -0.999900E+04  -0.999900E+04   0.407707E+01  -0.500000E+01   0.634239E-01  -0.999900E+04  -0.999900E+04   0.509633E+00  -0.625000E+00
   0.100000E+01   0.100000E+01   0.735156E+03   0.432000E+05   0.100000E+01   0.100000E+01   0.735156E+03   0.432000E+05   0.236761E+03  -0.999900E+04  -0.999900E+04   0.350000E+02   0.250000E+02   0.236761E+03  -0.999900E+04  -0.999900E+04   0.350000E+02   0.250000E+02   0.236758E+03   0.114000E+02   0.301834E+00   0.302602E+02   0.300000E+02   0.279077E-02  -0.999900E+04  -0.999900E+04   0.473981E+01  -0.500000E+01   0.548639E-01  -0.999900E+04  -0.999900E+04   0.592476E+00  -0.625000E+00
   0.100000E+01   0.100000E+01   0.737473E+03   0.432000E+05   0.100000E+01   0.100000E+01   0.737473E+03   0.432000E+05   0.236758E+03  -0.999900E+04  -0.999900E+04   0.350000E+02   0.250000E+02   0.236758E+03  -0.999900E+04  -0.999900E+04   0.350000E+02   0.250000E+02   0.236758E+03   0.114000E+02   0.298574E+00   0.302602E+02   0.300000E+02  -0.566406E-04  -0.999900E+04  -0.999900E+04   0.473981E+01  -0.500000E+01  -0.111350E-02  -0.999900E+04  -0.999900E+04   0.592476E+00  -0.625000E+00
   0.100000E+01   0.100000E+01   0.743355E+03   0.432000E+05   0.100000E+01   0.100000E+01   0.743355E+03   0.432000E+05   0.236764E+03  -0.999900E+04  -0.999900E+04   0.350000E+02   0.250000E+02   0.236764E+03  -0.999900E+04  -0.999900E+04   0.350000E+02   0.250000E+02   0.236757E+03   0.114000E+02   0.294230E+00   0.295795E+02   0.300000E+02   0.652319E-02  -0.999900E+04  -0.999900E+04   0.542055E+01  -0.500000E+01   0.128240E+00  -0.999900E+04  -0.999900E+04   0.677568E+00  -0.625000E+00
   0.100000E+01   0.100000E+01   0.748141E+03   0.432000E+05   0.100000E+01   0.100000E+01   0.748141E+03   0.432000E+05   0.236766E+03  -0.999900E+04  -0.999900E+04   0.350000E+02   0.250000E+02   0.236766E+03  -0.999900E+04  -0.999900E+04   0.350000E+02   0.250000E+02   0.236757E+03   0.114000E+02   0.295160E+00   0.295795E+02   0.300000E+02   0.910303E-02  -0.999900E+04  -0.999900E+04   0.542055E+01  -0.500000E+01   0.178957E+00  -0.999900E+04  -0.999900E+04   0.677568E+00  -0.625000E+00
   0.100000E+01   0.100000E+01   0.759598E+03   0.432000E+05   0.100000E+01   0.100000E+01   0.759598E+03   0.432000E+05   0.236755E+03  -0.999900E+04  -0.999900E+04   0.350000E+02   0.250000E+02   0.236755E+03  -0.999900E+04  -0.999900E+04   0.350000E+02   0.250000E+02   0.236755E+03   0.114000E+02   0.298753E+00   0.288853E+02   0.300000E+02  -0.279541E-03  -0.999900E+04  -0.999900E+04   0.611473E+01  -0.500000E+01  -0.549551E-02  -0.999900E+04  -0.999900E+04   0.764342E+00  -0.625000E+00
   0.100000E+01   0.100000E+01   0.762921E+03   0.432000E+05   0.100000E+01   0.100000E+01   0.762921E+03   0.432000E+05   0.236764E+03  -0.999900E+04  -0.999900E+04   0.350000E+02   0.250000E+02   0.236764E+03  -0.999900E+04  -0.999900E+04   0.350000E+02   0.250000E+02   0.236755E+03   0.114000E+02   0.300166E+00   0.288853E+02   0.300000E+02   0.923926E-02  -0.999900E+04  -0.999900E+04   0.611473E+01  -0.500000E+01   0.181635E+00  -0.999900E+04  -0.999900E+04   0.764342E+00  -0.625000E+00
   0.100000E+01   0.100000E+01   0.767216E+03   0.432000E+05   0.100000E+01   0.100000E+01   0.767216E+03   0.432000E+05   0.236822E+03  -0.999900E+04  -0.999900E+04   0.350000E+02   0.250000E+02   0.236822E+03  -0.999900E+04  -0.999900E+04   0.350000E+02   0.250000E+02   0.236754E+03   0.114000E+02   0.303050E+00   0.281827E+02   0.300000E+02   0.680022E-01  -0.999900E+04  -0.999900E+04   0.681731E+01  -0.500000E+01   0.133686E+01  -0.999900E+04  -0.999900E+04   0.852164E+00  -0.625000E+00
   0.100000E+01   0.100000E+01   0.775480E+03   0.432000E+05   0.100000E+01   0.100000E+01   0.775480E+03   0.432000E+05   0.236758E+03  -0.999900E+04  -0.999900E+04   0.350000E+02   0.250000E+02   0.236758E+03  -0.999900E+04  -0.999900E+04   0.350000E+02   0.250000E+02   0.236752E+03   0.114000E+02   0.326273E+00   0.274773E+02   0.300000E+02   0.635205E-02  -0.999900E+04  -0.999900E+04   0.752270E+01  -0.500000E+01   0.124875E+00  -0.999900E+04  -0.999900E+04   0.940337E+00  -0.625000E+00
   0.100000E+01   0.100000E+01   0.781353E+03   0.432000E+05   0.100000E+01   0.100000E+01   0.781353E+03   0.432000E+05   0.236751E+03  -0.999900E+04  -0.999900E+04   0.350000E+02   0.250000E+02   0.236751E+03  -0.999900E+04  -0.999900E+04   0.350000E+02   0.250000E+02   0.236750E+03   0.114000E+02   0.343470E+00   0.274773E+02   0.300000E+02   0.142725E-02  -0.999900E+04  -0.999900E+04   0.752270E+01  -0.500000E+01   0.280583E-01  -0.999900E+04  -0.999900E+04   0.940337E+00  -0.625000E+00
   0.100000E+01   0.100000E+01   0.792534E+03   0.432000E+05   0.100000E+01   0.100000E+01   0.792534E+03   0.432000E+05   0.236716E+03  -0.999900E+04  -0.999900E+04   0.350000E+02   0.250000E+02   0.236716E+03  -0.999900E+04  -0.999900E+04   0.350000E+02   0.250000E+02   0.236744E+03   0.114000E+02   0.377804E+00   0.267752E+02   0.300000E+02  -0.283695E-01  -0.999900E+04  -0.999900E+04   0.822476E+01  -0.500000E+01  -0.557717E+00  -0.999900E+04  -0.999900E+04   0.102810E+01  -0.625000E+00
   0.100000E+01   0.100000E+01   0.795218E+03   0.432000E+05   0.100000E+01   0.100000E+01   0.795218E+03   0.432000E+05   0.236742E+03  -0.999900E+04  -0.999900E+04   0.350000E+02   0.250000E+02   0.236742E+03  -0.999900E+04  -0.999900E+04   0.350000E+02   0.250000E+02   0.236743E+03   0.114000E+02   0.386360E+00   0.267752E+02   0.300000E+02  -0.797852E-03  -0.999900E+04  -0.999900E+04   0.822476E+01  -0.500000E+01  -0.156850E-01  -0.999900E+04  -0.999900E+04   0.102810E+01  -0.625000E+00
   0.100000E+01   0.100000E+01   0.802777E+03   0.432000E+05   0.100000E+01   0.100000E+01   0.802777E+03   0.432000E+05   0.236753E+03  -0.999900E+04  -0.999900E+04   0.350000E+02   0.250000E+02   0.236753E+03  -0.999900E+04  -0.999900E+04   0.350000E+02   0.250000E+02   0.236738E+03   0.114000E+02   0.409855E+00   0.260832E+02   0.300000E+02   0.152986E-01  -0.999900E+04  -0.999900E+04   0.891680E+01  -0.500000E+01   0.300756E+00  -0.999900E+04  -0.999900E+04   0.111460E+01  -0.625000E+00
   0.100000E+01   0.100000E+01   0.806374E+03   0.432000E+05   0.100000E+01   0.100000E+01   0.806374E+03   0.432000E+05   0.236740E+03  -0.999900E+04  -0.999900E+04   0.350000E+02   0.250000E+02   0.236740E+03  -0.999900E+04  -0.999900E+04   0.350000E+02   0.250000E+02   0.236735E+03   0.114000E+02   0.416783E+00   0.260832E+02   0.300000E+02   0.489258E-02  -0.999900E+04  -0.999900E+04   0.891680E+01  -0.500000E+01   0.961834E-01  -0.999900E+04  -0.999900E+04   0.111460E+01  -0.625000E+00
   0.100000E+01   0.100000E+01   0.812545E+03   0.432000E+05   0.100000E+01   0.100000E+01   0.812545E+03   0.432000E+05   0.236756E+03  -0.999900E+04  -0.999900E+04   0.350000E+02   0.250000E+02   0.236756E+03  -0.999900E+04  -0.999900E+04   0.350000E+02   0.250000E+02   0.236730E+03   0.114000E+02   0.429162E+00   0.254085E+02   0.300000E+02   0.257449E-01  -0.999900E+04  -0.999900E+04   0.959154E+01  -0.500000E+01   0.506120E+00  -0.999900E+04  -0.999900E+04   0.119894E+01  -0.625000E+00
   0.100000E+01   0.100000E+01   0.824506E+03   0.432000E+05   0.100000E+01   0.100000E+01   0.824506E+03   0.432000E+05   0.236708E+03  -0.999900E+04  -0.999900E+04   0.350000E+02   0.250000E+02   0.236708E+03  -0.999900E+04  -0.999900E+04   0.350000E+02   0.250000E+02   0.236719E+03   0.114000E+02   0.450273E+00   0.247589E+02   0.300000E+02  -0.110247E-01  -0.999900E+04  -0.999900E+04   0.102411E+02  -0.500000E+01  -0.216734E+00  -0.999900E+04  -0.999900E+04   0.128013E+01  -0.625000E+00
   0.100000E+01   0.100000E+01   0.828824E+03   0.432000E+05   0.100000E+01   0.100000E+01   0.828824E+03   0.432000E+05   0.236715E+03  -0.999900E+04  -0.999900E+04   0.350000E+02   0.250000E+02   0.236715E+03  -0.999900E+04  -0.999900E+04   0.350000E+02   0.250000E+02   0.236714E+03   0.114000E+02   0.459413E+00   0.241432E+02   0.300000E+02   0.949707E-03  -0.999900E+04  -0.999900E+04   0.108568E+02  -0.500000E+01   0.186703E-01  -0.999900E+04  -0.999900E+04   0.135710E+01  -0.625000E+00
   0.100000E+01   0.100000E+01   0.834252E+03   0.432000E+05   0.100000E+01   0.100000E+01   0.834252E+03   0.432000E+05   0.236727E+03  -0.999900E+04  -0.999900E+04   0.350000E+02   0.250000E+02   0.236727E+03  -0.999900E+04  -0.999900E+04   0.350000E+02   0.250000E+02   0.236707E+03   0.114000E+02   0.471671E+00   0.241432E+02   0.300000E+02   0.198772E-01  -0.999900E+04  -0.999900E+04   0.108568E+02  -0.500000E+01   0.390767E+00  -0.999900E+04  -0.999900E+04   0.135710E+01  -0.625000E+00
   0.100000E+01   0.100000E+01   0.839766E+03   0.432000E+05   0.100000E+01   0.100000E+01   0.839766E+03   0.432000E+05   0.236727E+03  -0.999900E+04  -0.999900E+04   0.350000E+02   0.250000E+02   0.236727E+03  -0.999900E+04  -0.999900E+04   0.350000E+02   0.250000E+02   0.236699E+03   0.114000E+02   0.485950E+00   0.235704E+02   0.300000E+02   0.278728E-01  -0.999900E+04  -0.999900E+04   0.114296E+02  -0.500000E+01   0.547953E+00  -0.999900E+04  -0.999900E+04   0.142870E+01  -0.625000E+00
   0.100000E+01   0.100000E+01   0.845928E+03   0.432000E+05   0.100000E+01   0.100000E+01   0.845928E+03   0.432000E+05   0.236700E+03  -0.999900E+04  -0.999900E+04   0.350000E+02   0.250000E+02   0.236700E+03  -0.999900E+04  -0.999900E+04   0.350000E+02   0.250000E+02   0.236689E+03   0.114000E+02   0.504976E+00   0.235704E+02   0.300000E+02   0.111877E-01  -0.999900E+04  -0.999900E+04   0.114296E+02  -0.500000E+01   0.219940E+00  -0.999900E+04  -0.999900E+04   0.142870E+01  -0.625000E+00
   0.100000E+01   0.100000E+01   0.853796E+03   0.432000E+05   0.100000E+01   0.100000E+01   0.853796E+03   0.432000E+05   0.236681E+03  -0.999900E+04  -0.999900E+04   0.350000E+02   0.250000E+02   0.236681E+03  -0.999900E+04  -0.999900E+04   0.350000E+02   0.250000E+02   0.236673E+03   0.114000E+02   0.535280E+00   0.230504E+02   0.300000E+02   0.787378E-02  -0.999900E+04  -0.999900E+04   0.119496E+02  -0.500000E+01   0.154791E+00  -0.999900E+04  -0.999900E+04   0.149369E+01  -0.625000E+00
   0.100000E+01   0.100000E+01   0.862250E+03   0.432000E+05   0.100000E+01   0.100000E+01   0.862250E+03   0.432000E+05   0.236691E+03  -0.999900E+04  -0.999900E+04   0.350000E+02   0.250000E+02   0.236691E+03  -0.999900E+04  -0.999900E+04   0.350000E+02   0.250000E+02   0.236652E+03   0.114000E+02   0.575110E+00   0.225939E+02   0.300000E+02   0.389919E-01  -0.999900E+04  -0.999900E+04   0.124061E+02  -0.500000E+01   0.766544E+00  -0.999900E+04  -0.999900E+04   0.155076E+01  -0.625000E+00
   0.100000E+01   0.100000E+01   0.864604E+03   0.432000E+05   0.100000E+01   0.100000E+01   0.864604E+03   0.432000E+05   0.236650E+03  -0.999900E+04  -0.999900E+04   0.350000E+02   0.250000E+02   0.236650E+03  -0.999900E+04  -0.999900E+04   0.350000E+02   0.250000E+02   0.236646E+03   0.114000E+02   0.584714E+00   0.225939E+02   0.300000E+02   0.421753E-02  -0.999900E+04  -0.999900E+04   0.124061E+02  -0.500000E+01   0.829126E-01  -0.999900E+04  -0.999900E+04   0.155076E+01  -0.625000E+00
   0.100000E+01   0.100000E+01   0.876099E+03   0.432000E+05   0.100000E+01   0.100000E+01   0.876099E+03   0.432000E+05   0.236667E+03  -0.999900E+04  -0.999900E+04   0.350000E+02   0.250000E+02   0.236667E+03  -0.999900E+04  -0.999900E+04   0.350000E+02   0.250000E+02   0.236609E+03   0.114000E+02   0.644883E+00   0.222122E+02   0.300000E+02   0.578386E-01  -0.999900E+04  -0.999900E+04   0.127878E+02  -0.500000E+01   0.113705E+01  -0.999900E+04  -0.999900E+04   0.159847E+01  -0.625000E+00
   0.100000E+01   0.100000E+01   0.883313E+03   0.432000E+05   0.100000E+01   0.100000E+01   0.883313E+03   0.432000E+05   0.236638E+03  -0.999900E+04  -0.999900E+04   0.350000E+02   0.250000E+02   0.236638E+03  -0.999900E+04  -0.999900E+04   0.350000E+02   0.250000E+02   0.236576E+03   0.114000E+02   0.711494E+00   0.219174E+02   0.300000E+02   0.624995E-01  -0.999900E+04  -0.999900E+04   0.130826E+02  -0.500000E+01   0.122868E+01  -0.999900E+04  -0.999900E+04   0.163533E+01  -0.625000E+00
   0.100000E+01   0.100000E+01   0.894028E+03   0.432000E+05   0.100000E+01   0.100000E+01   0.894028E+03   0.432000E+05   0.236590E+03  -0.999900E+04  -0.999900E+04   0.350000E+02   0.250000E+02   0.236590E+03  -0.999900E+04  -0.999900E+04   0.350000E+02   0.250000E+02   0.236482E+03   0.114000E+02   0.921957E+00   0.217222E+02   0.300000E+02   0.107609E+00  -0.999900E+04  -0.999900E+04   0.132778E+02  -0.500000E+01   0.211548E+01  -0.999900E+04  -0.999900E+04   0.165972E+01  -0.625000E+00
   0.100000E+01   0.100000E+01   0.900196E+03   0.432000E+05   0.100000E+01   0.100000E+01   0.900196E+03   0.432000E+05   0.236539E+03  -0.999900E+04  -0.999900E+04   0.350000E+02   0.250000E+02   0.236539E+03  -0.999900E+04  -0.999900E+04   0.350000E+02   0.250000E+02   0.236418E+03   0.114000E+02   0.936803E+00   0.217222E+02   0.300000E+02   0.120970E+00  -0.999900E+04  -0.999900E+04   0.132778E+02  -0.500000E+01   0.237816E+01  -0.999900E+04  -0.999900E+04   0.165972E+01  -0.625000E+00
   0.100000E+01   0.100000E+01   0.913897E+03   0.432000E+05   0.100000E+01   0.100000E+01   0.913897E+03   0.432000E+05   0.236452E+03  -0.999900E+04  -0.999900E+04   0.350000E+02   0.250000E+02   0.236452E+03  -0.999900E+04  -0.999900E+04   0.350000E+02   0.250000E+02   0.236272E+03   0.114000E+02   0.984616E+00   0.216405E+02   0.300000E+02   0.179844E+00  -0.999900E+04  -0.999900E+04   0.133595E+02  -0.500000E+01   0.353557E+01  -0.999900E+04  -0.999900E+04   0.166994E+01  -0.625000E+00
   0.100000E+01   0.100000E+01   0.920278E+03   0.432000E+05   0.100000E+01   0.100000E+01   0.920278E+03   0.432000E+05   0.236388E+03  -0.999900E+04  -0.999900E+04   0.350000E+02   0.250000E+02   0.236388E+03  -0.999900E+04  -0.999900E+04   0.350000E+02   0.250000E+02   0.236199E+03   0.114000E+02   0.102602E+01   0.216866E+02   0.300000E+02   0.188644E+00  -0.999900E+04  -0.999900E+04   0.133134E+02  -0.500000E+01   0.370856E+01  -0.999900E+04  -0.999900E+04   0.166417E+01  -0.625000E+00
   0.100000E+01   0.100000E+01   0.921538E+03   0.432000E+05   0.100000E+01   0.100000E+01   0.921538E+03   0.432000E+05   0.236330E+03  -0.999900E+04  -0.999900E+04   0.350000E+02   0.250000E+02   0.236330E+03  -0.999900E+04  -0.999900E+04   0.350000E+02   0.250000E+02   0.236184E+03   0.114000E+02   0.103674E+01   0.216866E+02   0.300000E+02   0.145704E+00  -0.999900E+04  -0.999900E+04   0.133134E+02  -0.500000E+01   0.286441E+01  -0.999900E+04  -0.999900E+04   0.166417E+01  -0.625000E+00
   0.100000E+01   0.100000E+01   0.925000E+03   0.432000E+05   0.100000E+01   0.100000E+01   0.925000E+03   0.432000E+05   0.236254E+03  -0.999900E+04  -0.999900E+04   0.350000E+02   0.250000E+02   0.236254E+03  -0.999900E+04  -0.999900E+04   0.350000E+02   0.250000E+02   0.236137E+03   0.114000E+02   0.108754E+01   0.216866E+02   0.300000E+02   0.116625E+00  -0.999900E+04  -0.999900E+04   0.133134E+02  -0.500000E+01   0.229274E+01  -0.999900E+04  -0.999900E+04   0.166417E+01  -0.625000E+00
   0.100000E+01   0.100000E+01   0.933614E+03   0.432000E+05   0.100000E+01   0.100000E+01   0.933614E+03   0.432000E+05   0.236181E+03  -0.999900E+04  -0.999900E+04   0.350000E+02   0.250000E+02   0.236181E+03  -0.999900E+04  -0.999900E+04   0.350000E+02   0.250000E+02   0.236016E+03   0.114000E+02   0.115566E+01   0.218761E+02   0.300000E+02   0.165344E+00  -0.999900E+04  -0.999900E+04   0.131239E+02  -0.500000E+01   0.325051E+01  -0.999900E+04  -0.999900E+04   0.164049E+01  -0.625000E+00
   0.100000E+01   0.100000E+01   0.937871E+03   0.432000E+05   0.100000E+01   0.100000E+01   0.937871E+03   0.432000E+05   0.236033E+03  -0.999900E+04  -0.999900E+04   0.350000E+02   0.250000E+02   0.236033E+03  -0.999900E+04  -0.999900E+04   0.350000E+02   0.250000E+02   0.235961E+03   0.114000E+02   0.115052E+01   0.222250E+02   0.300000E+02   0.715895E-01  -0.999900E+04  -0.999900E+04   0.127750E+02  -0.500000E+01   0.140738E+01  -0.999900E+04  -0.999900E+04   0.159688E+01  -0.625000E+00
   0.100000E+01   0.100000E+01   0.944325E+03   0.432000E+05   0.100000E+01   0.100000E+01   0.944325E+03   0.432000E+05   0.235866E+03  -0.999900E+04  -0.999900E+04   0.350000E+02   0.250000E+02   0.235866E+03  -0.999900E+04  -0.999900E+04   0.350000E+02   0.250000E+02   0.235896E+03   0.114000E+02   0.110040E+01   0.222250E+02   0.300000E+02  -0.298435E-01  -0.999900E+04  -0.999900E+04   0.127750E+02  -0.500000E+01  -0.586695E+00  -0.999900E+04  -0.999900E+04   0.159688E+01  -0.625000E+00
   0.100000E+01   0.100000E+01   0.951420E+03   0.432000E+05   0.100000E+01   0.100000E+01   0.951420E+03   0.432000E+05   0.235700E+03  -0.999900E+04  -0.999900E+04   0.350000E+02   0.250000E+02   0.235700E+03  -0.999900E+04  -0.999900E+04   0.350000E+02   0.250000E+02   0.235849E+03   0.114000E+02   0.100564E+01   0.227506E+02   0.300000E+02  -0.148724E+00  -0.999900E+04  -0.999900E+04   0.122494E+02  -0.500000E+01  -0.292378E+01  -0.999900E+04  -0.999900E+04   0.153117E+01  -0.625000E+00
   0.100000E+01   0.100000E+01   0.957414E+03   0.432000E+05   0.100000E+01   0.100000E+01   0.957414E+03   0.432000E+05   0.235725E+03  -0.999900E+04  -0.999900E+04   0.350000E+02   0.250000E+02   0.235725E+03  -0.999900E+04  -0.999900E+04   0.350000E+02   0.250000E+02   0.235825E+03   0.114000E+02   0.909693E+00   0.227506E+02   0.300000E+02  -0.998596E-01  -0.999900E+04  -0.999900E+04   0.122494E+02  -0.500000E+01  -0.196314E+01  -0.999900E+04  -0.999900E+04   0.153117E+01  -0.625000E+00
   0.100000E+01   0.100000E+01   0.962893E+03   0.432000E+05   0.100000E+01   0.100000E+01   0.962893E+03   0.432000E+05   0.235728E+03  -0.999900E+04  -0.999900E+04   0.350000E+02   0.250000E+02   0.235728E+03  -0.999900E+04  -0.999900E+04   0.350000E+02   0.250000E+02   0.235807E+03   0.114000E+02   0.869302E+00   0.234710E+02   0.300000E+02  -0.789611E-01  -0.999900E+04  -0.999900E+04   0.115290E+02  -0.500000E+01  -0.155230E+01  -0.999900E+04  -0.999900E+04   0.144113E+01  -0.625000E+00
   0.100000E+01   0.100000E+01   0.967659E+03   0.432000E+05   0.100000E+01   0.100000E+01   0.967659E+03   0.432000E+05   0.235728E+03  -0.999900E+04  -0.999900E+04   0.350000E+02   0.250000E+02   0.235728E+03  -0.999900E+04  -0.999900E+04   0.350000E+02   0.250000E+02   0.235794E+03   0.114000E+02   0.843797E+00   0.234710E+02   0.300000E+02  -0.657469E-01  -0.999900E+04  -0.999900E+04   0.115290E+02  -0.500000E+01  -0.129252E+01  -0.999900E+04  -0.999900E+04   0.144113E+01  -0.625000E+00
   0.100000E+01   0.100000E+01   0.973707E+03   0.432000E+05   0.100000E+01   0.100000E+01   0.973707E+03   0.432000E+05   0.235753E+03  -0.999900E+04  -0.999900E+04   0.350000E+02   0.250000E+02   0.235753E+03  -0.999900E+04  -0.999900E+04   0.350000E+02   0.250000E+02   0.235779E+03   0.114000E+02   0.808787E+00   0.244051E+02   0.300000E+02  -0.262664E-01  -0.999900E+04  -0.999900E+04   0.105949E+02  -0.500000E+01  -0.516372E+00  -0.999900E+04  -0.999900E+04   0.132436E+01  -0.625000E+00
   0.100000E+01   0.100000E+01   0.980498E+03   0.432000E+05   0.100000E+01   0.100000E+01   0.980498E+03   0.432000E+05   0.235734E+03  -0.999900E+04  -0.999900E+04   0.350000E+02   0.250000E+02   0.235734E+03  -0.999900E+04  -0.999900E+04   0.350000E+02   0.250000E+02   0.235766E+03   0.114000E+02   0.765945E+00   0.244051E+02   0.300000E+02  -0.324490E-01  -0.999900E+04  -0.999900E+04   0.105949E+02  -0.500000E+01  -0.637916E+00  -0.999900E+04  -0.999900E+04   0.132436E+01  -0.625000E+00
   0.100000E+01   0.100000E+01   0.985340E+03   0.432000E+05   0.100000E+01   0.100000E+01   0.985340E+03   0.432000E+05   0.235736E+03  -0.999900E+04  -0.999900E+04   0.350000E+02   0.250000E+02   0.235736E+03  -0.999900E+04  -0.999900E+04   0.350000E+02   0.250000E+02   0.235759E+03   0.114000E+02   0.734374E+00   0.255732E+02   0.300000E+02  -0.233079E-01  -0.999900E+04  -0.999900E+04   0.942683E+01  -0.500000E+01  -0.458210E+00  -0.999900E+04  -0.999900E+04   0.117835E+01  -0.625000E+00
   0.100000E+01   0.100000E+01   0.990341E+03   0.432000E+05   0.100000E+01   0.100000E+01   0.990341E+03   0.432000E+05   0.235706E+03  -0.999900E+04  -0.999900E+04   0.350000E+02   0.250000E+02   0.235706E+03  -0.999900E+04  -0.999900E+04   0.350000E+02   0.250000E+02   0.235753E+03   0.114000E+02   0.701741E+00   0.255732E+02   0.300000E+02  -0.471433E-01  -0.999900E+04  -0.999900E+04   0.942683E+01  -0.500000E+01  -0.926792E+00  -0.999900E+04  -0.999900E+04   0.117835E+01  -0.625000E+00
   0.100000E+01   0.100000E+01   0.996731E+03   0.432000E+05   0.100000E+01   0.100000E+01   0.996731E+03   0.432000E+05   0.235709E+03  -0.999900E+04  -0.999900E+04   0.350000E+02   0.250000E+02   0.235709E+03  -0.999900E+04  -0.999900E+04   0.350000E+02   0.250000E+02   0.235745E+03   0.114000E+02   0.677943E+00   0.269961E+02   0.300000E+02  -0.364376E-01  -0.999900E+04  -0.999900E+04   0.800389E+01  -0.500000E+01  -0.716329E+00  -0.999900E+04  -0.999900E+04   0.100049E+01  -0.625000E+00
   0.100000E+01   0.100000E+01   0.100255E+04   0.432000E+05   0.100000E+01   0.100000E+01   0.100255E+04   0.432000E+05   0.235735E+03  -0.999900E+04  -0.999900E+04   0.350000E+02   0.250000E+02   0.235735E+03  -0.999900E+04  -0.999900E+04   0.350000E+02   0.250000E+02   0.235739E+03   0.114000E+02   0.662984E+00   0.269961E+02   0.300000E+02  -0.401367E-02  -0.999900E+04  -0.999900E+04   0.800389E+01  -0.500000E+01  -0.789050E-01  -0.999900E+04  -0.999900E+04   0.100049E+01  -0.625000E+00
   0.100000E+01   0.100000E+01   0.100924E+04   0.432000E+05   0.100000E+01   0.100000E+01   0.100924E+04   0.432000E+05   0.235718E+03  -0.999900E+04  -0.999900E+04   0.350000E+02   0.250000E+02   0.235718E+03  -0.999900E+04  -0.999900E+04   0.350000E+02   0.250000E+02   0.235733E+03   0.114000E+02   0.640618E+00   0.286961E+02   0.300000E+02  -0.150170E-01  -0.999900E+04  -0.999900E+04   0.630393E+01  -0.500000E+01  -0.295219E+00  -0.999900E+04  -0.999900E+04   0.787991E+00  -0.625000E+00
   0.100000E+01   0.100000E+01   0.101458E+04   0.432000E+05   0.100000E+01   0.100000E+01   0.101458E+04   0.432000E+05   0.235723E+03  -0.999900E+04  -0.999900E+04   0.350000E+02   0.250000E+02   0.235723E+03  -0.999900E+04  -0.999900E+04   0.350000E+02   0.250000E+02   0.235729E+03   0.114000E+02   0.619699E+00   0.306962E+02   0.300000E+02  -0.640063E-02  -0.999900E+04  -0.999900E+04   0.430377E+01  -0.500000E+01  -0.125830E+00  -0.999900E+04  -0.999900E+04   0.537971E+00  -0.625000E+00
   0.100000E+01   0.100000E+01   0.101971E+04   0.432000E+05   0.100000E+01   0.100000E+01   0.101971E+04   0.432000E+05   0.235749E+03  -0.999900E+04  -0.999900E+04   0.350000E+02   0.250000E+02   0.235749E+03  -0.999900E+04  -0.999900E+04   0.350000E+02   0.250000E+02   0.235727E+03   0.114000E+02   0.598136E+00   0.306962E+02   0.300000E+02   0.222849E-01  -0.999900E+04  -0.999900E+04   0.430377E+01  -0.500000E+01   0.438100E+00  -0.999900E+04  -0.999900E+04   0.537971E+00  -0.625000E+00
   0.100000E+01   0.100000E+01   0.102562E+04   0.432000E+05   0.100000E+01   0.100000E+01   0.102562E+04   0.432000E+05   0.235734E+03  -0.999900E+04  -0.999900E+04   0.350000E+02   0.250000E+02   0.235734E+03  -0.999900E+04  -0.999900E+04   0.350000E+02   0.250000E+02   0.235724E+03   0.114000E+02   0.582402E+00   0.330209E+02   0.300000E+02   0.102909E-01  -0.999900E+04  -0.999900E+04   0.197913E+01  -0.500000E+01   0.202309E+00  -0.999900E+04  -0.999900E+04   0.247391E+00  -0.625000E+00
   0.100000E+01   0.100000E+01   0.103119E+04   0.432000E+05   0.100000E+01   0.100000E+01   0.103119E+04   0.432000E+05   0.235719E+03  -0.999900E+04  -0.999900E+04   0.350000E+02   0.250000E+02   0.235719E+03  -0.999900E+04  -0.999900E+04   0.350000E+02   0.250000E+02   0.235721E+03   0.114000E+02   0.570817E+00   0.330209E+02   0.300000E+02  -0.211511E-02  -0.999900E+04  -0.999900E+04   0.197913E+01  -0.500000E+01  -0.415811E-01  -0.999900E+04  -0.999900E+04   0.247391E+00  -0.625000E+00
   0.100000E+01   0.100000E+01   0.103694E+04   0.432000E+05   0.100000E+01   0.100000E+01   0.103694E+04   0.432000E+05   0.235745E+03  -0.999900E+04  -0.999900E+04   0.350000E+02   0.250000E+02   0.235745E+03  -0.999900E+04  -0.999900E+04   0.350000E+02   0.250000E+02   0.235719E+03   0.114000E+02   0.558363E+00   0.356954E+02   0.300000E+02   0.261432E-01  -0.999900E+04  -0.999900E+04  -0.695391E+00  -0.500000E+01   0.513950E+00  -0.999900E+04  -0.999900E+04  -0.869238E-01  -0.625000E+00
   0.100000E+01   0.100000E+01   0.104365E+04   0.432000E+05   0.100000E+01   0.100000E+01   0.104365E+04   0.432000E+05   0.235700E+03  -0.999900E+04  -0.999900E+04   0.350000E+02   0.250000E+02   0.235700E+03  -0.999900E+04  -0.999900E+04   0.350000E+02   0.250000E+02   0.235717E+03   0.114000E+02   0.543353E+00   0.356954E+02   0.300000E+02  -0.167053E-01  -0.999900E+04  -0.999900E+04  -0.695391E+00  -0.500000E+01  -0.328411E+00  -0.999900E+04  -0.999900E+04  -0.869238E-01  -0.625000E+00
   0.100000E+01   0.100000E+01   0.105003E+04   0.432000E+05   0.100000E+01   0.100000E+01   0.105003E+04   0.432000E+05   0.235727E+03  -0.999900E+04  -0.999900E+04   0.350000E+02   0.250000E+02   0.235727E+03  -0.999900E+04  -0.999900E+04   0.350000E+02   0.250000E+02   0.235715E+03   0.114000E+02   0.531661E+00   0.387464E+02   0.300000E+02   0.120952E-01  -0.999900E+04  -0.999900E+04  -0.374636E+01  -0.500000E+01   0.237780E+00  -0.999900E+04  -0.999900E+04  -0.468295E+00  -0.625000E+00
   0.100000E+01   0.100000E+01   0.105693E+04   0.432000E+05   0.100000E+01   0.100000E+01   0.105693E+04   0.432000E+05   0.235724E+03  -0.999900E+04  -0.999900E+04   0.350000E+02   0.250000E+02   0.235724E+03  -0.999900E+04  -0.999900E+04   0.350000E+02   0.250000E+02   0.235713E+03   0.114000E+02   0.528866E+00   0.387464E+02   0.300000E+02   0.113230E-01  -0.999900E+04  -0.999900E+04  -0.374636E+01  -0.500000E+01   0.222599E+00  -0.999900E+04  -0.999900E+04  -0.468295E+00  -0.625000E+00
   0.100000E+01   0.100000E+01   0.106299E+04   0.432000E+05   0.100000E+01   0.100000E+01   0.106299E+04   0.432000E+05   0.235732E+03  -0.999900E+04  -0.999900E+04   0.350000E+02   0.250000E+02   0.235732E+03  -0.999900E+04  -0.999900E+04   0.350000E+02   0.250000E+02   0.235711E+03   0.114000E+02   0.526427E+00   0.422015E+02   0.300000E+02   0.210320E-01  -0.999900E+04  -0.999900E+04  -0.720153E+01  -0.500000E+01   0.413469E+00  -0.999900E+04  -0.999900E+04  -0.900192E+00  -0.625000E+00
   0.100000E+01   0.100000E+01   0.106879E+04   0.432000E+05   0.100000E+01   0.100000E+01   0.106879E+04   0.432000E+05   0.235712E+03  -0.999900E+04  -0.999900E+04   0.350000E+02   0.250000E+02   0.235712E+03  -0.999900E+04  -0.999900E+04   0.350000E+02   0.250000E+02   0.235709E+03   0.114000E+02   0.524126E+00   0.460899E+02   0.300000E+02   0.255786E-02  -0.999900E+04  -0.999900E+04  -0.110899E+02  -0.500000E+01   0.502851E-01  -0.999900E+04  -0.999900E+04  -0.138624E+01  -0.625000E+00
   0.100000E+01   0.100000E+01   0.107788E+04   0.432000E+05   0.100000E+01   0.100000E+01   0.107788E+04   0.432000E+05   0.235707E+03  -0.999900E+04  -0.999900E+04   0.350000E+02   0.250000E+02   0.235707E+03  -0.999900E+04  -0.999900E+04   0.350000E+02   0.250000E+02   0.235707E+03   0.114000E+02   0.520749E+00   0.460899E+02   0.300000E+02  -0.275391E-03  -0.999900E+04  -0.999900E+04  -0.110899E+02  -0.500000E+01  -0.541392E-02  -0.999900E+04  -0.999900E+04  -0.138624E+01  -0.625000E+00
