"Kmin__Rhone_SU1" 55900 1 -8.24279874444176e-17 0.133088735344473 1.85706681410596e-17 -0.424602121928695 0 0 0 0 0 0 0 0 0 0 0 0 0 0 0 0 0 0 0 0 0
"Kmin__Rhone_SU1" 50550 -8.24279874444176e-17 1 -1.15124643400106e-17 -0.64018439966448 0 0 0 0 0 0 0 0 0 0 0 0 0 0 0 0 0 0 0 0 0 0
"Kmin__Rhone_SU1" 45200 0.133088735344473 0 1 0 -0.793612028269407 0 0 0 0 0 0 0 0 0 0 0 0 0 0 0 0 0 0 0 0 0
"Kmin__Rhone_SU1" 39850 6.8092449850552e-17 -0.64018439966448 0 1 -1.03267055495254e-17 0 0 0 0 0 0 0 0 0 0 0 0 0 0 0 0 0 0 0 0 0
"Kmin__Rhone_SU1" 34500 -0.424602121928695 5.2887966341878e-18 -0.793612028269407 -1.5490058324288e-17 1 0 0 0 0 0 0 0 0 0 0 0 0 0 0 0 0 0 0 0 0 0
"Kmin__Rhone_SU2" 34500 0 0 0 0 0 1 0 0 0 0 0 0 0 0 0 0 0 0 0 0 0 0 0 0 0 0
"Kmin__Rhone_SU2" 26750 0 0 0 0 0 0 1 0 0 0 0 0 0 0 0 0 0 0 0 0 0 0 0 0 0 0
"Kmin__Ain_SU1" 22333 0 0 0 0 0 0 0 1 1.58515360470034e-16 0.133088735344473 -9.28533407052982e-17 -0.424602121928695 0 0 0 0 0 0 0 0 0 0 0 0 0 0
"Kmin__Ain_SU1" 26122.5 0 0 0 0 0 0 0 1.58515360470034e-16 1 -1.43905804250132e-17 -0.64018439966448 0 0 0 0 0 0 0 0 0 0 0 0 0 0 0
"Kmin__Ain_SU1" 29912 0 0 0 0 0 0 0 0.133088735344473 -1.43905804250132e-17 1 0 -0.793612028269407 0 0 0 0 0 0 0 0 0 0 0 0 0 0
"Kmin__Ain_SU1" 33701.5 0 0 0 0 0 0 0 -9.28533407052982e-17 -0.64018439966448 0 1 0 0 0 0 0 0 0 0 0 0 0 0 0 0 0
"Kmin__Ain_SU1" 37491 0 0 0 0 0 0 0 -0.424602121928695 0 -0.793612028269407 0 1 0 0 0 0 0 0 0 0 0 0 0 0 0 0
"Kmin__Ain_SU2" 1 0 0 0 0 0 0 0 0 0 0 0 0 1 0 0 0 0 0 0 0 0 0 0 0 0 0
"Kflood__Rhone_SU1" 1 0 0 0 0 0 0 0 0 0 0 0 0 0 1 0 0 0 0 0 0 0 0 0 0 0 0
"Kflood__Ain_SU1" 1 0 0 0 0 0 0 0 0 0 0 0 0 0 0 1 0 0 0 0 0 0 0 0 0 0 0
"Qin__event_1_Q_e1_PCH" 1 0 0 0 0 0 0 0 0 0 0 0 0 0 0 0 1 0 0 0 0 0 0 0 0 0 0
"Qin__event_1_Q_e1_LGN" 1 0 0 0 0 0 0 0 0 0 0 0 0 0 0 0 0 1 0 0 0 0 0 0 0 0 0
"Qin__event_1_Q_e1_BOU" 1 0 0 0 0 0 0 0 0 0 0 0 0 0 0 0 0 0 1 0 0 0 0 0 0 0 0
"Qin__event_2_Q_e2_PCH" 1 0 0 0 0 0 0 0 0 0 0 0 0 0 0 0 0 0 0 1 0 0 0 0 0 0 0
"Qin__event_2_Q_e2_LGN" 1 0 0 0 0 0 0 0 0 0 0 0 0 0 0 0 0 0 0 0 1 0 0 0 0 0 0
"Qin__event_2_Q_e2_BOU" 1 0 0 0 0 0 0 0 0 0 0 0 0 0 0 0 0 0 0 0 0 1 0 0 0 0 0
"gamma_1_Constant" 1 0 0 0 0 0 0 0 0 0 0 0 0 0 0 0 0 0 0 0 0 0 1 0 0 0 0
"gamma_2_Constant" 1 0 0 0 0 0 0 0 0 0 0 0 0 0 0 0 0 0 0 0 0 0 0 1 0 0 0
"gamma_3_Constant" 1 0 0 0 0 0 0 0 0 0 0 0 0 0 0 0 0 0 0 0 0 0 0 0 1 0 0
"gamma_4_Constant" 1 0 0 0 0 0 0 0 0 0 0 0 0 0 0 0 0 0 0 0 0 0 0 0 0 1 0
"gamma_5_Constant" 1 0 0 0 0 0 0 0 0 0 0 0 0 0 0 0 0 0 0 0 0 0 0 0 0 0 1
