Kmin_MC_Up_a0  Kmin_MC_Up_a1  Kmin_TR_a0     Kmin_TR_a1     Y1_intercept   Y2_intercept   Y3_intercept   Y4_intercept   Y5_intercept   LogPost        
   0.336273E+02  -0.256739E+01   0.276353E+02   0.143969E+01   0.152695E-01   0.165229E-01   0.142420E-01   0.183637E-02   0.121917E-01  -0.423688E+02
   0.330008E+02  -0.119321E+01   0.291639E+02  -0.182269E+01   0.282485E-01   0.250923E-01   0.324562E-02   0.272835E-01   0.134012E-01  -0.457207E+02
   0.324192E+02  -0.131848E+01   0.272649E+02  -0.220486E+01   0.277444E-01   0.120522E-01   0.561894E-02   0.239444E-01   0.483064E-02  -0.435098E+02
   0.335870E+02  -0.131848E+01   0.296618E+02   0.249291E+01   0.224481E-01   0.417951E-02   0.561894E-02   0.558574E-02   0.158589E-03  -0.410544E+02
   0.347812E+02  -0.306987E+01   0.291157E+02  -0.457966E+00   0.170169E-01   0.134797E-02   0.320518E-02   0.127550E-01   0.593079E-02  -0.422122E+02
   0.331379E+02  -0.397191E+01   0.284440E+02  -0.384726E+01   0.103841E-01   0.230808E-01   0.295020E-01   0.246866E-02   0.149971E-02  -0.452153E+02
   0.331379E+02  -0.834435E+00   0.284593E+02   0.352209E+01   0.103841E-01   0.441534E-02   0.274165E-01   0.226105E-02   0.107670E-01  -0.431504E+02
   0.344045E+02  -0.297402E+01   0.277697E+02  -0.912836E+00   0.101575E-01   0.748535E-02   0.368086E-01   0.190255E-02   0.587076E-02  -0.437254E+02
   0.327021E+02  -0.979279E+00   0.285779E+02  -0.687553E+00   0.118063E-01   0.145826E-01   0.205287E-01   0.119344E-01   0.298110E-01  -0.450392E+02
   0.330725E+02  -0.249857E+01   0.299077E+02   0.232738E+01   0.277793E-01   0.135700E-02   0.295758E-01   0.556253E-02   0.360716E-02  -0.436127E+02
   0.330725E+02  -0.123127E+01   0.291207E+02  -0.266938E+01   0.516360E-02   0.502798E-02   0.159661E-01   0.205217E-01   0.198947E-01  -0.438935E+02
   0.319843E+02  -0.212328E+01   0.281766E+02  -0.157672E+01   0.192072E-01   0.981643E-02   0.560810E-02   0.127813E-01   0.132292E-01  -0.431354E+02
   0.328299E+02  -0.188636E+00   0.252187E+02   0.185779E+01   0.469612E-01   0.258745E-02   0.543300E-02   0.200926E-02   0.973364E-02  -0.453324E+02
   0.340469E+02  -0.251904E+01   0.301850E+02   0.862325E+00   0.439141E-02   0.122737E-01   0.544139E-02   0.457966E-02   0.714534E-02  -0.420369E+02
   0.335911E+02  -0.356170E+01   0.287438E+02   0.237242E+01   0.131284E-01   0.296340E-02   0.215085E-02   0.263561E-02   0.349022E-02  -0.396367E+02
   0.335911E+02  -0.365647E+01   0.307416E+02  -0.438459E+01   0.284768E-02   0.296340E-02   0.721944E-02   0.946806E-02   0.260452E-01  -0.447868E+02
   0.334137E+02  -0.446948E+00   0.300103E+02  -0.136400E+01   0.375842E-02   0.748938E-02   0.723800E-02   0.156274E-01   0.411737E-02  -0.425625E+02
   0.330616E+02  -0.949343E+00   0.309454E+02   0.426783E+00   0.258454E-01   0.299239E-02   0.144956E-03   0.477788E-03   0.411737E-02  -0.408445E+02
   0.326190E+02   0.157009E+01   0.271248E+02  -0.399351E+01   0.190361E-02   0.184434E-01   0.108938E-01   0.184496E-01   0.190396E-01  -0.464067E+02
   0.327296E+02  -0.715208E+00   0.280045E+02  -0.289579E+01   0.923439E-02   0.331188E-01   0.311490E-02   0.437870E-02   0.154378E-02  -0.418367E+02
   0.322746E+02   0.193825E+01   0.258340E+02  -0.220157E+01   0.270959E-01   0.441090E-01   0.142651E-02   0.310902E-02   0.876321E-02  -0.465936E+02
   0.322381E+02  -0.165099E+01   0.275676E+02   0.809471E+00   0.221386E-01   0.148438E-01   0.131153E-01   0.709033E-02   0.886663E-02  -0.427960E+02
   0.329658E+02  -0.253928E+01   0.274868E+02   0.585902E+01   0.862773E-02   0.937302E-02   0.199561E-01   0.159197E-02   0.725207E-02  -0.438476E+02
   0.325087E+02  -0.253928E+01   0.276084E+02   0.135150E+01   0.182911E-01   0.234317E-01   0.113127E-01   0.747426E-02   0.177222E-01  -0.444326E+02
   0.331543E+02  -0.848472E+00   0.269727E+02  -0.187388E+01   0.359979E-02   0.131490E-02   0.495950E-02   0.563163E-02   0.116695E-01  -0.398865E+02
   0.332848E+02  -0.346866E+00   0.262643E+02   0.936401E+00   0.132293E-01   0.834673E-03   0.737626E-03   0.497591E-02   0.208197E-02  -0.393392E+02
   0.329329E+02  -0.174687E+01   0.277211E+02  -0.110848E+00   0.132293E-01   0.123522E-01   0.737626E-03   0.175170E-01   0.118797E-01  -0.415208E+02
   0.322533E+02  -0.377070E+00   0.269752E+02   0.442304E+00   0.406378E-02   0.147608E-01   0.123391E-01   0.200761E-01   0.742711E-02  -0.430938E+02
   0.349893E+02  -0.387197E+01   0.266026E+02  -0.461291E+01   0.121070E-02   0.206241E-02   0.203742E-02   0.171926E-01   0.109560E-01  -0.443231E+02
   0.322757E+02   0.327192E+00   0.278384E+02   0.282971E+01   0.119770E-01   0.547064E-02   0.203742E-02   0.143670E-01   0.612669E-02  -0.414414E+02
   0.318943E+02   0.720052E+00   0.289039E+02   0.188341E+01   0.607196E-02   0.274842E-01   0.151899E-01   0.267179E-02   0.131817E-01  -0.446810E+02
   0.316496E+02   0.242183E+01   0.273805E+02   0.460172E+01   0.119188E-01   0.859455E-02   0.118986E-01   0.271887E-02   0.937106E-03  -0.444444E+02
   0.315230E+02   0.242605E+01   0.283418E+02   0.206364E+01   0.362244E-01   0.554730E-02   0.681417E-03   0.229071E-01   0.291088E-01  -0.483973E+02
   0.331008E+02  -0.182821E+01   0.275995E+02  -0.314109E+01   0.532147E-03   0.126065E-01   0.760112E-02   0.787014E-02   0.146162E-01  -0.418232E+02
   0.351703E+02  -0.305554E+01   0.286154E+02   0.476583E+01   0.253946E-02   0.840043E-02   0.134627E-01   0.354779E-02   0.157375E-01  -0.468499E+02
   0.330800E+02  -0.175774E+01   0.281846E+02   0.325463E+01   0.109378E-01   0.238667E-01   0.140893E-01   0.496945E-02   0.375608E-02  -0.427870E+02
   0.332482E+02  -0.146513E+01   0.271045E+02   0.165377E+01   0.281040E-03   0.338362E-01   0.384805E-01   0.565116E-02   0.238939E-01  -0.477767E+02
   0.328064E+02  -0.146513E+01   0.233307E+02  -0.303148E+01   0.155854E-01   0.762346E-02   0.367429E-01   0.251548E-02   0.544789E-02  -0.475489E+02
   0.326163E+02   0.472580E+00   0.273215E+02  -0.336209E+01   0.107387E-01   0.449124E-02   0.252979E-02   0.130926E-01   0.210508E-02  -0.406464E+02
   0.330673E+02  -0.407693E+01   0.287443E+02  -0.339746E+01   0.147909E-01   0.303397E-01   0.859552E-02   0.643197E-02   0.128523E-01  -0.455727E+02
   0.330673E+02  -0.295370E+01   0.282965E+02  -0.303927E+01   0.295018E-01   0.182689E-01   0.570857E-02   0.134407E-02   0.160490E-01  -0.436761E+02
   0.330673E+02  -0.297572E+01   0.298013E+02  -0.260626E+01   0.571770E-02   0.309567E-02   0.102026E-01   0.445372E-04   0.765317E-02  -0.405070E+02
   0.337465E+02  -0.144033E+01   0.272261E+02  -0.101680E+01   0.100111E-01   0.120361E-01   0.102026E-01   0.589540E-02   0.677193E-02  -0.413617E+02
   0.335251E+02  -0.192763E+01   0.286928E+02   0.146954E+01   0.178674E-01   0.125781E-01   0.821277E-02   0.736838E-02   0.323715E-02  -0.412093E+02
   0.341334E+02  -0.345578E+01   0.266348E+02   0.141974E+01   0.984137E-02   0.571625E-02   0.127530E-01   0.480186E-01   0.618841E-02  -0.459752E+02
   0.322442E+02   0.176373E+01   0.285395E+02   0.350899E+01   0.297159E-01   0.115657E-01   0.514215E-03   0.168119E-01   0.102255E-01  -0.455053E+02
   0.316704E+02  -0.470046E+00   0.281318E+02   0.182419E+01   0.267472E-01   0.610952E-03   0.216224E-01   0.230054E-01   0.991351E-02  -0.450111E+02
   0.363334E+02  -0.526303E+01   0.306428E+02   0.276415E+01   0.345922E-01   0.293685E-02   0.609751E-02   0.958191E-02   0.408313E-02  -0.497603E+02
   0.342288E+02  -0.266764E+01   0.244821E+02   0.604796E+00   0.582586E-02   0.624593E-02   0.609751E-02   0.247964E-02   0.146811E-01  -0.433921E+02
   0.317740E+02   0.664323E+00   0.283601E+02  -0.841227E+00   0.242972E-02   0.552662E-02   0.310300E-01   0.699488E-02   0.508606E-02  -0.431304E+02
   0.322729E+02  -0.361365E+00   0.286111E+02  -0.939395E+00   0.573617E-02   0.210508E-01   0.732815E-02   0.105745E-01   0.488788E-02  -0.419200E+02
   0.325986E+02  -0.157692E+01   0.269900E+02  -0.247328E+01   0.844834E-02   0.101617E-01   0.548519E-02   0.230726E-02   0.203303E-01  -0.415733E+02
   0.329146E+02  -0.193787E+01   0.283967E+02  -0.233863E+01   0.130410E-02   0.788307E-02   0.168716E-02   0.661461E-02   0.163478E-01  -0.406097E+02
   0.332825E+02  -0.341584E+01   0.323694E+02  -0.357290E-01   0.132118E-01   0.442474E-02   0.732059E-02   0.402792E-02   0.148144E-01  -0.442810E+02
   0.335552E+02  -0.210022E+01   0.289822E+02  -0.393381E+01   0.182964E-01   0.213500E-02   0.124663E-01   0.598132E-02   0.178647E-01  -0.425682E+02
   0.327378E+02  -0.235387E+01   0.269327E+02   0.868200E+00   0.505645E-03   0.687656E-02   0.461865E-02   0.111417E-01   0.179165E-01  -0.417930E+02
   0.327620E+02  -0.938877E+00   0.243673E+02  -0.557329E+01   0.296739E-02   0.379908E-02   0.608117E-02   0.402517E-02   0.253870E-02  -0.431518E+02
   0.324420E+02   0.484885E+00   0.280845E+02  -0.706859E+01   0.230526E-02   0.635243E-02   0.608198E-03   0.239036E-02   0.605814E-02  -0.420056E+02
   0.321369E+02  -0.733301E+00   0.278242E+02  -0.104206E+01   0.381104E-02   0.105751E-01   0.102186E-01   0.655133E-02   0.654607E-02  -0.408898E+02
   0.340305E+02  -0.733301E+00   0.275342E+02   0.170220E+00   0.157813E-02   0.610890E-02   0.152221E-02   0.665644E-03   0.225154E-01  -0.421043E+02
   0.325065E+02   0.742131E-01   0.296372E+02   0.307244E+01   0.313941E-02   0.230739E-01   0.162305E-01   0.133835E-01   0.670388E-02  -0.451089E+02
   0.330973E+02   0.702075E-01   0.282138E+02  -0.191307E+01   0.502915E-02   0.360034E-01   0.110034E-01   0.464478E-03   0.446814E-02  -0.433221E+02
   0.339572E+02  -0.116625E+01   0.274647E+02   0.163551E+01   0.122334E-01   0.922539E-02   0.110431E-01   0.122177E-01   0.304380E-01  -0.451184E+02
   0.340788E+02  -0.214473E+01   0.250836E+02  -0.274309E+01   0.138926E-01   0.531791E-02   0.434151E-02   0.979810E-02   0.423559E-02  -0.422285E+02
   0.326505E+02  -0.145562E+01   0.320407E+02   0.367661E+00   0.262307E-02   0.132965E-01   0.814573E-02   0.170543E-01   0.359243E-02  -0.444502E+02
   0.326601E+02  -0.769309E-01   0.250284E+02  -0.506262E+01   0.728603E-02   0.270779E-01   0.217845E-01   0.317879E-02   0.359243E-02  -0.458477E+02
   0.324603E+02  -0.264896E+01   0.290582E+02  -0.289294E+01   0.280607E-01   0.455729E-02   0.137810E-01   0.651790E-02   0.371765E-02  -0.427041E+02
   0.328091E+02   0.138965E+00   0.262352E+02  -0.219621E+01   0.340927E-02   0.213804E-02   0.871950E-02   0.105255E-03   0.388940E-02  -0.396956E+02
   0.317534E+02   0.158333E+01   0.272327E+02  -0.394262E+01   0.482081E-02   0.599480E-02   0.185956E-01   0.809895E-02   0.571525E-02  -0.434697E+02
   0.335078E+02   0.476836E+00   0.258744E+02   0.222241E+00   0.176578E-01   0.285382E-01   0.498989E-01   0.337449E-04   0.308968E-02  -0.479354E+02
   0.335366E+02  -0.212861E+01   0.288482E+02   0.608550E+01   0.144056E-01   0.244099E-01   0.128220E-02   0.260090E-01   0.308968E-02  -0.460348E+02
   0.328547E+02   0.183384E+00   0.296258E+02   0.347496E+01   0.266800E-01   0.150754E-01   0.132126E-01   0.621610E-02   0.215878E-02  -0.442094E+02
   0.336216E+02  -0.344863E+01   0.285441E+02   0.175756E+00   0.116600E-01   0.699880E-02   0.811158E-02   0.548856E-02   0.950603E-02  -0.409063E+02
   0.315205E+02  -0.325102E+00   0.260535E+02  -0.568006E+00   0.216598E-01   0.558029E-02   0.555262E-04   0.135582E-01   0.106696E-01  -0.427898E+02
   0.330155E+02  -0.231413E-01   0.288128E+02   0.138514E+01   0.257715E-01   0.428121E-02   0.127972E-01   0.527199E-02   0.770917E-02  -0.421444E+02
   0.330264E+02  -0.437605E+01   0.280903E+02  -0.158920E+00   0.310453E-01   0.428121E-02   0.126119E-01   0.259961E-02   0.122039E-02  -0.428586E+02
   0.330264E+02  -0.279362E+00   0.322549E+02   0.165868E+01   0.113314E-01   0.246815E-02   0.261867E-02   0.547724E-02   0.122039E-02  -0.431513E+02
   0.353294E+02  -0.605226E+01   0.278847E+02   0.159962E+01   0.148924E-01   0.669397E-03   0.138898E-01   0.195065E-01   0.166670E-02  -0.455015E+02
   0.343089E+02  -0.331971E+01   0.304858E+02  -0.346003E+01   0.194979E-01   0.640920E-02   0.886977E-02   0.400332E-02   0.115160E-02  -0.425890E+02
   0.334114E+02  -0.268580E+01   0.277637E+02   0.203132E+01   0.910622E-02   0.191739E-01   0.216110E-01   0.392434E-02   0.390208E-02  -0.426367E+02
   0.319033E+02  -0.468331E+00   0.314878E+02   0.765790E+00   0.222399E-03   0.112618E-01   0.377372E-03   0.664641E-02   0.865319E-03  -0.420449E+02
   0.331751E+02  -0.577627E+00   0.239935E+02  -0.442022E+01   0.262896E-01   0.864907E-02   0.549614E-02   0.296798E-02   0.493446E-02  -0.444187E+02
   0.321024E+02  -0.257895E+01   0.285507E+02  -0.149813E+01   0.882362E-03   0.982171E-02   0.292317E-02   0.520288E-04   0.111158E-02  -0.401641E+02
   0.341277E+02  -0.225183E+01   0.272362E+02  -0.214720E+01   0.286734E-01   0.182943E-02   0.366912E-02   0.124895E-03   0.358917E-02  -0.403487E+02
   0.319490E+02   0.113480E+01   0.272362E+02  -0.581349E+01   0.932889E-03   0.577290E-02   0.161561E-01   0.327609E-02   0.358917E-02  -0.430130E+02
   0.331119E+02  -0.171226E+01   0.293976E+02   0.345731E+01   0.540655E-02   0.975417E-02   0.560324E-02   0.133711E-01   0.126016E-02  -0.415473E+02
   0.335632E+02  -0.353414E+01   0.297239E+02   0.932132E+00   0.506041E-02   0.105488E-01   0.546740E-03   0.245046E-02   0.126016E-02  -0.398275E+02
   0.334260E+02  -0.623843E-01   0.262177E+02  -0.530113E+00   0.904342E-02   0.378285E-02   0.147314E-01   0.209379E-01   0.821737E-03  -0.426760E+02
   0.340964E+02  -0.204711E+01   0.288450E+02  -0.121245E+00   0.174799E-01   0.324079E-02   0.870360E-02   0.204595E-01   0.145803E-01  -0.433365E+02
   0.330669E+02  -0.279086E-01   0.280092E+02   0.101584E+01   0.243586E-02   0.103043E-01   0.211310E-04   0.270093E-01   0.201867E-01  -0.438413E+02
   0.331408E+02  -0.275067E+01   0.285395E+02   0.281147E+01   0.203130E-01   0.195604E-01   0.626268E-03   0.453698E-02   0.126232E-02  -0.411942E+02
   0.330466E+02  -0.122652E+01   0.258436E+02   0.158380E+01   0.198867E-01   0.144752E-01   0.127646E-01   0.383092E-02   0.366606E-02  -0.421628E+02
   0.313150E+02  -0.940862E+00   0.291167E+02   0.296196E+01   0.168999E-01   0.107950E-02   0.685516E-02   0.729231E-02   0.366606E-02  -0.421615E+02
   0.325968E+02   0.184388E+00   0.242384E+02  -0.161835E+01   0.545964E-02   0.162618E-02   0.117485E-01   0.965224E-02   0.266345E-02  -0.426315E+02
   0.323488E+02  -0.329164E+01   0.282947E+02   0.247565E+00   0.145490E-02   0.420600E-03   0.136771E-01   0.123428E-01   0.266345E-02  -0.419213E+02
   0.316340E+02  -0.111664E+01   0.287202E+02  -0.683627E+00   0.107048E-01   0.335798E-02   0.296671E-01   0.700497E-03   0.628113E-02  -0.426085E+02
   0.354076E+02  -0.481903E+01   0.268810E+02  -0.175066E+01   0.100332E-01   0.155260E-04   0.298961E-02   0.700497E-03   0.200571E-01  -0.436765E+02
   0.350859E+02  -0.229154E+01   0.313657E+02  -0.170359E+01   0.371444E-01   0.100961E-01   0.159955E-01   0.777164E-03   0.171189E-02  -0.476952E+02
   0.330449E+02  -0.139692E+01   0.291333E+02  -0.240195E+01   0.632926E-02   0.146005E-01   0.248250E-03   0.231207E-01   0.539612E-03  -0.414981E+02
   0.322857E+02  -0.138983E+01   0.258835E+02  -0.207276E+01   0.124594E-01   0.114818E-01   0.173620E-02   0.418163E-02   0.520007E-02  -0.410255E+02
   0.326702E+02   0.701878E+00   0.271860E+02  -0.112236E+01   0.164142E-01   0.268138E-01   0.480325E-02   0.122330E-02   0.441248E-03  -0.417441E+02
   0.316833E+02   0.701878E+00   0.271860E+02   0.273055E+01   0.438452E-02   0.135996E-02   0.641177E-02   0.832677E-02   0.161769E-03  -0.407615E+02
   0.323652E+02  -0.192468E+01   0.286818E+02  -0.295365E+00   0.438452E-02   0.373542E-02   0.172744E-01   0.172883E-01   0.193857E-01  -0.433717E+02
   0.323652E+02  -0.813786E-01   0.288880E+02  -0.872366E+00   0.178525E-01   0.214852E-03   0.371386E-01   0.963731E-02   0.503548E-02  -0.432810E+02
   0.323979E+02   0.269060E+00   0.277948E+02   0.109692E+01   0.275887E-01   0.329287E-01   0.305056E-02   0.458669E-02   0.880114E-02  -0.439042E+02
   0.321983E+02   0.260435E+00   0.295390E+02  -0.570477E+01   0.815949E-02   0.638156E-02   0.288815E-01   0.877235E-02   0.783623E-02  -0.452207E+02
   0.316109E+02   0.190572E+01   0.269546E+02   0.203558E+01   0.161529E-01   0.685620E-02   0.227272E-02   0.727863E-02   0.195027E-02  -0.420174E+02
   0.337545E+02  -0.833167E+00   0.251712E+02   0.288475E+01   0.315338E-02   0.875794E-02   0.433021E-02   0.530898E-02   0.249840E-02  -0.423051E+02
   0.325160E+02  -0.387408E+00   0.298905E+02   0.277540E+01   0.607197E-02   0.774658E-02   0.187834E-03   0.105323E-01   0.314159E-02  -0.410575E+02
   0.343913E+02  -0.112411E+00   0.231401E+02   0.251340E+01   0.250643E-01   0.387602E-02   0.256555E-01   0.251891E-02   0.340739E-02  -0.486797E+02
   0.340913E+02  -0.349189E+00   0.274904E+02  -0.268517E+01   0.261016E-01   0.183353E-01   0.143003E-01   0.570777E-02   0.267985E-02  -0.443227E+02
   0.331838E+02  -0.146927E+01   0.288195E+02  -0.118664E+01   0.109985E-01   0.114402E-01   0.217201E-02   0.278986E-02   0.109927E-01  -0.401943E+02
   0.327069E+02  -0.255853E+01   0.263839E+02   0.622087E+01   0.287586E-01   0.481151E-02   0.162329E-02   0.447608E-02   0.800534E-02  -0.442100E+02
   0.327069E+02  -0.255853E+01   0.288790E+02   0.734563E+00   0.195170E-01   0.244388E-02   0.162329E-02   0.644148E-02   0.180854E-02  -0.394357E+02
   0.336067E+02  -0.368989E+01   0.294365E+02   0.105100E+01   0.356812E-01   0.661578E-02   0.429420E-01   0.181028E-01   0.114712E-02  -0.475559E+02
   0.336810E+02  -0.804510E+00   0.278564E+02   0.244354E+01   0.252125E-01   0.661578E-02   0.996402E-02   0.376223E-02   0.114712E-02  -0.415912E+02
   0.336810E+02  -0.416674E+01   0.291847E+02  -0.436311E-01   0.127750E-01   0.592592E-02   0.858310E-02   0.110569E-01   0.114712E-02  -0.413236E+02
   0.337757E+02  -0.462182E+01   0.273866E+02  -0.143814E+01   0.154766E-01   0.467880E-02   0.365271E-02   0.228829E-01   0.123769E-02  -0.426061E+02
   0.340101E+02  -0.232592E+01   0.287614E+02  -0.192504E+01   0.681329E-02   0.467880E-02   0.778135E-03   0.537957E-02   0.319160E-03  -0.392899E+02
   0.337019E+02  -0.232592E+01   0.278943E+02  -0.239531E+01   0.133562E-01   0.150615E-02   0.158074E-01   0.472616E-02   0.266759E-02  -0.403138E+02
   0.347925E+02  -0.420328E+01   0.283986E+02  -0.680515E+01   0.962979E-02   0.498784E-02   0.175287E-01   0.572401E-03   0.386121E-03  -0.444504E+02
   0.330088E+02   0.902308E+00   0.256738E+02   0.429026E+00   0.281782E-01   0.773253E-02   0.357902E-01   0.572401E-03   0.208950E-02  -0.449804E+02
   0.325331E+02   0.902308E+00   0.282763E+02   0.169009E+01   0.371272E-02   0.776289E-03   0.147382E-01   0.760175E-02   0.240667E-02  -0.413606E+02
   0.317885E+02   0.559237E+00   0.287730E+02  -0.393686E+01   0.770900E-03   0.176190E-02   0.823107E-03   0.384537E-01   0.993370E-02  -0.441370E+02
   0.319479E+02   0.200008E+00   0.302996E+02   0.959674E-01   0.166847E-01   0.191014E-02   0.154962E-01   0.257651E-01   0.449023E-02  -0.440518E+02
   0.336990E+02  -0.479845E+01   0.288213E+02   0.135951E+01   0.632902E-02   0.178325E-02   0.376881E-02   0.110989E-01   0.877941E-03  -0.410525E+02
   0.310554E+02  -0.172023E+01   0.260087E+02  -0.183861E+01   0.205775E-02   0.123705E-01   0.125307E-01   0.669096E-02   0.389308E-02  -0.460506E+02
   0.335680E+02  -0.219098E+00   0.246987E+02  -0.167842E+01   0.129899E-01   0.774094E-02   0.221678E-02   0.286514E-02   0.888405E-03  -0.413970E+02
   0.336385E+02  -0.219098E+00   0.273153E+02   0.912966E+00   0.171958E-01   0.302536E-01   0.383992E-02   0.795301E-02   0.121301E-01  -0.443734E+02
   0.333657E+02  -0.222024E+01   0.301165E+02  -0.452596E+01   0.310963E-01   0.691529E-02   0.804206E-02   0.175708E-01   0.636208E-02  -0.447474E+02
   0.315703E+02  -0.118301E+00   0.267793E+02  -0.277529E+01   0.195034E-01   0.904838E-02   0.383324E-02   0.712145E-01   0.734922E-03  -0.479414E+02
   0.324947E+02  -0.118301E+00   0.298450E+02  -0.513256E+00   0.159833E-01   0.310683E-01   0.381083E-02   0.521332E-01   0.734922E-03  -0.473034E+02
   0.313907E+02   0.716669E+00   0.268758E+02   0.458535E+01   0.346463E-01   0.729227E-02   0.293266E-02   0.176251E-02   0.859831E-02  -0.446534E+02
   0.316140E+02   0.284222E+01   0.282310E+02  -0.750715E+00   0.127066E-01   0.166263E-01   0.471218E-02   0.978573E-02   0.171932E-01  -0.456853E+02
   0.313966E+02  -0.118142E+01   0.312453E+02  -0.186515E+01   0.136449E-01   0.954821E-02   0.411295E-02   0.759921E-02   0.987471E-03  -0.433685E+02
   0.326640E+02  -0.218506E+01   0.283088E+02  -0.442093E+01   0.218900E-01   0.254761E-01   0.180693E-02   0.201971E-02   0.987471E-03  -0.422457E+02
   0.324000E+02   0.820667E+00   0.283088E+02  -0.122513E+01   0.100636E-01   0.233025E-01   0.371393E-01   0.175576E-02   0.321932E-01  -0.477501E+02
   0.330643E+02  -0.135511E+01   0.286443E+02   0.272743E+01   0.162737E-01   0.175126E-01   0.906979E-02   0.175576E-02   0.187470E-02  -0.412368E+02
   0.323591E+02  -0.130565E+01   0.301646E+02  -0.149235E+01   0.875080E-02   0.273615E-01   0.311995E-02   0.220043E-01   0.419522E-02  -0.439823E+02
   0.320769E+02  -0.302381E+00   0.296246E+02  -0.256783E+01   0.244553E-01   0.435039E-02   0.311995E-02   0.549374E-02   0.300636E-01  -0.435902E+02
   0.320769E+02  -0.290119E+01   0.272690E+02  -0.141843E+01   0.118017E-01   0.315079E-03   0.351639E-02   0.149095E-01   0.159082E-01  -0.431206E+02
   0.319350E+02   0.424908E+00   0.273474E+02   0.161539E+00   0.128300E-01   0.662728E-03   0.345632E-01   0.332229E-02   0.238766E-02  -0.422668E+02
   0.322101E+02  -0.924606E-01   0.294839E+02  -0.929990E-02   0.973011E-02   0.294739E-02   0.820291E-02   0.332229E-02   0.164325E-01  -0.412371E+02
   0.329800E+02  -0.924606E-01   0.278439E+02   0.823160E+00   0.403597E-02   0.294739E-02   0.911146E-02   0.335301E-02   0.122362E-01  -0.406343E+02
   0.320582E+02   0.948393E+00   0.269407E+02   0.678338E-01   0.277962E-02   0.245231E-02   0.154461E-01   0.807888E-02   0.479620E-02  -0.414453E+02
   0.320582E+02  -0.311288E+00   0.240436E+02   0.149422E+00   0.184908E-01   0.146956E-01   0.543486E-02   0.156785E-02   0.104482E-01  -0.442696E+02
   0.330330E+02  -0.121615E+01   0.269168E+02   0.745244E+00   0.147702E-01   0.606119E-02   0.446706E-01   0.130324E-02   0.912241E-02  -0.437412E+02
   0.316650E+02  -0.120916E+01   0.277018E+02  -0.289575E+01   0.312054E-02   0.322808E-02   0.785402E-02   0.139260E-02   0.183800E-01  -0.420710E+02
   0.347247E+02  -0.431092E+01   0.272050E+02   0.528296E+00   0.174836E-01   0.672422E-02   0.914397E-02   0.124525E-01   0.163667E-01  -0.441718E+02
   0.344667E+02  -0.517444E+01   0.262154E+02   0.180364E+00   0.184416E-01   0.601751E-02   0.292617E-01   0.109785E-02   0.538761E-02  -0.449125E+02
   0.320766E+02  -0.210110E+00   0.270716E+02  -0.402791E+01   0.258127E-01   0.515710E-02   0.620590E-02   0.354466E-02   0.538761E-02  -0.416387E+02
   0.324094E+02  -0.189915E+01   0.291149E+02  -0.311506E+01   0.165271E-02   0.573207E-02   0.284196E-02   0.639280E-02   0.242030E-02  -0.399114E+02
   0.320633E+02  -0.216509E+01   0.299550E+02  -0.212503E+00   0.995886E-02   0.159884E-02   0.433895E-03   0.169696E-01   0.152648E-01  -0.423199E+02
   0.329001E+02   0.546466E-02   0.282787E+02   0.446718E+00   0.121021E-01   0.159884E-02   0.146515E-01   0.750765E-03   0.861290E-03  -0.397693E+02
   0.315888E+02  -0.924634E+00   0.259369E+02  -0.306849E+01   0.505306E-02   0.909784E-02   0.258345E-01   0.240022E-02   0.120838E-01  -0.450330E+02
   0.314082E+02  -0.117590E+01   0.278777E+02   0.431995E+01   0.105673E-02   0.446971E-02   0.191582E-02   0.672093E-02   0.124766E-01  -0.430619E+02
   0.337981E+02  -0.117590E+01   0.262719E+02  -0.402839E+00   0.223956E-02   0.903404E-02   0.344597E-02   0.125055E-02   0.497798E-02  -0.402242E+02
   0.338006E+02  -0.467327E+01   0.297479E+02  -0.328399E+01   0.670593E-03   0.753572E-02   0.116159E-01   0.123833E-01   0.431489E-03  -0.430889E+02
   0.356008E+02  -0.574914E+01   0.287376E+02   0.589220E+01   0.235528E-01   0.104054E-01   0.190992E-01   0.142413E-01   0.431489E-03  -0.495261E+02
   0.343772E+02  -0.315782E+01   0.252715E+02   0.325709E+00   0.100838E-01   0.134752E-01   0.453198E-02   0.849423E-02   0.175523E-01  -0.442118E+02
   0.333725E+02  -0.332045E+01   0.262352E+02   0.325709E+00   0.268619E-01   0.571666E-02   0.107197E-01   0.100602E-01   0.206455E-01  -0.442314E+02
   0.331336E+02  -0.168381E+01   0.296689E+02  -0.226662E+01   0.296154E-01   0.498987E-02   0.858120E-02   0.717159E-03   0.218032E-01  -0.429501E+02
   0.331914E+02  -0.372657E+01   0.289255E+02   0.219828E+01   0.656973E-02   0.498987E-02   0.112390E-01   0.771697E-02   0.101176E-01  -0.420240E+02
   0.335400E+02  -0.167064E+01   0.267871E+02   0.721355E+00   0.735117E-02   0.122383E-01   0.760407E-02   0.165429E-02   0.152211E-01  -0.413919E+02
   0.337073E+02  -0.296702E+01   0.276250E+02  -0.355392E+00   0.106878E-01   0.104773E-01   0.176419E-02   0.819073E-02   0.397058E-02  -0.400890E+02
   0.336659E+02  -0.149670E+01   0.300068E+02  -0.141885E+01   0.218791E-01   0.125304E-01   0.238134E-02   0.196018E-02   0.397058E-02  -0.412666E+02
   0.340483E+02  -0.370248E+01   0.268079E+02  -0.532424E+01   0.435039E-02   0.146115E-01   0.238134E-02   0.668246E-02   0.388631E-02  -0.428493E+02
   0.345297E+02  -0.312660E+01   0.291715E+02  -0.116332E+01   0.104352E-01   0.120461E-01   0.114247E-01   0.951946E-02   0.103322E-02  -0.425479E+02
   0.336300E+02  -0.252962E+01   0.310051E+02  -0.404879E-01   0.870465E-02   0.106082E-02   0.360091E-01   0.285395E-01   0.808441E-05  -0.457990E+02
   0.329874E+02  -0.252962E+01   0.283744E+02   0.390622E+01   0.866170E-02   0.126703E-01   0.290381E-02   0.248530E-01   0.592715E-02  -0.432075E+02
   0.333077E+02  -0.284555E+01   0.295665E+02  -0.301247E+00   0.453701E-02   0.691743E-02   0.914470E-03   0.763450E-02   0.339872E-01  -0.427223E+02
   0.340936E+02  -0.419880E+01   0.290781E+02  -0.265123E+01   0.327969E-02   0.223096E-02   0.888447E-02   0.113418E-02   0.128097E-01  -0.414406E+02
   0.327843E+02  -0.419880E+01   0.290162E+02  -0.527398E+01   0.916101E-02   0.223096E-02   0.154395E-02   0.377234E-02   0.283795E-02  -0.425580E+02
   0.330842E+02  -0.237856E+01   0.290504E+02  -0.289805E+01   0.394032E-02   0.428798E-03   0.359662E-02   0.213768E-01   0.126454E-01  -0.416019E+02
   0.327084E+02  -0.278861E+01   0.297748E+02  -0.149348E+01   0.355158E-02   0.428798E-03   0.108746E-01   0.197680E-02   0.196309E-01  -0.415699E+02
   0.335575E+02  -0.537968E+01   0.268097E+02   0.628886E+00   0.105226E-01   0.680977E-03   0.310539E-02   0.227808E-02   0.423384E-02  -0.419641E+02
   0.334275E+02  -0.129813E+01   0.276957E+02  -0.309866E+01   0.762898E-02   0.110521E-01   0.272002E-01   0.302878E-02   0.103750E-01  -0.429823E+02
   0.326580E+02   0.351038E+00   0.265425E+02   0.170912E+01   0.374126E-01   0.202742E-01   0.539684E-02   0.741765E-02   0.139451E-01  -0.454755E+02
   0.331095E+02   0.746921E-01   0.245567E+02   0.597840E+00   0.390097E-01   0.435933E-02   0.374529E-02   0.611209E-02   0.217267E-01  -0.459875E+02
   0.331196E+02  -0.171550E+01   0.283529E+02   0.167338E+01   0.101524E-02   0.570153E-03   0.292281E-02   0.559579E-02   0.448487E-01  -0.428119E+02
   0.330243E+02  -0.101471E+01   0.278062E+02   0.402122E+01   0.257239E-01   0.159857E-02   0.377709E-02   0.766631E-02   0.315751E-02  -0.411121E+02
   0.329984E+02  -0.313571E+01   0.299212E+02   0.191805E+01   0.870510E-02   0.357843E-02   0.543937E-02   0.278526E-02   0.946321E-04  -0.398304E+02
   0.314176E+02   0.449623E+00   0.283853E+02  -0.207522E+01   0.135444E-01   0.102878E-01   0.132768E-01   0.657972E-02   0.152338E-01  -0.435428E+02
   0.323426E+02  -0.237294E+01   0.297874E+02  -0.125294E+01   0.237872E-01   0.427911E-02   0.342218E-01   0.497112E-02   0.125884E-01  -0.448657E+02
   0.332388E+02  -0.223733E+01   0.329158E+02  -0.240593E+01   0.305408E-01   0.207481E-01   0.661929E-02   0.660314E-02   0.676898E-02  -0.475675E+02
   0.328432E+02  -0.127582E+01   0.324353E+02  -0.187184E+01   0.559723E-02   0.153607E-01   0.661929E-02   0.245113E-01   0.383984E-03  -0.457570E+02
   0.323806E+02   0.313490E+00   0.267098E+02  -0.479769E-01   0.518398E-02   0.832531E-02   0.279235E-02   0.450486E-02   0.748885E-02  -0.402354E+02
   0.319562E+02   0.313490E+00   0.261225E+02  -0.521339E+00   0.136849E-01   0.848416E-03   0.118859E-01   0.144942E-01   0.108291E-01  -0.424308E+02
   0.315348E+02   0.525999E+00   0.285974E+02  -0.117412E+01   0.232639E-03   0.860456E-03   0.176561E-01   0.139383E-01   0.373475E-01  -0.455368E+02
   0.322936E+02   0.183867E+01   0.263766E+02   0.594519E+00   0.474156E-02   0.111186E-01   0.616829E-02   0.502200E-03   0.826424E-02  -0.422521E+02
   0.349125E+02  -0.185038E+01   0.284103E+02  -0.410688E+00   0.104148E-02   0.243226E-01   0.122945E-01   0.986313E-02   0.345123E-04  -0.454131E+02
   0.338866E+02  -0.251496E+01   0.271106E+02   0.512038E+00   0.967492E-02   0.288301E-02   0.317977E-02   0.568519E-02   0.153956E-02  -0.392173E+02
   0.344218E+02  -0.231930E+01   0.299986E+02   0.250859E+00   0.143872E-01   0.635882E-02   0.559580E-02   0.133951E-01   0.383517E-02  -0.428304E+02
   0.339587E+02  -0.322072E+01   0.247126E+02  -0.134118E+01   0.353348E-02   0.313667E-02   0.569752E-03   0.358156E-02   0.204073E-02  -0.409557E+02
   0.354771E+02  -0.100784E+01   0.249232E+02  -0.149180E+01   0.168741E-01   0.771649E-01   0.415616E-02   0.131147E-01   0.632106E-02  -0.546725E+02
   0.321172E+02  -0.125766E+01   0.285347E+02  -0.461238E+01   0.101445E-01   0.102896E-02   0.135641E-01   0.180876E-01   0.172345E-01  -0.439571E+02
   0.342953E+02  -0.945667E+00   0.296554E+02   0.105369E+01   0.408185E-01   0.588574E-03   0.191590E-01   0.536540E-02   0.391134E-01  -0.490138E+02
   0.347135E+02  -0.146454E+01   0.270055E+02  -0.481867E+01   0.293673E-01   0.464087E-02   0.378648E-02   0.350938E-02   0.124886E-01  -0.443829E+02
   0.320803E+02   0.234083E+00   0.301796E+02   0.340428E+01   0.501560E-02   0.817680E-02   0.193903E-02   0.178946E-02   0.118851E-01  -0.422404E+02
   0.328348E+02  -0.302831E+00   0.283549E+02  -0.127434E+01   0.133301E-01   0.828511E-02   0.108316E-01   0.957609E-03   0.171820E-01  -0.414193E+02
   0.329980E+02  -0.224634E+01   0.292725E+02   0.759882E+00   0.124165E-01   0.106561E-01   0.460857E-02   0.706843E-02   0.167841E-01  -0.416098E+02
   0.331321E+02  -0.224634E+01   0.297832E+02   0.143057E-01   0.215889E-01   0.793186E-02   0.728365E-02   0.256625E-02   0.484944E-02  -0.406682E+02
   0.355290E+02  -0.475421E+01   0.265988E+02   0.860538E+00   0.303835E-01   0.793186E-02   0.625878E-03   0.775879E-02   0.434849E-02  -0.448476E+02
   0.337126E+02  -0.306172E+01   0.277106E+02  -0.635723E+01   0.289113E-01   0.219052E-01   0.625878E-03   0.983741E-02   0.608871E-02  -0.452694E+02
   0.314440E+02  -0.157269E+01   0.273493E+02  -0.500416E+01   0.268751E-01   0.775383E-02   0.625878E-03   0.242380E-01   0.344319E-02  -0.457558E+02
   0.330454E+02  -0.208993E+01   0.280973E+02  -0.320912E+01   0.265542E-01   0.977069E-02   0.781316E-02   0.152646E-01   0.344319E-02  -0.424238E+02
   0.325668E+02  -0.208920E+01   0.285056E+02  -0.374968E+01   0.306672E-03   0.250590E-01   0.177819E-02   0.260802E-02   0.127926E-01  -0.424310E+02
   0.329557E+02  -0.555288E+00   0.285429E+02  -0.411622E+01   0.125551E-01   0.492610E-02   0.924318E-03   0.533027E-02   0.377235E-02  -0.398966E+02
   0.332991E+02  -0.243834E+00   0.269706E+02  -0.163335E+01   0.304517E-02   0.397594E-03   0.901479E-02   0.408403E-02   0.517883E-02  -0.398957E+02
   0.332991E+02  -0.243125E+01   0.295890E+02   0.163140E+01   0.229123E-01   0.177368E-01   0.671056E-02   0.361388E-01   0.115270E-01  -0.459150E+02
   0.316716E+02  -0.186211E+01   0.288345E+02   0.110023E+01   0.222075E-01   0.186349E-02   0.113825E-01   0.340495E-02   0.216343E-01  -0.435222E+02
   0.328365E+02  -0.442741E+01   0.289120E+02   0.241574E+01   0.173052E-01   0.166852E-01   0.127789E-02   0.507489E-02   0.925871E-02  -0.437195E+02
   0.335482E+02  -0.220426E+01   0.260842E+02  -0.327302E+01   0.175407E-02   0.778499E-02   0.933698E-02   0.423919E-02   0.448084E-02  -0.410357E+02
   0.326616E+02  -0.533917E+00   0.277016E+02   0.209990E+01   0.238337E-02   0.419549E-02   0.166284E-01   0.217539E-01   0.136098E-01  -0.433493E+02
   0.329098E+02  -0.215077E+01   0.297423E+02  -0.192952E+01   0.802925E-02   0.217883E-01   0.328519E-02   0.811940E-02   0.372357E-02  -0.416075E+02
   0.323685E+02  -0.152690E+01   0.281428E+02   0.214463E+00   0.235292E-01   0.155012E-02   0.190538E-02   0.343405E-01   0.126598E-01  -0.432422E+02
   0.328945E+02  -0.152690E+01   0.305929E+02  -0.132292E+00   0.270931E-02   0.362688E-02   0.126697E-01   0.220208E-02   0.337846E-01  -0.436274E+02
   0.327821E+02   0.176332E+01   0.285062E+02   0.259631E+01   0.109802E-01   0.941498E-02   0.113261E-02   0.125539E-01   0.148166E-01  -0.446554E+02
   0.326531E+02  -0.117001E+01   0.305303E+02  -0.400876E+01   0.404691E-02   0.112304E-02   0.113261E-02   0.441256E-02   0.306006E-01  -0.429341E+02
   0.326531E+02   0.173049E+00   0.285937E+02  -0.300707E+01   0.157662E-01   0.112304E-02   0.285878E-02   0.293982E-02   0.311072E-02  -0.394270E+02
   0.324925E+02  -0.162670E+01   0.261619E+02  -0.305895E+00   0.135195E-01   0.278145E-02   0.114169E-01   0.110134E-01   0.581356E-03  -0.407681E+02
   0.339897E+02  -0.124385E+01   0.260935E+02  -0.278040E+01   0.417114E-01   0.702190E-02   0.428845E-01   0.924114E-02   0.198558E-02  -0.480987E+02
   0.331868E+02  -0.271913E+01   0.287352E+02  -0.499153E+01   0.149607E-01   0.917552E-02   0.219679E-02   0.274961E-03   0.111433E-01  -0.414069E+02
   0.313859E+02   0.149280E+01   0.287352E+02  -0.437556E+00   0.885535E-02   0.520496E-02   0.126615E-01   0.109998E-01   0.140906E-02  -0.424670E+02
   0.324676E+02   0.159896E+01   0.271341E+02   0.282537E+01   0.247586E-01   0.126764E-01   0.233909E-01   0.463543E-02   0.302085E-01  -0.476700E+02
   0.322925E+02   0.499988E+00   0.287346E+02   0.102279E+01   0.132147E-01   0.630679E-02   0.165206E-02   0.319224E-02   0.108514E-01  -0.405895E+02
   0.332551E+02   0.369546E+00   0.278746E+02  -0.615745E+01   0.408432E-02   0.308447E-03   0.759323E-02   0.572680E-02   0.198179E-01  -0.435903E+02
   0.332832E+02  -0.537990E+01   0.286596E+02  -0.648300E+01   0.202748E-01   0.305684E-02   0.486480E-02   0.832355E-02   0.125338E-01  -0.470766E+02
   0.328184E+02  -0.214046E+01   0.292244E+02  -0.195262E+01   0.318968E-01   0.238102E-01   0.140520E-02   0.202485E-02   0.760443E-02  -0.429400E+02
   0.331651E+02  -0.336348E+00   0.276034E+02  -0.669035E+01   0.964510E-02   0.178755E-02   0.303066E-02   0.753097E-02   0.493464E-02  -0.417482E+02
   0.320433E+02   0.321107E+00   0.269696E+02  -0.608091E+00   0.201276E-01   0.156437E-02   0.268144E-02   0.570426E-02   0.154999E-01  -0.409939E+02
   0.323081E+02   0.114540E+00   0.257020E+02  -0.750299E+00   0.196699E-01   0.165322E-01   0.182924E-01   0.156695E-01   0.220685E-03  -0.439734E+02
   0.328065E+02  -0.158236E+01   0.284523E+02   0.136991E+01   0.921009E-02   0.101884E-02   0.124778E-01   0.423917E-01   0.210425E-01  -0.451025E+02
   0.327563E+02  -0.807658E+00   0.269333E+02  -0.402963E+01   0.208266E-01   0.391724E-01   0.155995E-02   0.727031E-02   0.132869E-01  -0.448590E+02
   0.334268E+02  -0.215417E+01   0.257643E+02  -0.140592E+01   0.523317E-02   0.202642E-02   0.541402E-02   0.357261E-02   0.109042E-01  -0.403868E+02
   0.322790E+02   0.193910E+01   0.257879E+02  -0.213776E+01   0.287883E-01   0.267761E-02   0.605384E-03   0.467390E-02   0.169905E-01  -0.435362E+02
   0.319001E+02  -0.923760E+00   0.249055E+02  -0.238181E+01   0.188809E-01   0.199493E-01   0.952691E-02   0.307330E-02   0.102612E-01  -0.449266E+02
   0.330664E+02  -0.170096E+00   0.250797E+02   0.374161E+01   0.717518E-02   0.156577E-01   0.113122E-01   0.207712E-01   0.121542E-01  -0.463327E+02
   0.322382E+02  -0.276015E-01   0.311329E+02   0.236678E+01   0.180751E-01   0.110860E-01   0.404430E-03   0.398077E-02   0.184433E-01  -0.438941E+02
   0.334829E+02  -0.715727E+00   0.311005E+02  -0.293578E+01   0.208445E-01   0.782076E-03   0.448149E-02   0.159557E-02   0.181982E-01  -0.433447E+02
   0.341427E+02  -0.965776E-01   0.309569E+02  -0.248878E+01   0.232266E-01   0.518324E-02   0.108950E-01   0.857971E-02   0.144053E-02  -0.454329E+02
   0.334821E+02  -0.314588E+01   0.308678E+02  -0.247777E+01   0.909015E-02   0.142966E-01   0.715810E-03   0.486381E-02   0.259763E-01  -0.439304E+02
   0.334928E+02  -0.101211E+01   0.272673E+02  -0.319995E+01   0.857326E-02   0.373086E-02   0.234962E-01   0.348029E-02   0.532480E-02  -0.416956E+02
   0.323088E+02  -0.766295E+00   0.314006E+02  -0.235074E+01   0.212495E-01   0.430003E-02   0.572210E-02   0.844324E-02   0.343515E-02  -0.425922E+02
   0.327716E+02  -0.929586E+00   0.272994E+02  -0.124815E+01   0.291964E-01   0.179857E-01   0.249780E-02   0.146117E-02   0.938919E-03  -0.409109E+02
   0.322646E+02   0.996815E+00   0.301339E+02  -0.192752E+01   0.120585E-01   0.161035E-02   0.848636E-02   0.972045E-02   0.710689E-02  -0.423796E+02
   0.324834E+02  -0.682642E-02   0.288778E+02   0.896279E+00   0.921608E-02   0.376403E-02   0.124890E-01   0.312263E-02   0.385052E-02  -0.402971E+02
   0.324573E+02   0.132301E+01   0.282633E+02   0.561090E-01   0.243846E-01   0.537884E-02   0.472059E-02   0.675137E-02   0.653991E-02  -0.418423E+02
   0.347027E+02  -0.611729E+01   0.296016E+02  -0.178256E+01   0.309342E-01   0.156669E-03   0.219442E-01   0.675137E-02   0.522196E-03  -0.458554E+02
   0.326923E+02  -0.433700E+01   0.254891E+02   0.296042E+01   0.241301E-01   0.167927E-01   0.864244E-02   0.929843E-02   0.243926E-02  -0.466713E+02
   0.334272E+02  -0.246251E+01   0.276603E+02  -0.476926E+01   0.146657E-01   0.153175E-01   0.939670E-03   0.256011E-02   0.165075E-04  -0.406722E+02
   0.313747E+02   0.128754E+01   0.280281E+02  -0.573732E+01   0.111320E-01   0.159280E-01   0.101339E-03   0.356859E-01   0.165075E-04  -0.460954E+02
   0.322968E+02  -0.754744E+00   0.274484E+02  -0.618428E+00   0.116246E-01   0.268143E-02   0.362606E-02   0.364558E-02   0.205900E-01  -0.405607E+02
   0.320953E+02   0.198344E+01   0.274484E+02   0.126285E+01   0.393694E-01   0.424481E-03   0.290444E-04   0.525660E-02   0.359616E-05  -0.426304E+02
   0.325251E+02  -0.991792E+00   0.277409E+02   0.106979E+00   0.352202E-01   0.148413E-01   0.104309E-01   0.302615E-01   0.273794E-01  -0.477528E+02
   0.333199E+02  -0.381122E+00   0.285984E+02  -0.478059E+01   0.390359E-02   0.230972E-01   0.106791E-01   0.197433E-01   0.172917E-01  -0.461451E+02
   0.320308E+02   0.110846E+01   0.297915E+02  -0.557163E+01   0.216767E-01   0.562811E-01   0.865293E-02   0.328237E-02   0.913512E-02  -0.490835E+02
   0.323201E+02   0.620916E+00   0.276540E+02  -0.521787E+01   0.115942E-01   0.130469E-01   0.758823E-02   0.658343E-02   0.503938E-03  -0.421345E+02
   0.324528E+02  -0.100846E+01   0.257557E+02  -0.905040E+00   0.884923E-02   0.760180E-02   0.219366E-03   0.103897E-02   0.507120E-02  -0.396440E+02
   0.333384E+02   0.147396E+01   0.263390E+02  -0.377981E+00   0.737226E-02   0.953994E-03   0.403341E-02   0.576041E-02   0.110741E-03  -0.415029E+02
   0.333895E+02  -0.312727E+01   0.287696E+02  -0.407512E+01   0.433432E-02   0.328275E-02   0.134731E-01   0.886102E-03   0.574323E-02  -0.408731E+02
   0.334672E+02  -0.312727E+01   0.295682E+02  -0.178324E+01   0.788978E-02   0.718572E-04   0.946656E-02   0.989570E-04   0.311950E-02  -0.393767E+02
   0.327103E+02   0.104564E+01   0.273519E+02  -0.852054E+00   0.201555E-01   0.769017E-02   0.218353E-01   0.626203E-02   0.764786E-03  -0.425977E+02
   0.333802E+02   0.104564E+01   0.276750E+02  -0.882160E+01   0.388428E-01   0.498743E-03   0.180014E-02   0.132104E-01   0.578946E-02  -0.478699E+02
   0.322758E+02   0.612552E+00   0.268222E+02   0.192477E+01   0.281142E-02   0.784356E-02   0.657820E-02   0.229249E-02   0.578946E-02  -0.407694E+02
   0.326387E+02  -0.180311E+01   0.277537E+02   0.192477E+01   0.239363E-01   0.272004E-01   0.120261E-02   0.100649E-01   0.179873E-02  -0.424438E+02
   0.330047E+02  -0.208936E+01   0.275410E+02  -0.250443E+01   0.111765E-01   0.840952E-02   0.352446E-02   0.302279E-03   0.751182E-02  -0.395629E+02
   0.319871E+02  -0.133138E+01   0.285447E+02  -0.256563E+01   0.537829E-02   0.607710E-02   0.215238E-02   0.992267E-02   0.751182E-02  -0.407919E+02
   0.326719E+02  -0.135880E+00   0.275557E+02  -0.134873E+01   0.172085E-01   0.111275E-01   0.854903E-02   0.504555E-01   0.383174E-02  -0.452168E+02
   0.331098E+02  -0.282945E+01   0.260106E+02  -0.130342E+01   0.265448E-01   0.982326E-02   0.175419E-01   0.202235E-02   0.626117E-02  -0.430513E+02
   0.324238E+02   0.321925E+00   0.271853E+02   0.217545E+01   0.148771E-01   0.611723E-02   0.128155E-01   0.202235E-02   0.170448E-01  -0.423070E+02
   0.344397E+02  -0.281991E+01   0.282636E+02   0.993600E+00   0.222351E-01   0.673529E-02   0.468854E-02   0.135713E-02   0.360648E-01  -0.441644E+02
   0.333423E+02  -0.183204E+01   0.283960E+02   0.186244E+01   0.195847E-01   0.251431E-02   0.326622E-02   0.253339E-02   0.116114E-01  -0.400641E+02
   0.328637E+02  -0.183204E+01   0.280814E+02  -0.400828E+01   0.170617E-01   0.190462E-02   0.229157E-02   0.846685E-02   0.143387E-01  -0.410448E+02
   0.337156E+02  -0.411300E+01   0.297948E+02  -0.103650E+01   0.480428E-02   0.879300E-02   0.336227E-02   0.348186E-02   0.213374E-02  -0.405426E+02
   0.336620E+02  -0.244359E+01   0.290439E+02   0.105975E+01   0.296019E-01   0.265105E-01   0.393084E-03   0.955901E-02   0.174381E-01  -0.445728E+02
   0.339590E+02  -0.244359E+01   0.266978E+02  -0.837672E+00   0.347086E-01   0.233257E-01   0.370508E-03   0.417912E-02   0.336087E-02  -0.431506E+02
   0.323949E+02   0.145533E+01   0.259106E+02   0.393167E+00   0.860090E-02   0.269910E-02   0.162377E-02   0.310352E-01   0.918472E-02  -0.438847E+02
   0.323949E+02  -0.112148E+01   0.271292E+02   0.892214E+00   0.180996E-01   0.134338E-01   0.661034E-01   0.115951E-01   0.656080E-02  -0.476879E+02
   0.326801E+02  -0.112713E+01   0.264803E+02   0.211364E+01   0.418798E-02   0.954759E-02   0.425091E-02   0.463875E-02   0.574778E-02  -0.403795E+02
   0.321365E+02  -0.789291E-01   0.277424E+02  -0.210585E+00   0.165324E-01   0.894401E-02   0.111593E-01   0.107626E-01   0.672499E-02  -0.416570E+02
   0.312402E+02  -0.391387E+00   0.257936E+02   0.261371E+01   0.182032E-01   0.117678E-01   0.693809E-02   0.397638E-02   0.733238E-02  -0.440880E+02
   0.325815E+02  -0.587313E+00   0.275887E+02  -0.196718E+01   0.352564E-01   0.107186E-01   0.401679E-02   0.464279E-02   0.607142E-02  -0.421893E+02
   0.330803E+02  -0.116868E+01   0.269358E+02  -0.264616E+00   0.109805E-01   0.118303E-01   0.827034E-02   0.154549E-01   0.798241E-03  -0.410491E+02
   0.322158E+02  -0.116868E+01   0.273032E+02  -0.228229E+01   0.410713E-02   0.127582E-01   0.877141E-02   0.167652E-01   0.954504E-02  -0.425857E+02
   0.329058E+02  -0.116868E+01   0.273951E+02  -0.275641E+01   0.337625E-01   0.649452E-02   0.409170E-02   0.125619E-01   0.915573E-02  -0.427604E+02
   0.330047E+02  -0.237005E+01   0.293067E+02  -0.494428E+00   0.145191E-01   0.199350E-02   0.100373E-01   0.184794E-01   0.798233E-03  -0.408759E+02
   0.327023E+02   0.197622E+01   0.277134E+02  -0.205795E-01   0.226194E-01   0.284709E-02   0.527077E-02   0.104131E-01   0.144389E-02  -0.423470E+02
   0.320134E+02   0.600215E-01   0.291690E+02   0.162620E+01   0.241063E-01   0.150260E-01   0.169721E-01   0.620917E-02   0.144389E-02  -0.431043E+02
   0.319971E+02  -0.244251E+01   0.299071E+02  -0.139832E+01   0.163343E-01   0.553110E-03   0.111410E-02   0.148600E-01   0.144389E-02  -0.413747E+02
   0.327213E+02  -0.244251E+01   0.284823E+02  -0.480862E+00   0.200422E-01   0.483268E-02   0.563857E-02   0.247901E-02   0.289748E-02  -0.395991E+02
   0.340174E+02  -0.214934E+01   0.268593E+02   0.790399E+00   0.220609E-01   0.161685E-02   0.204994E-01   0.268200E-01   0.116579E-01  -0.448057E+02
   0.326739E+02  -0.675313E+00   0.287290E+02   0.233352E-01   0.310631E-02   0.532253E-02   0.669749E-02   0.388967E-02   0.476027E-02  -0.394467E+02
   0.321478E+02   0.742154E+00   0.277116E+02  -0.301503E+01   0.110650E-01   0.625684E-02   0.132310E-02   0.584454E-01   0.125107E-02  -0.452235E+02
   0.332427E+02  -0.752159E+00   0.281185E+02  -0.300831E+01   0.157590E-01   0.570150E-02   0.158528E-01   0.290245E-01   0.228093E-03  -0.431906E+02
   0.331345E+02  -0.171354E+01   0.294937E+02   0.602633E+00   0.173874E-01   0.135929E-02   0.749626E-02   0.590434E-02   0.220603E-02  -0.396979E+02
   0.325573E+02  -0.296927E+01   0.270298E+02   0.127595E+01   0.806874E-02   0.697765E-02   0.164367E-02   0.219602E-04   0.224590E-02  -0.397401E+02
   0.319191E+02  -0.196008E+01   0.285695E+02   0.177350E+01   0.154745E-01   0.572703E-02   0.105561E-02   0.750859E-02   0.224590E-02  -0.405832E+02
   0.311861E+02  -0.154223E+01   0.293414E+02  -0.243185E+00   0.125278E-01   0.147584E-02   0.261709E-02   0.553437E-02   0.135388E-02  -0.415469E+02
   0.326919E+02  -0.154223E+01   0.301978E+02   0.118331E+01   0.332480E-01   0.824994E-02   0.261709E-02   0.189008E-02   0.266473E-02  -0.416887E+02
   0.345647E+02  -0.515044E+01   0.266653E+02  -0.205072E+01   0.303100E-01   0.156948E-02   0.763952E-02   0.176671E-01   0.224522E-02  -0.446503E+02
   0.338063E+02  -0.255309E+01   0.245871E+02  -0.217545E+00   0.812723E-02   0.187232E-01   0.763952E-02   0.109699E-01   0.377164E-02  -0.438859E+02
   0.342456E+02  -0.386159E+01   0.300785E+02   0.135154E+01   0.552912E-02   0.253798E-01   0.102056E-03   0.127797E-03   0.541639E-02  -0.424561E+02
   0.342456E+02  -0.290527E+01   0.280215E+02  -0.471866E+01   0.184269E-02   0.201894E-01   0.467785E-02   0.610463E-05   0.154611E-02  -0.419294E+02
   0.331238E+02  -0.426419E+01   0.286803E+02   0.155606E+01   0.280620E-02   0.987118E-02   0.170048E-01   0.651088E-02   0.593741E-02  -0.430608E+02
   0.349878E+02  -0.431535E+01   0.290447E+02   0.395229E+01   0.304316E-02   0.986465E-02   0.927451E-02   0.274510E-01   0.902756E-02  -0.468898E+02
   0.342036E+02  -0.438199E+01   0.283402E+02   0.773673E+00   0.179255E-02   0.252735E-02   0.494950E-02   0.931837E-03   0.104086E-01  -0.405685E+02
   0.315558E+02  -0.172599E+01   0.284925E+02  -0.252340E+01   0.402872E-02   0.828512E-02   0.507978E-02   0.279648E-02   0.130036E-02  -0.413201E+02
   0.337251E+02  -0.308603E+01   0.271416E+02   0.273383E+01   0.489882E-02   0.153202E-02   0.128127E-01   0.319503E-03   0.468577E-02  -0.403185E+02
   0.333609E+02  -0.187250E+01   0.291208E+02  -0.221049E+01   0.781344E-02   0.153202E-02   0.200431E-01   0.319503E-03   0.145817E-02  -0.400446E+02
   0.333534E+02  -0.187250E+01   0.282442E+02  -0.277886E+01   0.151791E-01   0.450969E-02   0.948702E-03   0.862015E-02   0.145817E-02  -0.393517E+02
   0.327525E+02  -0.239552E+01   0.306653E+02   0.359586E+01   0.962869E-02   0.653581E-03   0.201132E-02   0.464902E-02   0.235659E-03  -0.404439E+02
   0.329520E+02  -0.256004E+01   0.273444E+02   0.866081E+00   0.121486E-01   0.152865E-01   0.463927E-02   0.382805E-02   0.107046E-01  -0.411379E+02
   0.320382E+02   0.106060E+01   0.271360E+02   0.259706E+01   0.131632E-01   0.902506E-02   0.357419E-02   0.382805E-02   0.148642E-01  -0.423813E+02
   0.328767E+02  -0.176189E+01   0.293413E+02  -0.142250E+01   0.941378E-02   0.225610E-02   0.167702E-01   0.945440E-02   0.879720E-02  -0.412990E+02
   0.329743E+02  -0.356245E+00   0.271344E+02   0.412891E-01   0.785279E-02   0.750048E-02   0.196905E-01   0.106466E-02   0.124327E-01  -0.416803E+02
   0.347221E+02  -0.475851E+01   0.262054E+02  -0.349079E+01   0.203986E-01   0.156784E-01   0.114140E-02   0.246289E-01   0.134295E-01  -0.468367E+02
   0.321534E+02  -0.119004E+01   0.299812E+02  -0.396082E+00   0.350380E-01   0.337943E-01   0.413359E-02   0.100024E-01   0.345552E-01  -0.486907E+02
   0.330380E+02  -0.830534E+00   0.290537E+02   0.727890E+00   0.445417E-02   0.572286E-01   0.804344E-02   0.137104E-02   0.357515E-01  -0.479598E+02
   0.334093E+02  -0.103191E+01   0.290537E+02   0.122647E+01   0.357508E-01   0.369873E-02   0.168588E-02   0.227131E-01   0.604188E-02  -0.435394E+02
   0.335758E+02  -0.424725E+01   0.266376E+02   0.112750E+01   0.163779E-01   0.642828E-03   0.969305E-03   0.490539E-02   0.142951E-01  -0.414740E+02
   0.329613E+02  -0.161773E+01   0.303359E+02   0.131206E+00   0.155806E-01   0.144472E-01   0.329032E-02   0.184069E-01   0.103976E-01  -0.431021E+02
   0.336236E+02  -0.209095E+01   0.293486E+02   0.957951E+00   0.235899E-01   0.747682E-02   0.300100E-01   0.347619E-01   0.160574E-02  -0.460747E+02
   0.329492E+02  -0.192193E+01   0.280016E+02  -0.174211E+01   0.757105E-04   0.385378E-02   0.200673E-01   0.328197E-02   0.901116E-02  -0.408056E+02
   0.341832E+02   0.705676E+00   0.276283E+02  -0.124249E+01   0.110776E-01   0.207069E-02   0.255146E-01   0.360241E-02   0.164345E-01  -0.461765E+02
   0.320145E+02   0.705676E+00   0.289990E+02   0.700807E+00   0.198752E-01   0.318029E-01   0.157596E-01   0.120225E-02   0.694146E-02  -0.444980E+02
   0.326583E+02  -0.135870E+01   0.268812E+02   0.619957E+00   0.842570E-02   0.434356E-02   0.499519E-02   0.123612E-01   0.401655E-02  -0.400405E+02
   0.331097E+02  -0.281421E+01   0.305164E+02   0.274272E+01   0.437325E-02   0.276270E-02   0.647363E-02   0.393215E-02   0.239947E-02  -0.406608E+02
   0.328148E+02   0.306401E+00   0.293393E+02  -0.550943E+01   0.251219E-01   0.503862E-02   0.345132E-02   0.243757E-01   0.660234E-02  -0.446856E+02
   0.322988E+02   0.306401E+00   0.266293E+02   0.280635E+01   0.567348E-02   0.395309E-02   0.335062E-02   0.438125E-01   0.413975E-01  -0.480024E+02
   0.322022E+02  -0.324732E+01   0.274572E+02  -0.216426E+01   0.621723E-02   0.613313E-02   0.174142E-01   0.165770E-01   0.776083E-02  -0.446837E+02
   0.356565E+02  -0.394348E+01   0.278931E+02  -0.178594E+01   0.130674E-01   0.762600E-02   0.104900E-01   0.199491E-01   0.755591E-02  -0.465333E+02
   0.344144E+02   0.101123E+00   0.244632E+02  -0.119146E+01   0.369894E-02   0.200276E-02   0.126065E-02   0.762244E-03   0.206929E-02  -0.431160E+02
   0.344144E+02  -0.338851E+01   0.265083E+02  -0.352001E+00   0.227638E-02   0.176568E-01   0.100915E-01   0.472393E-02   0.137715E-01  -0.434381E+02
   0.326261E+02   0.116430E+01   0.271808E+02  -0.336801E+01   0.227638E-02   0.966143E-03   0.886959E-02   0.203035E-02   0.116221E-01  -0.413661E+02
   0.310638E+02   0.839120E+00   0.292740E+02  -0.818583E+00   0.588801E-02   0.244640E-01   0.264337E-02   0.203035E-02   0.150770E-02  -0.428476E+02
   0.321707E+02  -0.149509E+01   0.299736E+02  -0.604384E+00   0.117735E-01   0.180048E-01   0.580636E-02   0.276997E-01   0.312894E-02  -0.438637E+02
   0.332299E+02  -0.411823E+01   0.280439E+02   0.300204E+01   0.743169E-02   0.306644E-02   0.580636E-02   0.518773E-02   0.892255E-02  -0.415985E+02
   0.338456E+02  -0.268270E+01   0.291547E+02   0.212037E+01   0.876341E-02   0.696761E-02   0.136906E-01   0.124286E-01   0.662032E-02  -0.423756E+02
   0.327094E+02  -0.296299E+01   0.280780E+02  -0.274381E+01   0.177938E-01   0.150957E-01   0.153461E-01   0.946051E-02   0.881034E-03  -0.428241E+02
   0.319724E+02  -0.563465E+00   0.306140E+02  -0.134137E+01   0.106704E-01   0.919300E-02   0.308262E-01   0.114207E-01   0.881034E-03  -0.443503E+02
   0.327521E+02   0.302669E-01   0.283430E+02  -0.183523E+01   0.424447E-02   0.200064E-01   0.365259E-02   0.409586E-02   0.620002E-02  -0.411803E+02
   0.317689E+02   0.792015E+00   0.284176E+02  -0.683289E+00   0.110754E-01   0.274154E-02   0.654206E-02   0.123739E-01   0.683020E-02  -0.413172E+02
   0.323641E+02   0.102738E+01   0.284398E+02   0.169412E+01   0.111661E-01   0.628225E-02   0.733037E-02   0.226664E-01   0.922320E-03  -0.426830E+02
   0.319113E+02   0.825588E+00   0.288768E+02   0.135021E+00   0.249818E-01   0.982239E-02   0.196633E-01   0.218564E-02   0.181838E-01  -0.442951E+02
   0.346224E+02  -0.171824E+01   0.284282E+02   0.122418E+01   0.827039E-02   0.803351E-02   0.191442E-01   0.276908E-02   0.204023E-02  -0.433505E+02
   0.332692E+02  -0.701403E+00   0.266639E+02  -0.130355E+01   0.319891E-01   0.952413E-02   0.135199E-02   0.554881E-01   0.421234E-04  -0.460042E+02
   0.323299E+02  -0.112786E+01   0.266639E+02  -0.497205E+01   0.627940E-02   0.108369E-01   0.135199E-02   0.270249E-01   0.187755E-01  -0.449589E+02
   0.329103E+02  -0.112786E+01   0.266462E+02   0.346587E+00   0.887873E-02   0.290622E-03   0.751876E-02   0.129325E-01   0.320907E-01  -0.427803E+02
   0.332229E+02  -0.238519E+01   0.287760E+02  -0.341135E+01   0.102856E-01   0.295338E-01   0.482748E-02   0.101382E-01   0.163944E-01  -0.440840E+02
   0.331647E+02  -0.297407E+01   0.291788E+02   0.755541E+00   0.881505E-02   0.750153E-02   0.283208E-02   0.179335E-01   0.229540E-01  -0.429361E+02
   0.331647E+02  -0.942783E-01   0.278045E+02  -0.311877E+01   0.204745E-01   0.187028E-01   0.283208E-02   0.127526E-02   0.312735E-02  -0.412795E+02
   0.327233E+02  -0.264797E+01   0.305621E+02   0.160623E+01   0.554610E-02   0.230367E-01   0.628960E-02   0.611824E-02   0.313039E-02  -0.427550E+02
   0.340243E+02  -0.160629E+01   0.289961E+02   0.301533E+01   0.305195E-01   0.107584E-01   0.101055E-01   0.131636E-01   0.461938E-01  -0.485923E+02
   0.346091E+02  -0.309947E+01   0.255570E+02   0.129723E+01   0.768864E-02   0.894238E-02   0.759459E-03   0.865900E-02   0.603911E-01  -0.479728E+02
   0.330134E+02  -0.161790E+01   0.272451E+02   0.134813E+01   0.110162E-03   0.877365E-02   0.830052E-02   0.636074E-03   0.634002E-02  -0.397617E+02
   0.325431E+02  -0.148464E+01   0.296105E+02  -0.511509E-01   0.353771E-02   0.675663E-02   0.156083E-02   0.910404E-03   0.918100E-02  -0.395148E+02
   0.339845E+02   0.260426E+00   0.285801E+02  -0.530946E+01   0.535501E-03   0.121110E-01   0.872557E-03   0.126168E-01   0.217755E-02  -0.442721E+02
   0.326650E+02  -0.209553E+01   0.294027E+02   0.380246E+00   0.344808E-02   0.862340E-02   0.482111E-01   0.516077E-02   0.444845E-03  -0.438890E+02
   0.320803E+02  -0.209553E+01   0.294121E+02   0.122086E+01   0.255894E-01   0.911740E-02   0.136829E-01   0.103521E-01   0.200648E-02  -0.430257E+02
   0.331523E+02  -0.446979E+00   0.247751E+02  -0.107937E+01   0.132269E-01   0.395275E-01   0.274789E-03   0.114755E-01   0.177314E-01  -0.462483E+02
   0.321957E+02  -0.124361E+01   0.261099E+02  -0.191566E+01   0.330473E-02   0.252071E-01   0.274789E-03   0.168633E-02   0.523838E-02  -0.416763E+02
   0.330456E+02  -0.350261E+00   0.304052E+02   0.135641E+01   0.167679E-01   0.111409E-01   0.895053E-02   0.219977E-01   0.281639E-01  -0.465183E+02
   0.321816E+02  -0.111074E+01   0.256961E+02  -0.328630E+01   0.119732E-01   0.459872E-02   0.127288E-01   0.308133E-01   0.152289E-01  -0.456944E+02
   0.313168E+02   0.888112E+00   0.304357E+02  -0.481303E+00   0.228489E-01   0.401199E-02   0.152303E-01   0.244292E-01   0.846122E-02  -0.459995E+02
   0.324256E+02  -0.255280E+01   0.267612E+02   0.283370E+01   0.236483E-01   0.699826E-02   0.137164E-01   0.151674E-02   0.158392E-01  -0.435605E+02
   0.324256E+02   0.486950E+00   0.260441E+02   0.235883E+01   0.963738E-02   0.436664E-02   0.145623E-01   0.202258E-01   0.208530E-01  -0.450345E+02
   0.321825E+02  -0.259610E+01   0.303088E+02   0.252195E+01   0.762252E-02   0.316073E-02   0.217735E-02   0.197837E-01   0.638123E-02  -0.428883E+02
   0.353163E+02  -0.706947E+01   0.290034E+02  -0.102198E+01   0.125279E-01   0.515813E-01   0.387903E-02   0.264483E-02   0.127975E-01  -0.501578E+02
   0.334570E+02  -0.164235E+01   0.297438E+02   0.123577E+01   0.325259E-02   0.182860E-01   0.631477E-03   0.895663E-02   0.546880E-02  -0.415838E+02
   0.314559E+02  -0.886063E+00   0.246131E+02   0.153383E+01   0.300100E-01   0.983075E-02   0.250455E-02   0.882584E-02   0.546880E-02  -0.454450E+02
   0.346750E+02  -0.355116E+01   0.266880E+02  -0.164497E+01   0.735535E-02   0.109804E-01   0.359898E-02   0.167256E-01   0.563246E-02  -0.430301E+02
   0.332843E+02  -0.129990E+01   0.314063E+02  -0.126569E+01   0.152155E-01   0.420970E-02   0.359898E-02   0.260108E-02   0.632466E-02  -0.416488E+02
   0.327552E+02  -0.142425E+00   0.294167E+02   0.331308E+01   0.478408E-02   0.799878E-03   0.359898E-02   0.433400E-02   0.378371E-03  -0.400246E+02
   0.327552E+02  -0.203983E+01   0.280317E+02   0.165080E+01   0.243173E-01   0.290483E-01   0.495983E-01   0.733077E-02   0.112180E-01  -0.480811E+02
   0.323934E+02  -0.203983E+01   0.287308E+02   0.391055E+01   0.645108E-02   0.123599E-01   0.491628E-02   0.340277E-02   0.123898E-01  -0.421533E+02
   0.334231E+02  -0.319826E+00   0.285291E+02  -0.121753E+01   0.122584E-01   0.263552E-01   0.450998E-01   0.283570E-01   0.113504E-01  -0.494725E+02
   0.343050E+02  -0.247649E+01   0.253872E+02  -0.349462E+01   0.577301E-03   0.154551E-02   0.101970E-01   0.589726E-02   0.592315E-02  -0.423241E+02
   0.336680E+02  -0.146859E+01   0.268589E+02   0.240196E+01   0.217602E-01   0.387060E-01   0.180702E-02   0.144062E-01   0.913884E-02  -0.453174E+02
   0.333307E+02  -0.231212E+01   0.262692E+02   0.149850E+00   0.202376E-02   0.653252E-02   0.108212E-02   0.224519E-02   0.718949E-02  -0.394659E+02
   0.333041E+02  -0.155905E+01   0.279813E+02  -0.137621E+01   0.224028E-01   0.490015E-02   0.150659E-02   0.225702E-01   0.110437E-02  -0.409305E+02
   0.324180E+02  -0.228066E+01   0.278526E+02   0.124774E+01   0.703814E-03   0.490015E-02   0.464544E-02   0.514896E-02   0.326997E-02  -0.396717E+02
   0.335300E+02  -0.197520E+01   0.278526E+02   0.184760E+01   0.340401E-02   0.195205E-01   0.193262E-02   0.131901E-01   0.354507E-02  -0.414989E+02
   0.324541E+02   0.434603E+00   0.270316E+02  -0.917105E+01   0.749756E-02   0.243863E-02   0.374182E-02   0.666275E-02   0.125207E-02  -0.440686E+02
   0.324541E+02   0.288629E+00   0.278358E+02   0.100517E+01   0.450682E-01   0.305761E-02   0.142497E-01   0.361418E-02   0.873817E-02  -0.446865E+02
   0.312089E+02   0.288629E+00   0.286415E+02  -0.554219E+00   0.278956E-01   0.203873E-01   0.212998E-01   0.790021E-02   0.197253E-02  -0.453703E+02
   0.305055E+02   0.242218E+00   0.278393E+02   0.172276E+01   0.157506E-02   0.692332E-02   0.209289E-02   0.300732E-02   0.197253E-02  -0.429194E+02
   0.323901E+02  -0.230500E+00   0.287204E+02  -0.305186E+01   0.190296E-01   0.203852E-01   0.852373E-02   0.382050E-03   0.141394E-01  -0.427623E+02
   0.324035E+02  -0.227747E+01   0.275550E+02   0.348383E+01   0.114214E-01   0.258414E-01   0.214422E-01   0.182488E-02   0.149343E-01  -0.452841E+02
   0.340433E+02  -0.141273E+01   0.244776E+02  -0.167760E+01   0.920690E-02   0.169134E-01   0.212441E-02   0.161066E-02   0.148366E-01  -0.438765E+02
   0.324238E+02  -0.187051E+01   0.271249E+02   0.967449E+00   0.155756E-01   0.557801E-02   0.830077E-02   0.929211E-02   0.470942E-02  -0.408163E+02
   0.325691E+02   0.112292E+01   0.298737E+02   0.186997E+01   0.306973E-01   0.854518E-02   0.830077E-02   0.116007E-02   0.804278E-02  -0.437824E+02
   0.321308E+02  -0.396778E+00   0.258899E+02  -0.610168E+00   0.153686E-01   0.713983E-03   0.149218E-02   0.529677E-02   0.792400E-03  -0.394124E+02
   0.336667E+02   0.521289E+00   0.262533E+02  -0.681233E+01   0.110874E-01   0.536405E-02   0.633488E-02   0.573193E-02   0.278820E-02  -0.438164E+02
   0.330005E+02  -0.123468E+01   0.292505E+02  -0.323750E+01   0.209302E-01   0.548077E-02   0.197039E-01   0.299018E-02   0.357710E-02  -0.417237E+02
   0.338269E+02  -0.268649E+01   0.271731E+02  -0.384142E-01   0.219924E-01   0.901800E-02   0.151734E-02   0.118362E-02   0.656138E-02  -0.401508E+02
   0.326737E+02  -0.127908E+01   0.305356E+02   0.171038E+01   0.984012E-02   0.112480E-02   0.151734E-02   0.147359E-04   0.132165E-02  -0.391638E+02
   0.343446E+02  -0.140086E+01   0.268987E+02   0.171038E+01   0.974323E-02   0.216258E-01   0.208709E-01   0.449452E-01   0.331186E-02  -0.487266E+02
   0.351119E+02  -0.200660E+01   0.273325E+02  -0.278971E+01   0.221910E-02   0.214248E-01   0.837195E-02   0.523540E-02   0.537832E-02  -0.453558E+02
   0.341599E+02  -0.220766E+01   0.289831E+02  -0.431823E+01   0.198414E-01   0.309629E-02   0.217815E-01   0.105373E-01   0.853033E-03  -0.433744E+02
   0.316812E+02  -0.226301E+01   0.288895E+02  -0.288589E+01   0.103185E-01   0.245350E-02   0.220431E-01   0.238392E-01   0.231408E-02  -0.451405E+02
   0.316857E+02   0.615497E+00   0.284427E+02   0.109243E+01   0.203942E-02   0.813299E-02   0.515174E-03   0.670562E-02   0.362651E-02  -0.404214E+02
   0.310131E+02   0.122520E+01   0.269010E+02   0.194676E+01   0.865560E-02   0.493324E-01   0.372084E-01   0.155784E-02   0.319725E-03  -0.491582E+02
   0.319252E+02  -0.176582E+01   0.278062E+02   0.232884E+01   0.243301E-01   0.101969E-01   0.150818E-01   0.207967E-01   0.126633E-01  -0.453753E+02
   0.320353E+02  -0.788553E+00   0.290718E+02  -0.368852E+01   0.139335E-01   0.110425E-01   0.920266E-02   0.225868E-02   0.241668E-01  -0.434112E+02
   0.329162E+02  -0.182000E+01   0.274272E+02  -0.933625E+00   0.103936E-01   0.114177E-01   0.491651E-02   0.179461E-01   0.307106E-01  -0.437570E+02
   0.330114E+02  -0.149887E+01   0.284130E+02  -0.356636E+01   0.551546E-03   0.139360E-02   0.823837E-02   0.145804E-01   0.154013E-02  -0.402895E+02
   0.346261E+02  -0.374946E+01   0.288037E+02   0.424967E+01   0.282440E-02   0.138197E-01   0.396179E-02   0.165805E-02   0.777689E-02  -0.432737E+02
   0.318105E+02   0.949723E+00   0.284886E+02   0.256148E+01   0.551737E-02   0.537740E-02   0.149485E-01   0.626762E-02   0.842930E-02  -0.426649E+02
   0.329172E+02  -0.320587E+01   0.286144E+02  -0.621389E+00   0.357094E-01   0.336672E-02   0.179962E-01   0.492744E-01   0.266530E-01  -0.499873E+02
   0.323105E+02  -0.969822E+00   0.273671E+02  -0.287567E+01   0.290410E-01   0.117396E-02   0.146778E-02   0.190555E-01   0.588412E-02  -0.419792E+02
   0.333150E+02  -0.939056E+00   0.264614E+02  -0.138892E+01   0.349694E-01   0.718821E-03   0.101998E-03   0.640112E-02   0.121942E-01  -0.417899E+02
   0.328761E+02  -0.342796E+01   0.282695E+02  -0.131612E+01   0.384923E-02   0.718821E-03   0.840471E-02   0.305679E-02   0.353994E-03  -0.395101E+02
   0.317651E+02  -0.818513E+00   0.277405E+02  -0.217457E+01   0.458002E-02   0.272370E-01   0.202498E-02   0.136183E-01   0.879322E-02  -0.434744E+02
   0.317005E+02  -0.571680E+00   0.280355E+02   0.328882E+01   0.186868E-01   0.145979E-01   0.379836E-01   0.311704E-02   0.879322E-02  -0.458332E+02
   0.328329E+02  -0.112662E+01   0.311819E+02  -0.212837E+00   0.272875E-01   0.100484E-02   0.398166E-02   0.311704E-02   0.132036E-02  -0.412123E+02
   0.323859E+02   0.330454E+00   0.270926E+02   0.384895E+01   0.215711E-02   0.376201E-02   0.829443E-02   0.188076E-01   0.405484E-03  -0.422715E+02
   0.328416E+02  -0.189859E+01   0.273368E+02  -0.577662E+00   0.867097E-02   0.128719E-01   0.543155E-02   0.177620E-01   0.118333E-01  -0.420623E+02
   0.328416E+02  -0.136703E+01   0.281588E+02  -0.194616E+01   0.234922E-01   0.222878E-01   0.209867E-02   0.116745E-01   0.333183E-01  -0.449755E+02
   0.324438E+02  -0.123359E+01   0.269288E+02   0.134308E+01   0.241164E-01   0.149435E-01   0.194500E-02   0.581134E-02   0.241541E-01  -0.431911E+02
   0.336397E+02  -0.286178E+01   0.302665E+02  -0.181891E+01   0.947059E-02   0.836607E-02   0.120397E-01   0.183567E-02   0.160025E-01  -0.424582E+02
   0.338368E+02  -0.286178E+01   0.265094E+02  -0.292749E+01   0.133087E-01   0.395064E-02   0.124425E-03   0.195342E-02   0.194206E-03  -0.392237E+02
   0.333174E+02  -0.336478E+01   0.267919E+02  -0.240799E+01   0.220273E-01   0.796170E-04   0.151046E-01   0.439421E-02   0.154580E-01  -0.426073E+02
   0.337182E+02  -0.194769E+01   0.271697E+02   0.621319E-01   0.489402E-02   0.453197E-02   0.265526E-01   0.439421E-02   0.312069E-01  -0.442929E+02
   0.332174E+02  -0.158919E+01   0.285466E+02   0.175596E+01   0.264413E-01   0.204936E-01   0.137493E-01   0.115611E-01   0.246133E-03  -0.432011E+02
   0.332226E+02   0.137306E+01   0.256681E+02  -0.461733E+01   0.239163E-01   0.216191E-01   0.479822E-02   0.349285E-02   0.167605E-02  -0.446675E+02
   0.321290E+02  -0.784848E+00   0.268673E+02  -0.100988E+01   0.134846E-01   0.142665E-01   0.192919E-01   0.876860E-02   0.302485E-01  -0.452119E+02
   0.338743E+02  -0.198082E+01   0.281470E+02  -0.417907E+01   0.425409E-02   0.149135E-01   0.250837E-02   0.795598E-02   0.228536E-02  -0.413383E+02
   0.329761E+02  -0.117021E+01   0.270996E+02   0.237191E+01   0.961383E-02   0.387930E-02   0.135792E-01   0.237107E-01   0.572449E-02  -0.425531E+02
   0.338405E+02  -0.856841E+00   0.318441E+02  -0.235538E+01   0.408622E-01   0.340070E-02   0.123777E-01   0.814788E-02   0.791315E-02  -0.475279E+02
   0.340251E+02  -0.333671E+01   0.290892E+02  -0.326656E+01   0.300792E-03   0.893653E-02   0.971974E-02   0.704426E-03   0.300377E-01  -0.435824E+02
   0.326366E+02  -0.436586E+01   0.263943E+02  -0.215561E+01   0.171238E-01   0.893653E-02   0.728862E-02   0.393902E-02   0.386701E-01  -0.476042E+02
   0.329106E+02   0.193851E+01   0.297717E+02  -0.123786E+01   0.744395E-02   0.183360E-02   0.264602E-02   0.318440E-02   0.938692E-02  -0.431915E+02
   0.327695E+02  -0.172890E+01   0.297170E+02   0.403114E+01   0.164424E-01   0.254550E-01   0.144834E-01   0.392573E-02   0.149044E-01  -0.451590E+02
   0.316460E+02  -0.172935E+01   0.263736E+02   0.412900E+00   0.232996E-01   0.117310E-01   0.173693E-01   0.156160E-02   0.121132E-01  -0.445739E+02
   0.332624E+02  -0.425603E+01   0.288120E+02   0.259282E+00   0.308111E-01   0.285080E-02   0.114717E-01   0.156160E-02   0.553361E-01  -0.474637E+02
   0.344599E+02  -0.226777E+01   0.316191E+02  -0.228991E+01   0.155643E-01   0.355725E-03   0.135419E-01   0.856097E-02   0.202654E-01  -0.463531E+02
   0.341837E+02  -0.403268E+01   0.277383E+02   0.657893E+00   0.848938E-02   0.635403E-02   0.252288E-01   0.150408E-02   0.126542E-02  -0.419376E+02
   0.344821E+02  -0.403268E+01   0.298030E+02  -0.250297E+01   0.891309E-03   0.100671E-01   0.652652E-02   0.431868E-02   0.140525E-01  -0.431057E+02
   0.334565E+02  -0.309036E+01   0.281957E+02   0.135405E+01   0.519024E-02   0.498560E-02   0.235548E-03   0.132190E-01   0.102198E-01  -0.405494E+02
   0.334864E+02  -0.329030E+01   0.271405E+02   0.772390E+00   0.658535E-02   0.185555E-02   0.778652E-02   0.131177E-02   0.147816E-02  -0.391374E+02
   0.326438E+02  -0.409918E+00   0.260561E+02  -0.211232E+01   0.781607E-02   0.108839E-02   0.107628E-02   0.641087E-02   0.929218E-02  -0.398604E+02
   0.334194E+02  -0.103957E+01   0.287642E+02  -0.216973E+01   0.196724E-01   0.834730E-02   0.161276E-01   0.108853E-01   0.871651E-02  -0.427130E+02
   0.318603E+02  -0.911630E+00   0.268157E+02   0.314037E+01   0.441497E-02   0.530868E-03   0.956781E-02   0.686923E-02   0.151950E-02  -0.408871E+02
   0.317306E+02  -0.250523E+01   0.297348E+02  -0.187524E+01   0.207499E-02   0.203320E-01   0.603680E-02   0.325945E-02   0.594406E-02  -0.436949E+02
   0.320318E+02  -0.972909E+00   0.292977E+02  -0.664855E+00   0.480375E-02   0.136973E-01   0.157094E-01   0.301136E-01   0.985649E-02  -0.448731E+02
   0.329214E+02  -0.415683E+01   0.293944E+02  -0.186743E+00   0.150863E-01   0.831070E-04   0.305285E-01   0.981305E-02   0.858467E-02  -0.444176E+02
   0.325039E+02   0.153339E+01   0.243242E+02  -0.238224E+01   0.230128E-01   0.269977E-01   0.834875E-02   0.194413E-01   0.226060E-01  -0.493234E+02
   0.312335E+02   0.162516E+01   0.284235E+02  -0.193056E+00   0.516114E-02   0.147921E-02   0.726546E-02   0.357701E-01   0.182561E-01  -0.458973E+02
   0.318789E+02   0.406099E+01   0.269910E+02  -0.465350E+01   0.153831E-01   0.109188E-01   0.128761E-01   0.152441E-01   0.169905E-01  -0.493461E+02
   0.321405E+02  -0.754771E+00   0.288035E+02   0.401743E+00   0.121778E-02   0.699183E-02   0.112383E-01   0.290392E-01   0.642915E-02  -0.429969E+02
   0.329198E+02  -0.274868E+01   0.294142E+02  -0.421263E+01   0.121778E-02   0.500323E-02   0.714100E-02   0.296696E-03   0.481927E-02  -0.405133E+02
   0.338430E+02   0.614254E+00   0.298221E+02   0.488803E+01   0.202793E-01   0.775530E-02   0.729646E-02   0.100392E-01   0.604288E-02  -0.467657E+02
   0.331809E+02  -0.161954E-01   0.267763E+02   0.208130E+01   0.688607E-02   0.577553E-02   0.688287E-04   0.141410E-02   0.188529E-01  -0.412826E+02
   0.332769E+02  -0.284620E+00   0.268983E+02  -0.155962E+01   0.809985E-02   0.233517E-01   0.217738E-02   0.500902E-02   0.250641E-02  -0.413166E+02
   0.319294E+02  -0.786650E+00   0.298737E+02  -0.313271E+01   0.116494E-01   0.232114E-03   0.318949E-01   0.840521E-02   0.184771E-02  -0.432524E+02
   0.328840E+02  -0.211129E+01   0.254445E+02   0.318515E+00   0.128480E-01   0.210285E-01   0.118988E-01   0.118707E-01   0.331438E-02  -0.435366E+02
   0.328840E+02   0.206889E+01   0.276496E+02   0.182151E+01   0.274997E-01   0.447629E-02   0.233953E-01   0.467911E-02   0.331438E-02  -0.450270E+02
   0.328921E+02  -0.338168E+01   0.282421E+02  -0.284245E+01   0.443231E-02   0.415318E-01   0.127131E-01   0.950875E-02   0.755611E-02  -0.457226E+02
   0.334830E+02  -0.214052E+01   0.255470E+02   0.164583E+01   0.284188E-02   0.526138E-02   0.910565E-02   0.180923E-01   0.828141E-02  -0.427126E+02
   0.307568E+02   0.236148E+01   0.294762E+02  -0.211830E+01   0.720299E-03   0.177633E-02   0.221347E-01   0.607521E-02   0.517591E-02  -0.452153E+02
   0.333336E+02   0.708310E+00   0.285600E+02   0.718322E+00   0.152383E-01   0.606295E-02   0.871662E-02   0.696723E-02   0.256141E-01  -0.443766E+02
   0.329511E+02  -0.107627E+01   0.302789E+02  -0.136767E+01   0.238178E-01   0.644994E-02   0.353307E-03   0.862688E-02   0.121848E-02  -0.407544E+02
   0.325504E+02  -0.247338E+01   0.278418E+02   0.322202E+01   0.171589E-01   0.149896E-01   0.718352E-03   0.361083E-01   0.121848E-02  -0.441571E+02
   0.328034E+02   0.126331E+01   0.262904E+02  -0.474859E+01   0.288710E-01   0.784030E-04   0.718352E-03   0.962261E-02   0.121848E-02  -0.423456E+02
   0.334040E+02  -0.198088E+01   0.261035E+02  -0.555309E+01   0.594318E-01   0.459516E-02   0.190796E-01   0.207349E-01   0.910382E-02  -0.526032E+02
   0.334112E+02  -0.892702E+00   0.243515E+02   0.160113E+01   0.241186E-02   0.221805E-02   0.715063E-03   0.522451E-02   0.510483E-02  -0.414314E+02
   0.318103E+02  -0.380203E+00   0.269588E+02   0.613612E+00   0.618119E-03   0.213579E-02   0.283062E-02   0.174359E-02   0.833493E-03  -0.389143E+02
   0.329687E+02  -0.241578E+00   0.306108E+02   0.540656E+00   0.368848E-02   0.677933E-02   0.474196E-03   0.134965E-01   0.833493E-03  -0.414952E+02
   0.322300E+02   0.100078E+01   0.289114E+02  -0.250074E+01   0.522795E-02   0.204609E-02   0.149813E-02   0.297061E-02   0.828933E-03  -0.395406E+02
   0.326818E+02   0.100078E+01   0.297679E+02  -0.148331E+01   0.167497E-01   0.106189E-01   0.356457E-02   0.310092E-01   0.142535E-01  -0.456713E+02
   0.329728E+02  -0.232889E+01   0.264174E+02   0.143794E+01   0.535118E-02   0.707998E-02   0.117579E-01   0.327373E-01   0.760547E-02  -0.438912E+02
   0.332353E+02  -0.446398E+01   0.268950E+02   0.562052E+01   0.131064E-01   0.606122E-02   0.336432E-01   0.956562E-02   0.119004E-02  -0.469710E+02
   0.312469E+02   0.196258E+01   0.270164E+02   0.107226E+01   0.154546E-01   0.287113E-02   0.541757E-02   0.302370E-01   0.480441E-03  -0.441690E+02
   0.310996E+02  -0.850066E+00   0.295562E+02  -0.228093E+01   0.778107E-02   0.287113E-02   0.266435E-02   0.456152E-01   0.480441E-03  -0.455958E+02
   0.334194E+02  -0.282403E+01   0.288734E+02  -0.271342E+01   0.173769E-01   0.674284E-02   0.241141E-01   0.238781E-01   0.127688E-01  -0.449852E+02
   0.320883E+02  -0.679189E+00   0.263647E+02  -0.580450E+01   0.331407E-02   0.146935E-01   0.354899E-02   0.101227E-01   0.441603E-02  -0.433760E+02
   0.324868E+02  -0.679189E+00   0.299878E+02  -0.524671E+01   0.166936E-01   0.684502E-02   0.193037E-01   0.845570E-02   0.180102E-01  -0.451459E+02
   0.318164E+02   0.110319E+01   0.296322E+02  -0.910682E+01   0.898501E-02   0.293433E-02   0.211159E-01   0.737305E-03   0.650673E-02  -0.469829E+02
   0.331676E+02  -0.798410E+00   0.260618E+02  -0.233769E+01   0.743608E-02   0.481623E-02   0.473889E-01   0.737305E-03   0.386351E-02  -0.437914E+02
   0.327184E+02  -0.107536E+01   0.249503E+02   0.648274E+00   0.302462E-02   0.865982E-02   0.152600E-02   0.281211E-02   0.249525E-01  -0.427079E+02
   0.332822E+02  -0.365368E+01   0.290301E+02   0.176598E+01   0.302462E-02   0.337024E-02   0.710278E-02   0.909030E-03   0.209075E-02  -0.396936E+02
   0.331101E+02   0.107301E+01   0.296846E+02  -0.608627E+00   0.213561E-01   0.142944E-01   0.139035E-01   0.504027E-02   0.209075E-02  -0.440146E+02
   0.330764E+02  -0.264622E+01   0.290718E+02   0.358281E+00   0.395946E-01   0.180075E-01   0.594023E-02   0.537789E-02   0.929116E-02  -0.444634E+02
   0.311407E+02   0.562535E+00   0.285935E+02   0.363317E+01   0.266069E-01   0.223943E-02   0.597423E-02   0.277418E-02   0.765153E-02  -0.431469E+02
   0.331710E+02  -0.107526E+01   0.298874E+02  -0.130278E+01   0.154599E-01   0.186559E-01   0.200840E-01   0.795836E-03   0.152011E-03  -0.423470E+02
   0.325310E+02   0.724551E+00   0.298981E+02  -0.304066E+01   0.166263E-02   0.177326E-01   0.466371E-02   0.731731E-02   0.169001E-04  -0.424265E+02
   0.327046E+02   0.227910E+00   0.251544E+02  -0.126044E+01   0.173598E-01   0.273196E-02   0.501683E-02   0.500378E-02   0.133906E-01  -0.418758E+02
   0.327217E+02  -0.257335E+01   0.278790E+02   0.369295E+01   0.810954E-02   0.273196E-02   0.116902E-01   0.882519E-02   0.289564E-01  -0.438820E+02
   0.330977E+02  -0.249211E+01   0.268131E+02   0.105367E+01   0.214802E-01   0.227105E-02   0.570551E-02   0.682697E-03   0.200906E-02  -0.393810E+02
   0.330977E+02  -0.199730E+01   0.292328E+02  -0.827147E+00   0.860380E-02   0.193460E-01   0.752560E-02   0.441628E-02   0.379077E-02  -0.409731E+02
   0.330977E+02  -0.111770E+01   0.291841E+02  -0.403488E-01   0.300051E-01   0.659774E-02   0.569529E-02   0.701763E-02   0.119165E-01  -0.421018E+02
   0.320836E+02  -0.273241E+01   0.297495E+02  -0.393962E+01   0.272582E-01   0.221452E-01   0.811799E-02   0.802811E-03   0.331940E-01  -0.477233E+02
   0.334107E+02  -0.984196E-01   0.280683E+02  -0.187494E+00   0.114816E-02   0.281253E-02   0.145568E-01   0.286303E-03   0.147323E-01  -0.416019E+02
   0.335793E+02  -0.984196E-01   0.284871E+02  -0.878024E+00   0.113637E-01   0.162421E-02   0.338708E-01   0.151561E-01   0.132554E-01  -0.452369E+02
   0.334682E+02  -0.132876E+01   0.268822E+02  -0.120372E+01   0.954071E-02   0.198175E-01   0.190714E-01   0.258867E-01   0.164079E-01  -0.457634E+02
   0.334635E+02  -0.132876E+01   0.276939E+02  -0.201263E+01   0.862833E-03   0.491203E-02   0.563532E-02   0.153176E-02   0.694718E-02  -0.394272E+02
   0.320796E+02  -0.132876E+01   0.279611E+02  -0.267627E+01   0.437419E-01   0.203980E-01   0.247442E-02   0.153176E-02   0.537609E-02  -0.448887E+02
   0.320796E+02  -0.265346E+01   0.268542E+02   0.198234E+01   0.149247E-01   0.234708E-02   0.247442E-02   0.568712E-02   0.193070E-02  -0.409791E+02
   0.320796E+02  -0.737173E+00   0.296313E+02  -0.291355E+01   0.780839E-02   0.171928E-01   0.575325E-02   0.151854E-01   0.303453E-02  -0.426154E+02
