"Typology" "SU" "param_name" "prior.dist" "par_1" "par_2" "covariate" "scaled" "1" "2" "3" "4" "5" "6" "7" "8" "9" "10" "11" "12" "13" "14" "15" "16" "17" "18" "19" "20" "21" "22" "23" "24" "25" "26"
"Rhone" "SU1" "Km_SU1_Rh_a0" "Gaussian" 30 5.31710493955795 55900 1 1 -1.21739796840986e-16 0.133088735344473 4.95217817094924e-17 -0.424602121928695 0 0 0 0 0 0 0 0 0 0 0 0 0 0 0 0 0 0 0 0 0
"Rhone" "SU1" "Km_SU1_Rh_a1" "Gaussian" 0 8.23272602348565 50550 0.5 -1.16667305305945e-16 1 -1.84199429440169e-17 -0.64018439966448 1.26931119220507e-17 0 0 0 0 0 0 0 0 0 0 0 0 0 0 0 0 0 0 0 0 0
"Rhone" "SU1" "Km_SU1_Rh_a2" "Gaussian" 0 11.7138125253937 45200 0 0.133088735344473 9.20997147200846e-18 1 0 -0.793612028269407 0 0 0 0 0 0 0 0 0 0 0 0 0 0 0 0 0 0 0 0 0
"Rhone" "SU1" "Km_SU1_Rh_a3" "Gaussian" 0 8.43274042711568 39850 -0.5 3.96174253675939e-17 -0.64018439966448 0 1 -8.26136443962029e-18 0 0 0 0 0 0 0 0 0 0 0 0 0 0 0 0 0 0 0 0 0
"Rhone" "SU1" "Km_SU1_Rh_a4" "Gaussian" -4.44089209850063e-15 12.7491051662335 34500 -1 -0.424602121928695 1.26931119220507e-17 -0.793612028269407 0 1 0 0 0 0 0 0 0 0 0 0 0 0 0 0 0 0 0 0 0 0 0
"Rhone" "SU2" "Km_SU2_Rh_a0" "Gaussian" 30 7.07106781186547 34500 1 0 0 0 0 0 1 7.105427357601e-17 -0.577350269189626 0 0 0 0 0 0 0 0 0 0 0 0 0 0 0 0 0 0
"Rhone" "SU2" "Km_SU2_Rh_a1" "Gaussian" 0 7.07106781186548 30625 0 0 0 0 0 0 7.105427357601e-17 1 0 0 0 0 0 0 0 0 0 0 0 0 0 0 0 0 0 0 0
"Rhone" "SU2" "Km_SU2_Rh_a2" "Gaussian" 0 8.16496580927726 26750 -1 0 0 0 0 0 -0.577350269189626 0 1 0 0 0 0 0 0 0 0 0 0 0 0 0 0 0 0 0 0
"Ain" "SU1" "Km_SU1_Ai_a0" "Gaussian" 19 4.25368395164636 22333 -1 0 0 0 0 0 0 0 0 1 1.58515360470034e-16 0.133088735344473 -9.28533407052982e-17 -0.424602121928695 0 0 0 0 0 0 0 0 0 0 0 0 0
"Ain" "SU1" "Km_SU1_Ai_a1" "Gaussian" 0 6.58618081878852 27115 -0.5 0 0 0 0 0 0 0 0 1.58515360470034e-16 1 -1.43905804250132e-17 -0.64018439966448 0 0 0 0 0 0 0 0 0 0 0 0 0 0
"Ain" "SU1" "Km_SU1_Ai_a2" "Gaussian" 0 9.37105002031497 31897 0 0 0 0 0 0 0 0 0 0.133088735344473 -1.43905804250132e-17 1 0 -0.793612028269407 0 0 0 0 0 0 0 0 0 0 0 0 0
"Ain" "SU1" "Km_SU1_Ai_a3" "Gaussian" 0 6.74619234169254 36679 0.5 0 0 0 0 0 0 0 0 -9.28533407052982e-17 -0.64018439966448 0 1 0 0 0 0 0 0 0 0 0 0 0 0 0 0
"Ain" "SU1" "Km_SU1_Ai_a4" "Gaussian" -3.5527136788005e-15 10.1992841329868 41461 1 0 0 0 0 0 0 0 0 -0.424602121928695 0 -0.793612028269407 0 1 0 0 0 0 0 0 0 0 0 0 0 0 0
"Rhone" "SU1" "Kf_SU1_Rh_a0" "FIX" 20 NA 26750 1 0 0 0 0 0 0 0 0 0 0 0 0 0 1 0 0 0 0 0 0 0 0 0 0 0 0
"Ain" "SU1" "Kf_SU1_Ai_a0" "FIX" 15 NA 41461 1 0 0 0 0 0 0 0 0 0 0 0 0 0 0 1 0 0 0 0 0 0 0 0 0 0 0
"event_1" "node_1" "Q_e1_PCH" "FIX" 1 NA NA NA 0 0 0 0 0 0 0 0 0 0 0 0 0 0 0 1 0 0 0 0 0 0 0 0 0 0
"event_1" "node_2" "Q_e1_LGN" "FIX" 1 NA NA NA 0 0 0 0 0 0 0 0 0 0 0 0 0 0 0 0 1 0 0 0 0 0 0 0 0 0
"event_1" "node_3" "Q_e1_BOU" "FIX" 1 NA NA NA 0 0 0 0 0 0 0 0 0 0 0 0 0 0 0 0 0 1 0 0 0 0 0 0 0 0
"event_2" "node_1" "Q_e2_PCH" "FIX" 1 NA NA NA 0 0 0 0 0 0 0 0 0 0 0 0 0 0 0 0 0 0 1 0 0 0 0 0 0 0
"event_2" "node_2" "Q_e2_LGN" "FIX" 1 NA NA NA 0 0 0 0 0 0 0 0 0 0 0 0 0 0 0 0 0 0 0 1 0 0 0 0 0 0
"event_2" "node_3" "Q_e2_BOU" "FIX" 1 NA NA NA 0 0 0 0 0 0 0 0 0 0 0 0 0 0 0 0 0 0 0 0 1 0 0 0 0 0
"Y_1" NA "intercept" "Uniform" -10 10 NA NA 0 0 0 0 0 0 0 0 0 0 0 0 0 0 0 0 0 0 0 0 0 1 0 0 0 0
"Y_2" NA "intercept" "Exponential" 0 0.01 NA NA 0 0 0 0 0 0 0 0 0 0 0 0 0 0 0 0 0 0 0 0 0 0 1 0 0 0
"Y_3" NA "intercept" "Exponential" 0 0.01 NA NA 0 0 0 0 0 0 0 0 0 0 0 0 0 0 0 0 0 0 0 0 0 0 0 1 0 0
"Y_4" NA "intercept" "Exponential" 0 0.01 NA NA 0 0 0 0 0 0 0 0 0 0 0 0 0 0 0 0 0 0 0 0 0 0 0 0 1 0
"Y_5" NA "intercept" "Exponential" 0 0.01 NA NA 0 0 0 0 0 0 0 0 0 0 0 0 0 0 0 0 0 0 0 0 0 0 0 0 0 1
