Km_SU1_Rh_a0   Km_SU1_Rh_a1   Km_SU1_Rh_a2   Km_SU1_Rh_a3   Km_SU1_Rh_a4   Km_SU2_Rh_a0   Km_SU2_Rh_a1   Km_SU2_Rh_a2   Km_SU1_Ai_a0   Km_SU1_Ai_a1   Km_SU1_Ai_a2   Km_SU1_Ai_a3   Km_SU1_Ai_a4   Y1_intercept   Y2_intercept   Y3_intercept   Y4_intercept   Y5_intercept   LogPost        LogPrior       LogHyper       LogLkh         Deviance       
   0.400996E+02  -0.878190E+00   0.414812E+01   0.346299E+01   0.908193E+01   0.367615E+02  -0.239946E+01  -0.275943E+01   0.189209E+02  -0.621026E+01  -0.790696E+01  -0.586260E+01   0.860627E+01   0.265481E+00   0.108619E-01   0.396966E-02   0.536956E-02   0.118535E-01  -0.102767E+03  -0.364127E+02   0.000000E+00  -0.663543E+02   0.132709E+03
   0.400996E+02  -0.878190E+00   0.408501E+01   0.346299E+01   0.930776E+01   0.367615E+02  -0.254192E+01  -0.275943E+01   0.189209E+02  -0.621026E+01  -0.790696E+01  -0.586260E+01   0.860627E+01   0.271052E+00   0.163161E-01   0.149428E-01   0.570291E-02   0.814031E-02  -0.104593E+03  -0.378060E+02   0.000000E+00  -0.667870E+02   0.133574E+03
   0.398061E+02  -0.172723E+01   0.380334E+01   0.531513E+01   0.729077E+01   0.365515E+02  -0.202336E+01  -0.489262E+01   0.189332E+02  -0.621026E+01  -0.789928E+01  -0.586260E+01   0.921552E+01   0.251823E+00   0.185161E-01   0.626397E-02   0.792285E-02   0.134679E-01  -0.107484E+03  -0.368034E+02   0.000000E+00  -0.706806E+02   0.141361E+03
   0.396876E+02  -0.835990E+00   0.281213E+01   0.580188E+01   0.386390E+01   0.364034E+02  -0.196373E+01  -0.669030E+01   0.188546E+02  -0.621026E+01  -0.789928E+01  -0.586260E+01   0.899910E+01   0.266715E+00   0.794047E-02   0.100985E-01   0.329072E-02   0.489107E-02  -0.102608E+03  -0.332967E+02   0.000000E+00  -0.693113E+02   0.138623E+03
   0.402777E+02  -0.638691E+00   0.723751E+01   0.339165E+01   0.986492E+01   0.390994E+02  -0.270727E+01  -0.927504E+01   0.188645E+02  -0.621026E+01  -0.789928E+01  -0.586260E+01   0.899910E+01   0.272616E+00   0.415259E-02   0.137782E-01   0.157279E-01   0.165113E-02  -0.107078E+03  -0.391151E+02   0.000000E+00  -0.679629E+02   0.135926E+03
   0.401538E+02  -0.849951E+00   0.181348E+01  -0.418974E+00   0.144003E+01   0.398538E+02  -0.769928E+00  -0.122039E+02   0.188486E+02  -0.621026E+01  -0.789928E+01  -0.586260E+01   0.915798E+01   0.262974E+00   0.915830E-02   0.365032E-02   0.133228E-01   0.309559E-02  -0.109455E+03  -0.334678E+02   0.000000E+00  -0.759872E+02   0.151974E+03
   0.401538E+02   0.646166E+00   0.286148E+01   0.611460E+01   0.445920E+01   0.404437E+02  -0.172900E+01  -0.125253E+02   0.188486E+02  -0.621026E+01  -0.788679E+01  -0.586260E+01   0.912086E+01   0.256547E+00   0.135882E-01   0.804376E-02   0.647790E-02   0.451439E-02  -0.109115E+03  -0.355708E+02   0.000000E+00  -0.735442E+02   0.147088E+03
   0.395158E+02   0.674819E-02   0.273488E+01   0.324895E+01   0.445920E+01   0.378696E+02  -0.267145E+00  -0.122970E+02   0.189099E+02  -0.621026E+01  -0.788679E+01  -0.586260E+01   0.911905E+01   0.257860E+00   0.104772E-01   0.332866E-02   0.734663E-02   0.119795E-01  -0.108242E+03  -0.345298E+02   0.000000E+00  -0.737122E+02   0.147424E+03
   0.406375E+02  -0.118650E+01   0.296865E+01   0.276007E+01   0.918154E+01   0.388782E+02   0.121533E+01  -0.136711E+02   0.189099E+02  -0.621026E+01  -0.788679E+01  -0.586260E+01   0.850898E+01   0.257677E+00   0.162778E-01   0.595884E-02   0.145956E-01   0.143747E-01  -0.106231E+03  -0.391871E+02   0.000000E+00  -0.670439E+02   0.134088E+03
   0.403101E+02  -0.136325E+01   0.143399E+01   0.381223E+01   0.528216E+01   0.388782E+02   0.158769E+01  -0.137655E+02   0.189099E+02  -0.621026E+01  -0.789618E+01  -0.586260E+01   0.872441E+01   0.248346E+00   0.340376E-02   0.681457E-03   0.226413E-01   0.586736E-02  -0.105810E+03  -0.351707E+02   0.000000E+00  -0.706393E+02   0.141279E+03
   0.409762E+02   0.140941E+00   0.496307E+01   0.605571E+01   0.825459E+01   0.391403E+02   0.158769E+01  -0.146043E+02   0.189516E+02  -0.621026E+01  -0.789618E+01  -0.586260E+01   0.868252E+01   0.256201E+00   0.305209E-02   0.170909E-01   0.441127E-01   0.764884E-02  -0.110415E+03  -0.424580E+02   0.000000E+00  -0.679570E+02   0.135914E+03
   0.399149E+02   0.492367E+00   0.551743E+01   0.295006E+01   0.795144E+01   0.384973E+02   0.240994E+01  -0.150345E+02   0.189516E+02  -0.621026E+01  -0.789618E+01  -0.596616E+01   0.882700E+01   0.272569E+00   0.314922E-02   0.342129E-01   0.138123E-01   0.116944E-02  -0.110249E+03  -0.396249E+02   0.000000E+00  -0.706241E+02   0.141248E+03
   0.409575E+02  -0.221708E+01   0.508945E+01   0.221080E+01   0.928917E+01   0.358430E+02   0.304295E+01  -0.119999E+02   0.189657E+02  -0.620801E+01  -0.789618E+01  -0.596616E+01   0.877133E+01   0.271662E+00   0.171215E-01   0.446305E-01   0.910171E-02   0.833825E-02  -0.109757E+03  -0.428725E+02   0.000000E+00  -0.668845E+02   0.133769E+03
   0.409575E+02  -0.475371E+00   0.508945E+01   0.482991E+01   0.697191E+01   0.370584E+02   0.460449E+01  -0.143756E+02   0.189657E+02  -0.618084E+01  -0.789618E+01  -0.595747E+01   0.859120E+01   0.269629E+00   0.127228E-01   0.327247E-01   0.162162E-02   0.794615E-02  -0.107325E+03  -0.401044E+02   0.000000E+00  -0.672206E+02   0.134441E+03
   0.407677E+02  -0.483990E+00   0.568509E+01   0.430574E+01   0.761139E+01   0.361772E+02   0.481653E+01  -0.144824E+02   0.188605E+02  -0.618084E+01  -0.790456E+01  -0.575457E+01   0.859120E+01   0.247576E+00   0.254836E-02   0.383646E-01   0.161655E-01   0.225271E-02  -0.107398E+03  -0.408517E+02   0.000000E+00  -0.665463E+02   0.133093E+03
   0.392766E+02  -0.483990E+00   0.260161E+01   0.433535E+01   0.445518E+01   0.373975E+02   0.481653E+01  -0.160502E+02   0.188890E+02  -0.618084E+01  -0.790456E+01  -0.577007E+01   0.893799E+01   0.261181E+00   0.338727E-01   0.519669E-01   0.265743E-02   0.624407E-02  -0.115048E+03  -0.415104E+02   0.000000E+00  -0.735376E+02   0.147075E+03
   0.399985E+02  -0.164157E+01   0.260161E+01   0.152149E+01   0.692879E+01   0.361423E+02   0.481653E+01  -0.116735E+02   0.189297E+02  -0.618084E+01  -0.790456E+01  -0.573472E+01   0.849574E+01   0.268002E+00   0.182981E-01   0.201513E-01   0.199089E-03   0.452023E-02  -0.106795E+03  -0.365421E+02   0.000000E+00  -0.702529E+02   0.140506E+03
   0.398090E+02  -0.104544E+01   0.343924E+01   0.200132E+00   0.752771E+01   0.382557E+02   0.540993E+01  -0.167026E+02   0.189547E+02  -0.618084E+01  -0.790456E+01  -0.573472E+01   0.826870E+01   0.271496E+00   0.460804E-02   0.202027E-01   0.757927E-03   0.181872E-01  -0.110680E+03  -0.380962E+02   0.000000E+00  -0.725838E+02   0.145168E+03
   0.397409E+02  -0.307802E+01   0.117761E+01   0.214880E+01   0.811926E+01   0.375438E+02   0.540993E+01  -0.144646E+02   0.189497E+02  -0.618084E+01  -0.790456E+01  -0.573472E+01   0.826870E+01   0.258200E+00   0.482608E-02   0.240663E-02   0.184887E-02   0.998552E-02  -0.107680E+03  -0.346270E+02   0.000000E+00  -0.730530E+02   0.146106E+03
   0.400211E+02  -0.256818E+01   0.338774E+01   0.928241E+00   0.202962E+01   0.360104E+02   0.382462E+01  -0.114874E+02   0.189497E+02  -0.618084E+01  -0.790456E+01  -0.573472E+01   0.821085E+01   0.260295E+00   0.607841E-02   0.115190E-01   0.424092E-02   0.773099E-02  -0.104769E+03  -0.336478E+02   0.000000E+00  -0.711212E+02   0.142242E+03
   0.399067E+02  -0.125597E+01   0.595586E+01   0.256475E+01   0.881906E+01   0.333332E+02   0.360656E+01  -0.888559E+01   0.188875E+02  -0.618084E+01  -0.790456E+01  -0.573149E+01   0.869464E+01   0.275627E+00   0.291630E-02   0.196686E-01   0.368279E-02   0.570438E-02  -0.108274E+03  -0.369564E+02   0.000000E+00  -0.713176E+02   0.142635E+03
   0.407256E+02  -0.142904E+01   0.320735E+01   0.485178E+01   0.816273E+01   0.348037E+02   0.146770E+01  -0.781969E+01   0.188875E+02  -0.618084E+01  -0.797281E+01  -0.573149E+01   0.875517E+01   0.261267E+00   0.110082E-01   0.242608E-02   0.137722E-02   0.252542E-01  -0.103314E+03  -0.368794E+02   0.000000E+00  -0.664346E+02   0.132869E+03
   0.403254E+02  -0.717835E+00   0.484773E+01   0.577249E+01   0.632174E+01   0.358282E+02   0.284290E+00  -0.783532E+01   0.188625E+02  -0.618084E+01  -0.797281E+01  -0.573149E+01   0.888291E+01   0.277603E+00   0.692551E-02   0.336077E-02   0.872420E-02   0.540276E-02  -0.102091E+03  -0.349992E+02   0.000000E+00  -0.670918E+02   0.134184E+03
   0.403884E+02  -0.443992E+00   0.446735E+01   0.594727E+01   0.584177E+01   0.358329E+02   0.294053E+01  -0.987300E+01   0.187247E+02  -0.618084E+01  -0.795688E+01  -0.542218E+01   0.888291E+01   0.290163E+00   0.154376E-01   0.211609E-02   0.340161E-02   0.120106E-01  -0.106664E+03  -0.358010E+02   0.000000E+00  -0.708630E+02   0.141726E+03
   0.400490E+02  -0.873422E+00   0.369069E+01   0.692865E+01   0.510435E+01   0.393174E+02   0.821959E+00  -0.915331E+01   0.187227E+02  -0.618084E+01  -0.795688E+01  -0.542218E+01   0.874031E+01   0.276604E+00   0.109212E-01   0.293193E-01   0.228050E-02   0.932978E-02  -0.109599E+03  -0.371647E+02   0.000000E+00  -0.724343E+02   0.144869E+03
   0.409746E+02  -0.154565E+01   0.476569E+01   0.262215E+01   0.537965E+01   0.382060E+02   0.897397E+00  -0.101634E+02   0.187227E+02  -0.618084E+01  -0.795688E+01  -0.542218E+01   0.873565E+01   0.243147E+00   0.102582E-02   0.167574E-02   0.182399E-01   0.709567E-02  -0.105891E+03  -0.353824E+02   0.000000E+00  -0.705086E+02   0.141017E+03
   0.398720E+02  -0.109607E+01   0.465711E+01   0.803274E+01   0.893319E+01   0.366195E+02  -0.165905E+01  -0.449844E+01   0.187227E+02  -0.618084E+01  -0.795688E+01  -0.542218E+01   0.873565E+01   0.254054E+00   0.156374E-01   0.253942E-02   0.294605E-02   0.401362E-02  -0.103864E+03  -0.359728E+02   0.000000E+00  -0.678912E+02   0.135782E+03
   0.398720E+02  -0.110398E+01   0.426096E+01   0.320293E+01   0.536334E+01   0.363569E+02  -0.384159E+01  -0.363292E+01   0.187204E+02  -0.618084E+01  -0.795688E+01  -0.542218E+01   0.891669E+01   0.254439E+00   0.349482E-02   0.218199E-02   0.106822E-02   0.503868E-02  -0.101343E+03  -0.325125E+02   0.000000E+00  -0.688305E+02   0.137661E+03
   0.404932E+02  -0.490882E+00   0.318228E+01   0.304640E+01   0.466369E+01   0.390216E+02  -0.347315E+01  -0.656197E+01   0.187050E+02  -0.616298E+01  -0.799225E+01  -0.542218E+01   0.891669E+01   0.253397E+00   0.401017E-03   0.113268E-01   0.493945E-02   0.859360E-02  -0.102939E+03  -0.340558E+02   0.000000E+00  -0.688832E+02   0.137766E+03
   0.404932E+02  -0.178642E+01   0.300072E+01   0.212692E+01   0.414964E+01   0.385393E+02  -0.675171E+00  -0.118631E+02   0.188141E+02  -0.646584E+01  -0.836160E+01  -0.449927E+01   0.907087E+01   0.255608E+00   0.369687E-02   0.115834E-01   0.103763E-01   0.102063E-01  -0.979997E+02  -0.348836E+02   0.000000E+00  -0.631161E+02   0.126232E+03
   0.404932E+02  -0.594697E+00   0.301980E+01   0.227385E+01   0.515597E+01   0.381362E+02  -0.386407E+01  -0.900805E+01   0.188141E+02  -0.646584E+01  -0.836160E+01  -0.454779E+01   0.887623E+01   0.263826E+00   0.221105E-01   0.152010E-01   0.477391E-02   0.859079E-02  -0.997691E+02  -0.365313E+02   0.000000E+00  -0.632378E+02   0.126476E+03
   0.402470E+02  -0.957026E+00   0.475268E+01   0.697001E+01   0.518365E+01   0.385223E+02  -0.348362E+01  -0.977289E+01   0.187999E+02  -0.646584E+01  -0.836160E+01  -0.433274E+01   0.866425E+01   0.268014E+00   0.273341E-01   0.599110E-02   0.279685E-01   0.125995E-01  -0.103534E+03  -0.396853E+02   0.000000E+00  -0.638487E+02   0.127697E+03
   0.402470E+02  -0.710858E+00   0.211703E+01   0.203817E+01   0.727177E+01   0.367103E+02  -0.333145E+01  -0.614895E+01   0.187254E+02  -0.640923E+01  -0.833600E+01  -0.433274E+01   0.855624E+01   0.267503E+00   0.151141E-01   0.196278E-02   0.113862E-01   0.161341E-01  -0.992419E+02  -0.357938E+02   0.000000E+00  -0.634481E+02   0.126896E+03
   0.396585E+02  -0.710858E+00   0.419312E+01   0.241470E+01   0.145467E+01   0.381672E+02  -0.396036E+01  -0.722622E+01   0.187254E+02  -0.640923E+01  -0.833600E+01  -0.427360E+01   0.856762E+01   0.266852E+00   0.780326E-02   0.145188E-01   0.549832E-02   0.917829E-02  -0.101168E+03  -0.335426E+02   0.000000E+00  -0.676254E+02   0.135251E+03
   0.393826E+02  -0.887953E+00   0.398854E+01   0.211094E+01   0.774884E+01   0.368389E+02  -0.188918E+01  -0.794375E+01   0.187254E+02  -0.640923E+01  -0.833600E+01  -0.428496E+01   0.856444E+01   0.241493E+00   0.737865E-02   0.928374E-03   0.105362E-01   0.116257E-01  -0.100132E+03  -0.346515E+02   0.000000E+00  -0.654805E+02   0.130961E+03
   0.396984E+02  -0.278275E+01   0.233773E+01   0.514021E+01   0.347186E+01   0.346645E+02  -0.200834E+01  -0.103191E+01   0.187034E+02  -0.640923E+01  -0.833962E+01  -0.428496E+01   0.858010E+01   0.242623E+00   0.382005E-01   0.121538E-01   0.115641E-02   0.294436E-02  -0.106162E+03  -0.350410E+02   0.000000E+00  -0.711210E+02   0.142242E+03
   0.399378E+02  -0.112220E+01   0.348804E+01   0.648518E+01   0.635004E+01   0.375169E+02  -0.478204E+01  -0.189822E+01   0.187034E+02  -0.640923E+01  -0.824252E+01  -0.428496E+01   0.858010E+01   0.258013E+00   0.329940E-01   0.519872E-02   0.169631E-01   0.413641E-03  -0.101902E+03  -0.374225E+02   0.000000E+00  -0.644795E+02   0.128959E+03
   0.405877E+02  -0.150104E+01   0.311285E+01   0.511662E+01   0.916506E+01   0.390872E+02  -0.489157E+01  -0.517024E+01   0.186624E+02  -0.648326E+01  -0.821892E+01  -0.436159E+01   0.914158E+01   0.245336E+00   0.704413E-02   0.560870E-03   0.130009E-01   0.113871E-02  -0.989824E+02  -0.356316E+02   0.000000E+00  -0.633508E+02   0.126702E+03
   0.402567E+02  -0.197470E+01   0.364934E+01   0.409303E+01   0.619593E+01   0.370613E+02  -0.481968E+01  -0.570678E+01   0.186379E+02  -0.648129E+01  -0.825461E+01  -0.438853E+01   0.933740E+01   0.263741E+00   0.358215E-02   0.267268E-02   0.309964E-03   0.652278E-02  -0.954188E+02  -0.330444E+02   0.000000E+00  -0.623744E+02   0.124749E+03
   0.408127E+02  -0.978240E+00   0.507327E+01   0.658787E+01   0.823228E+01   0.370481E+02  -0.481968E+01  -0.289271E+01   0.186492E+02  -0.648129E+01  -0.825461E+01  -0.434850E+01   0.911733E+01   0.240038E+00   0.145918E-02   0.185339E-01   0.125818E-01   0.373514E-02  -0.996369E+02  -0.374769E+02   0.000000E+00  -0.621600E+02   0.124320E+03
   0.401918E+02  -0.205348E+01   0.375093E+01   0.156745E+01   0.856401E+01   0.371473E+02  -0.621694E+01  -0.225414E+01   0.185703E+02  -0.648129E+01  -0.825461E+01  -0.436083E+01   0.975113E+01   0.245092E+00   0.159770E-01   0.780913E-02   0.768600E-02   0.190000E-01  -0.102222E+03  -0.379362E+02   0.000000E+00  -0.642858E+02   0.128572E+03
   0.407592E+02  -0.153642E+01   0.452242E+01   0.156745E+01   0.836935E+01   0.391290E+02  -0.812914E+01  -0.188035E+01   0.185660E+02  -0.642234E+01  -0.825461E+01  -0.434709E+01   0.953612E+01   0.268039E+00   0.236419E-01   0.271705E-02   0.483210E-02   0.116083E-01  -0.103120E+03  -0.384575E+02   0.000000E+00  -0.646625E+02   0.129325E+03
   0.408410E+02  -0.140852E+01   0.596353E+01   0.609059E+01   0.101644E+02   0.383478E+02  -0.628679E+01  -0.201680E+01   0.185066E+02  -0.641576E+01  -0.825461E+01  -0.426017E+01   0.943512E+01   0.242343E+00   0.641906E-02   0.384974E-02   0.170842E-01   0.396206E-02  -0.102224E+03  -0.387099E+02   0.000000E+00  -0.635141E+02   0.127028E+03
   0.408956E+02   0.586883E+00   0.497134E+01   0.366474E+01   0.657972E+01   0.384034E+02  -0.643315E+01  -0.201680E+01   0.184891E+02  -0.641069E+01  -0.825461E+01  -0.426885E+01   0.943512E+01   0.258488E+00   0.338898E-01   0.855305E-02   0.154491E-01   0.197351E-02  -0.103353E+03  -0.393254E+02   0.000000E+00  -0.640276E+02   0.128055E+03
   0.404695E+02   0.368497E-01   0.467688E+01   0.303042E+01   0.497481E+01   0.376425E+02  -0.555260E+01  -0.369450E+01   0.184762E+02  -0.641069E+01  -0.813207E+01  -0.434168E+01   0.924936E+01   0.247785E+00   0.356433E-01   0.181003E-01   0.236922E-01   0.225837E-01  -0.107243E+03  -0.418385E+02   0.000000E+00  -0.654045E+02   0.130809E+03
   0.394035E+02  -0.945161E+00   0.341239E+01   0.428301E+01   0.803322E+01   0.376425E+02  -0.383547E+01  -0.459641E+01   0.184762E+02  -0.644519E+01  -0.813207E+01  -0.434168E+01   0.927604E+01   0.267116E+00   0.370843E-01   0.918165E-03   0.116966E-01   0.268528E-01  -0.103318E+03  -0.394824E+02   0.000000E+00  -0.638356E+02   0.127671E+03
   0.402097E+02  -0.331689E+01   0.441428E+01   0.786254E+00   0.500352E+01   0.372355E+02  -0.510638E+01  -0.285772E+01   0.185159E+02  -0.644519E+01  -0.826424E+01  -0.411263E+01   0.927604E+01   0.254379E+00   0.552358E-02   0.959214E-03   0.343244E-02   0.303740E-01  -0.101615E+03  -0.354732E+02   0.000000E+00  -0.661418E+02   0.132284E+03
   0.403527E+02  -0.191361E+01   0.360332E+01   0.669945E+01   0.928112E+01   0.370555E+02  -0.564295E+01  -0.285772E+01   0.185021E+02  -0.644519E+01  -0.826424E+01  -0.411263E+01   0.911601E+01   0.251576E+00   0.714990E-02   0.605584E-02   0.168285E-01   0.104261E-01  -0.100065E+03  -0.374104E+02   0.000000E+00  -0.626546E+02   0.125309E+03
   0.397751E+02  -0.191361E+01   0.420507E+01   0.538487E+01   0.440780E+01   0.380165E+02  -0.564295E+01  -0.455180E+01   0.185039E+02  -0.643593E+01  -0.826424E+01  -0.411263E+01   0.927162E+01   0.267586E+00   0.552735E-02   0.961814E-02   0.249241E-01   0.131538E-03  -0.100358E+03  -0.351639E+02   0.000000E+00  -0.651941E+02   0.130388E+03
   0.398175E+02  -0.931142E+00   0.227418E+01   0.396995E+01   0.596754E+01   0.377521E+02  -0.401205E+01  -0.571260E+01   0.184758E+02  -0.643593E+01  -0.826424E+01  -0.420458E+01   0.962165E+01   0.277030E+00   0.399949E-03   0.233525E-02   0.174090E-01   0.819673E-03  -0.976873E+02  -0.330189E+02   0.000000E+00  -0.646684E+02   0.129337E+03
   0.396289E+02  -0.931142E+00   0.215567E+01   0.269114E+01   0.589058E+01   0.380751E+02  -0.401205E+01  -0.761892E+01   0.184758E+02  -0.643593E+01  -0.818259E+01  -0.442045E+01   0.962165E+01   0.266649E+00   0.489949E-02   0.874691E-02   0.688716E-02   0.623230E-02  -0.979587E+02  -0.335093E+02   0.000000E+00  -0.644494E+02   0.128899E+03
   0.396289E+02  -0.552437E+00   0.744884E+00   0.410761E+01   0.375462E+01   0.390430E+02  -0.208447E+01  -0.928732E+01   0.184758E+02  -0.643593E+01  -0.817180E+01  -0.447667E+01   0.970106E+01   0.261227E+00   0.489949E-02   0.273358E-02   0.154069E-02   0.943322E-02  -0.989274E+02  -0.319312E+02   0.000000E+00  -0.669962E+02   0.133992E+03
   0.404657E+02  -0.513082E+00   0.381656E+01   0.789393E+01   0.401287E+01   0.369741E+02  -0.208447E+01  -0.662012E+01   0.185372E+02  -0.643593E+01  -0.817180E+01  -0.447661E+01   0.955351E+01   0.254480E+00   0.246374E-01   0.273358E-02   0.121223E-01   0.655550E-03  -0.100419E+03  -0.355360E+02   0.000000E+00  -0.648830E+02   0.129766E+03
   0.404657E+02  -0.179617E+01   0.774672E+01   0.395187E+01   0.112654E+02   0.362458E+02  -0.104889E+01  -0.826848E+01   0.185643E+02  -0.643593E+01  -0.817180E+01  -0.447972E+01   0.963078E+01   0.263019E+00   0.384268E-01   0.189568E-01   0.203911E-01   0.101949E-02  -0.105812E+03  -0.438920E+02   0.000000E+00  -0.619200E+02   0.123840E+03
   0.412349E+02  -0.151253E+01   0.423939E+01   0.616140E+01   0.942887E+01   0.370982E+02  -0.170666E+01  -0.826848E+01   0.186451E+02  -0.641685E+01  -0.812640E+01  -0.450668E+01   0.939975E+01   0.266671E+00   0.157113E-01   0.213600E-03   0.335511E-01   0.117079E-02  -0.104456E+03  -0.393408E+02   0.000000E+00  -0.651152E+02   0.130230E+03
   0.400933E+02  -0.212954E+01   0.435801E+01   0.862070E+00   0.662231E+01   0.378653E+02  -0.170666E+01  -0.826848E+01   0.185774E+02  -0.641685E+01  -0.813168E+01  -0.451925E+01   0.914378E+01   0.252161E+00   0.498002E-02   0.170735E-01   0.855011E-02   0.167980E-02  -0.986209E+02  -0.351867E+02   0.000000E+00  -0.634342E+02   0.126868E+03
   0.406126E+02  -0.340135E+00   0.141425E+01   0.351610E+01   0.252707E+01   0.377137E+02   0.208723E+00  -0.910528E+01   0.185604E+02  -0.641685E+01  -0.813168E+01  -0.451925E+01   0.914378E+01   0.265812E+00   0.918724E-02   0.762039E-02   0.718359E-02   0.212426E-02  -0.999937E+02  -0.327681E+02   0.000000E+00  -0.672256E+02   0.134451E+03
   0.400607E+02  -0.135586E+01   0.732001E+01   0.499040E+01   0.928489E+01   0.375895E+02  -0.997126E+00  -0.988543E+01   0.185604E+02  -0.641685E+01  -0.813168E+01  -0.451925E+01   0.921732E+01   0.261957E+00   0.226457E-02   0.121845E-01   0.184463E-01   0.141992E-01  -0.101759E+03  -0.393989E+02   0.000000E+00  -0.623601E+02   0.124720E+03
   0.409754E+02  -0.167082E+01   0.768026E+01   0.269100E+01   0.826588E+01   0.374999E+02  -0.123861E+01  -0.892445E+01   0.187157E+02  -0.641924E+01  -0.813962E+01  -0.487575E+01   0.921732E+01   0.247055E+00   0.748260E-03   0.134797E-01   0.128943E-02   0.208475E-02  -0.990920E+02  -0.366568E+02   0.000000E+00  -0.624352E+02   0.124870E+03
   0.403958E+02  -0.257786E+01   0.389223E+01   0.269100E+01   0.952171E+01   0.376371E+02  -0.118229E+01  -0.914510E+01   0.186079E+02  -0.641924E+01  -0.816527E+01  -0.461731E+01   0.928459E+01   0.262174E+00   0.427239E-02   0.628274E-02   0.142064E-01   0.532747E-02  -0.978105E+02  -0.364093E+02   0.000000E+00  -0.614012E+02   0.122802E+03
   0.403958E+02  -0.101459E+01   0.185145E+01   0.149832E+01   0.601064E+01   0.357494E+02   0.376334E+01  -0.109011E+02   0.186147E+02  -0.641924E+01  -0.816527E+01  -0.461731E+01   0.923835E+01   0.249406E+00   0.104866E-01   0.249697E-02   0.199583E-01   0.104559E-01  -0.101169E+03  -0.357711E+02   0.000000E+00  -0.653979E+02   0.130796E+03
   0.404652E+02  -0.141872E+01   0.537299E+01   0.403454E+01   0.866319E+01   0.363202E+02   0.153956E+01  -0.107668E+02   0.186147E+02  -0.641924E+01  -0.816527E+01  -0.468957E+01   0.955654E+01   0.263326E+00   0.206819E-01   0.483180E-02   0.323365E-03   0.168501E-02  -0.969239E+02  -0.366328E+02   0.000000E+00  -0.602911E+02   0.120582E+03
   0.404658E+02  -0.184672E+01   0.331382E+01   0.493805E+01   0.436974E+01   0.351878E+02   0.255765E+01  -0.880643E+01   0.186013E+02  -0.642943E+01  -0.812338E+01  -0.456669E+01   0.919731E+01   0.260760E+00   0.236188E-01   0.446367E-03   0.515532E-02   0.584946E-02  -0.987473E+02  -0.345981E+02   0.000000E+00  -0.641492E+02   0.128298E+03
   0.400778E+02  -0.241558E+01   0.193544E+01   0.545832E+01   0.530247E+01   0.364320E+02   0.357023E+01  -0.118470E+02   0.186013E+02  -0.645165E+01  -0.812338E+01  -0.460385E+01   0.934549E+01   0.244750E+00   0.654061E-02   0.282409E-03   0.319575E-01   0.107424E-02  -0.101344E+03  -0.353597E+02   0.000000E+00  -0.659843E+02   0.131969E+03
   0.395134E+02  -0.284984E+01   0.140499E+01   0.595220E+01   0.455748E+01   0.350527E+02   0.373740E+01  -0.107504E+02   0.185774E+02  -0.645165E+01  -0.810359E+01  -0.457337E+01   0.934549E+01   0.258667E+00   0.741028E-02   0.113846E-01   0.175471E-01   0.114856E-02  -0.102042E+03  -0.342599E+02   0.000000E+00  -0.677821E+02   0.135564E+03
   0.412699E+02   0.873365E+00   0.649601E+01   0.711154E+01   0.855272E+01   0.361953E+02   0.312770E+01  -0.123870E+02   0.186100E+02  -0.645165E+01  -0.810359E+01  -0.465171E+01   0.934549E+01   0.261579E+00   0.317977E-02   0.457822E-02   0.494012E-02   0.122894E-01  -0.994590E+02  -0.383321E+02   0.000000E+00  -0.611269E+02   0.122254E+03
   0.409924E+02  -0.245769E+01   0.710418E+01  -0.116911E-01   0.677774E+01   0.373409E+02   0.409263E+01  -0.149087E+02   0.186000E+02  -0.645165E+01  -0.812033E+01  -0.453801E+01   0.912242E+01   0.263319E+00   0.600177E-02   0.152891E-02   0.179592E-02   0.197007E-01  -0.103524E+03  -0.377869E+02   0.000000E+00  -0.657371E+02   0.131474E+03
   0.396803E+02  -0.258024E+01   0.347854E+01   0.828109E+00   0.949667E+01   0.367215E+02   0.391024E+01  -0.146510E+02   0.185760E+02  -0.643724E+01  -0.830049E+01  -0.449691E+01   0.996346E+01   0.255268E+00   0.505353E-02   0.393492E-02   0.474046E-02   0.497649E-01  -0.104259E+03  -0.400765E+02   0.000000E+00  -0.641825E+02   0.128365E+03
   0.408812E+02  -0.125376E+01   0.582915E+01   0.120085E+01   0.769168E+01   0.376120E+02   0.138307E+01  -0.158218E+02   0.185760E+02  -0.643724E+01  -0.821624E+01  -0.408790E+01   0.996346E+01   0.287207E+00   0.792057E-02   0.108994E-02   0.716507E-02   0.446359E-01  -0.111843E+03  -0.407181E+02   0.000000E+00  -0.711249E+02   0.142250E+03
   0.409010E+02  -0.125376E+01   0.486114E+01   0.701089E+01   0.628217E+01   0.365435E+02   0.374074E+01  -0.145247E+02   0.185530E+02  -0.643879E+01  -0.836362E+01  -0.408790E+01   0.924793E+01   0.245134E+00   0.270877E-02   0.497413E-02   0.197260E-01   0.332274E-01  -0.102166E+03  -0.399169E+02   0.000000E+00  -0.622491E+02   0.124498E+03
   0.405400E+02  -0.172977E+01   0.459634E+01   0.209695E+01   0.966273E+01   0.363261E+02   0.419920E+01  -0.146540E+02   0.185530E+02  -0.643879E+01  -0.830729E+01  -0.424139E+01   0.952115E+01   0.251077E+00   0.208058E-01   0.307988E-01   0.679898E-02   0.162346E-01  -0.103358E+03  -0.422265E+02   0.000000E+00  -0.611315E+02   0.122263E+03
   0.397212E+02  -0.151556E+01   0.386374E+01   0.508034E+01   0.815207E+01   0.369792E+02   0.228755E+01  -0.150345E+02   0.185158E+02  -0.643656E+01  -0.826530E+01  -0.426146E+01   0.927310E+01   0.252949E+00   0.168193E-01   0.331261E-02   0.504982E-02   0.146107E-02  -0.978715E+02  -0.359600E+02   0.000000E+00  -0.619115E+02   0.123823E+03
   0.401054E+02  -0.151556E+01   0.375573E+01   0.157002E+01   0.827184E+01   0.349115E+02   0.293955E+01  -0.902602E+01   0.185110E+02  -0.643656E+01  -0.826530E+01  -0.398014E+01   0.886797E+01   0.252230E+00   0.154193E-01   0.429990E-02   0.661881E-03   0.226757E-03  -0.969229E+02  -0.342719E+02   0.000000E+00  -0.626510E+02   0.125302E+03
   0.398669E+02  -0.149260E+01   0.305632E+01   0.388872E+01   0.377260E+01   0.349906E+02   0.290183E+01  -0.795481E+01   0.183911E+02  -0.632279E+01  -0.815329E+01  -0.393340E+01   0.945008E+01   0.257751E+00   0.260716E-02   0.514222E-02   0.661881E-03   0.215230E-01  -0.105344E+03  -0.330566E+02   0.000000E+00  -0.722874E+02   0.144575E+03
   0.391843E+02  -0.164241E+01   0.255305E+01   0.534142E+01   0.599007E+01   0.342245E+02   0.205980E+01  -0.886922E+01   0.183729E+02  -0.632279E+01  -0.815329E+01  -0.433994E+01   0.940342E+01   0.264007E+00   0.127595E-01   0.190291E-01   0.624264E-02   0.866606E-02  -0.102877E+03  -0.352307E+02   0.000000E+00  -0.676463E+02   0.135293E+03
   0.396104E+02  -0.825231E+00   0.534895E+01   0.247807E+01   0.100456E+02   0.334360E+02   0.163607E+01  -0.769455E+01   0.183521E+02  -0.637241E+01  -0.825849E+01  -0.377426E+01   0.874354E+01   0.257297E+00   0.186068E-02   0.169061E-01   0.186668E-02   0.134193E-02  -0.101530E+03  -0.352373E+02   0.000000E+00  -0.662927E+02   0.132585E+03
   0.399215E+02  -0.825231E+00   0.534895E+01   0.103716E+01   0.889760E+01   0.348016E+02  -0.134534E+00  -0.578311E+01   0.182898E+02  -0.638325E+01  -0.818993E+01  -0.377426E+01   0.875488E+01   0.252803E+00   0.397103E-03   0.643480E-02   0.299841E-02   0.717456E-02  -0.989482E+02  -0.341874E+02   0.000000E+00  -0.647608E+02   0.129522E+03
   0.404594E+02  -0.252536E+01   0.985907E+00  -0.109966E+00   0.133707E+01   0.343082E+02   0.344259E+01  -0.106543E+02   0.184095E+02  -0.652177E+01  -0.833394E+01  -0.355268E+01   0.887286E+01   0.259728E+00   0.554675E-02   0.643652E-02   0.479859E-02   0.796861E-03  -0.991546E+02  -0.313250E+02   0.000000E+00  -0.678296E+02   0.135659E+03
   0.402031E+02  -0.277969E+00   0.451790E+01   0.628373E+01   0.749477E+01   0.342266E+02   0.420554E+01  -0.107552E+02   0.184095E+02  -0.650342E+01  -0.833394E+01  -0.355268E+01   0.902708E+01   0.257625E+00   0.432841E-03   0.142607E-01   0.806767E-03   0.167187E-02  -0.956584E+02  -0.346265E+02   0.000000E+00  -0.610319E+02   0.122064E+03
   0.399244E+02  -0.118582E+01   0.419641E+01   0.480767E+01   0.107270E+02   0.328079E+02   0.496425E+01  -0.825862E+01   0.184391E+02  -0.649886E+01  -0.826295E+01  -0.367953E+01   0.864867E+01   0.246773E+00   0.115784E-01   0.488992E-02   0.152990E-01   0.991227E-02  -0.103703E+03  -0.377693E+02   0.000000E+00  -0.659337E+02   0.131867E+03
   0.400057E+02  -0.316329E-01   0.386383E+01   0.235254E+01   0.337212E+01   0.341778E+02   0.108995E+01  -0.612206E+01   0.183949E+02  -0.645937E+01  -0.822002E+01  -0.369204E+01   0.880039E+01   0.257811E+00   0.176038E-01   0.112850E-01   0.924959E-02   0.952178E-03  -0.100479E+03  -0.337602E+02   0.000000E+00  -0.667188E+02   0.133438E+03
   0.406819E+02  -0.267500E+01   0.297837E+01   0.148161E+01   0.683505E+01   0.365273E+02   0.221462E+00  -0.893755E+01   0.183952E+02  -0.639393E+01  -0.822002E+01  -0.369258E+01   0.837906E+01   0.265754E+00   0.422591E-02   0.150482E-01   0.160022E-01   0.260744E-01  -0.101417E+03  -0.377297E+02   0.000000E+00  -0.636873E+02   0.127375E+03
   0.406819E+02  -0.243150E+01   0.639272E+01   0.462831E+01   0.683505E+01   0.368082E+02  -0.304859E+00  -0.868393E+01   0.183389E+02  -0.638047E+01  -0.818670E+01  -0.369258E+01   0.837906E+01   0.265762E+00   0.163717E-01   0.175150E-02   0.917887E-02   0.593070E-02  -0.993365E+02  -0.362649E+02   0.000000E+00  -0.630716E+02   0.126143E+03
   0.404117E+02  -0.644936E+00   0.604846E+01   0.508865E+01   0.962652E+01   0.361593E+02   0.510126E+00  -0.884804E+01   0.182472E+02  -0.635984E+01  -0.819821E+01  -0.367508E+01   0.882286E+01   0.245836E+00   0.103670E-01   0.321008E-02   0.146723E-02   0.124901E-01  -0.979042E+02  -0.368247E+02   0.000000E+00  -0.610795E+02   0.122159E+03
   0.408751E+02  -0.153378E+00   0.539811E+01   0.620087E+01   0.100649E+02   0.353695E+02   0.232477E+01  -0.106754E+02   0.183163E+02  -0.638784E+01  -0.832761E+01  -0.362523E+01   0.909360E+01   0.251916E+00   0.810539E-02   0.678807E-02   0.138859E-01   0.227332E-01  -0.100126E+03  -0.399970E+02   0.000000E+00  -0.601290E+02   0.120258E+03
   0.398465E+02  -0.251758E+01   0.158613E+01  -0.948488E+00   0.828183E+01   0.348006E+02   0.460597E+01  -0.117909E+02   0.182466E+02  -0.638651E+01  -0.832761E+01  -0.350754E+01   0.889206E+01   0.274267E+00   0.400402E-02   0.241739E-01   0.186978E-01   0.194614E-02  -0.105547E+03  -0.366965E+02   0.000000E+00  -0.688505E+02   0.137701E+03
   0.398197E+02  -0.139929E+01   0.138549E+01   0.408894E+01   0.475126E+01   0.350033E+02   0.332194E+01  -0.940844E+01   0.182620E+02  -0.636276E+01  -0.832761E+01  -0.350754E+01   0.889206E+01   0.260672E+00   0.231414E-02   0.526491E-02   0.181286E-01   0.594912E-02  -0.993019E+02  -0.331557E+02   0.000000E+00  -0.661462E+02   0.132292E+03
   0.407107E+02  -0.124282E+00   0.449481E+01   0.420160E+01   0.614625E+01   0.348043E+02   0.351918E+01  -0.109880E+02   0.182457E+02  -0.636276E+01  -0.828730E+01  -0.360667E+01   0.886386E+01   0.259759E+00   0.152810E-01   0.181937E-01   0.112303E-01   0.142002E-01  -0.100078E+03  -0.382483E+02   0.000000E+00  -0.618297E+02   0.123659E+03
   0.412391E+02  -0.395503E+00   0.682933E+01   0.424280E+01   0.106793E+02   0.354364E+02   0.240269E+01  -0.913509E+01   0.182457E+02  -0.636276E+01  -0.830557E+01  -0.339311E+01   0.855061E+01   0.249222E+00   0.947672E-02   0.252637E-01   0.240175E-02   0.578154E-02  -0.101358E+03  -0.398781E+02   0.000000E+00  -0.614799E+02   0.122960E+03
   0.402854E+02  -0.964718E+00   0.306649E+01   0.653594E+00   0.738760E+01   0.349545E+02   0.236353E+01  -0.103493E+02   0.182457E+02  -0.636276E+01  -0.832676E+01  -0.330918E+01   0.846660E+01   0.258265E+00   0.435740E-02   0.104202E-02   0.596298E-02   0.114227E-02  -0.969250E+02  -0.328639E+02   0.000000E+00  -0.640611E+02   0.128122E+03
   0.403206E+02  -0.964718E+00   0.531095E+01   0.668312E+01   0.778704E+01   0.352970E+02   0.244213E+01  -0.105239E+02   0.182895E+02  -0.632439E+01  -0.832906E+01  -0.330918E+01   0.839741E+01   0.248413E+00   0.154018E-02   0.342270E-01   0.784471E-02   0.426481E-02  -0.101299E+03  -0.378780E+02   0.000000E+00  -0.634210E+02   0.126842E+03
   0.409143E+02  -0.133057E+00   0.513804E+01   0.477841E+01   0.860724E+01   0.361341E+02   0.210313E+01  -0.123181E+02   0.182458E+02  -0.631887E+01  -0.838523E+01  -0.330918E+01   0.831659E+01   0.246785E+00   0.171211E-01   0.438115E-02   0.521319E-02   0.382576E-02  -0.976098E+02  -0.370177E+02   0.000000E+00  -0.605921E+02   0.121184E+03
   0.401600E+02  -0.128762E+01   0.556916E+00   0.541983E+01   0.599852E+01   0.356699E+02   0.118309E+01  -0.110540E+02   0.182810E+02  -0.629845E+01  -0.833885E+01  -0.331916E+01   0.797705E+01   0.259017E+00   0.329875E-02   0.229993E-02   0.725108E-02   0.246834E-01  -0.101238E+03  -0.343202E+02   0.000000E+00  -0.669178E+02   0.133836E+03
   0.403225E+02  -0.836987E+00   0.506758E+01   0.466067E+01   0.599852E+01   0.369046E+02  -0.237044E+01  -0.606686E+01   0.183415E+02  -0.637946E+01  -0.841736E+01  -0.317510E+01   0.808533E+01   0.254411E+00   0.140246E-01   0.828619E-02   0.139317E-02   0.235052E-01  -0.973298E+02  -0.363380E+02   0.000000E+00  -0.609918E+02   0.121984E+03
   0.403638E+02  -0.187440E+01   0.281976E+01   0.125340E+01   0.494143E+01   0.369046E+02  -0.250421E+01  -0.601560E+01   0.183401E+02  -0.637211E+01  -0.841736E+01  -0.324880E+01   0.835198E+01   0.254835E+00   0.297692E-03   0.129994E-01   0.987638E-02   0.887095E-02  -0.974378E+02  -0.335660E+02   0.000000E+00  -0.638718E+02   0.127744E+03
   0.396488E+02  -0.267307E+01   0.146165E+01   0.710841E+01   0.443709E+01   0.366513E+02  -0.304926E+01  -0.544153E+01   0.183358E+02  -0.643683E+01  -0.841594E+01  -0.324880E+01   0.835198E+01   0.245643E+00   0.184010E-01   0.172705E-02   0.291027E-01   0.434913E-02  -0.102700E+03  -0.351351E+02   0.000000E+00  -0.675649E+02   0.135130E+03
   0.399354E+02  -0.176787E+01   0.370651E+01   0.525599E+01   0.668130E+01   0.373471E+02  -0.142456E+01  -0.662350E+01   0.183371E+02  -0.648130E+01  -0.841594E+01  -0.313770E+01   0.831491E+01   0.253760E+00   0.116472E-01   0.202176E-01   0.423978E-02   0.702914E-02  -0.955431E+02  -0.355612E+02   0.000000E+00  -0.599819E+02   0.119964E+03
   0.405259E+02  -0.446640E+00   0.370651E+01   0.262758E+01   0.568210E+01   0.357123E+02  -0.156798E+01  -0.647284E+01   0.183456E+02  -0.649771E+01  -0.841594E+01  -0.311304E+01   0.831100E+01   0.274843E+00   0.833840E-03   0.140520E-01   0.479670E-02   0.182688E-01  -0.967519E+02  -0.347212E+02   0.000000E+00  -0.620307E+02   0.124061E+03
   0.418620E+02  -0.355911E+01   0.314985E+01   0.363228E+01   0.806194E+01   0.376722E+02  -0.981202E+00  -0.757254E+01   0.182948E+02  -0.649771E+01  -0.841339E+01  -0.300168E+01   0.855489E+01   0.256982E+00   0.111401E-01   0.169552E-01   0.625874E-02   0.820551E-02  -0.107900E+03  -0.372286E+02   0.000000E+00  -0.706714E+02   0.141343E+03
   0.387756E+02  -0.387250E+01   0.176577E+01   0.153632E+01   0.727239E+01   0.376722E+02  -0.277500E+01  -0.757254E+01   0.183067E+02  -0.648843E+01  -0.845878E+01  -0.303295E+01   0.843991E+01   0.256353E+00   0.247541E-01   0.215046E-01   0.409678E-02   0.315392E-01  -0.107069E+03  -0.383515E+02   0.000000E+00  -0.687175E+02   0.137435E+03
   0.402395E+02  -0.258853E+01   0.121603E+01   0.196853E+01   0.754619E+01   0.376927E+02  -0.376017E+01  -0.629351E+01   0.183067E+02  -0.648843E+01  -0.845878E+01  -0.313524E+01   0.880645E+01   0.269929E+00   0.235694E-01   0.601855E-02   0.247363E-01   0.515625E-02  -0.101110E+03  -0.369546E+02   0.000000E+00  -0.641554E+02   0.128311E+03
   0.406191E+02  -0.117548E+01   0.447008E+01   0.454505E+01   0.315608E+01   0.370197E+02  -0.376017E+01  -0.532323E+01   0.183391E+02  -0.652136E+01  -0.846041E+01  -0.313524E+01   0.866117E+01   0.264072E+00   0.319568E-02   0.361531E-03   0.107105E-01   0.942199E-03  -0.942390E+02  -0.321639E+02   0.000000E+00  -0.620751E+02   0.124150E+03
   0.409355E+02  -0.958969E+00   0.358492E+01   0.472300E+01   0.919939E+01   0.370402E+02  -0.376017E+01  -0.553039E+01   0.183402E+02  -0.652136E+01  -0.846041E+01  -0.286850E+01   0.866117E+01   0.254220E+00   0.251961E-01   0.110218E-01   0.411747E-02   0.148835E-01  -0.100821E+03  -0.385338E+02   0.000000E+00  -0.622872E+02   0.124574E+03
   0.404332E+02  -0.922541E+00   0.439616E+01   0.654969E+01   0.101323E+02   0.397776E+02  -0.331451E+01  -0.995036E+01   0.183619E+02  -0.660977E+01  -0.846041E+01  -0.268107E+01   0.801997E+01   0.266111E+00   0.424380E-02   0.406286E-03   0.219091E-03   0.604261E-02  -0.954967E+02  -0.352423E+02   0.000000E+00  -0.602544E+02   0.120509E+03
   0.402507E+02  -0.123344E+01   0.397869E+01   0.147941E+01   0.603116E+00   0.398730E+02  -0.279838E+01  -0.995036E+01   0.183973E+02  -0.663503E+01  -0.846041E+01  -0.256270E+01   0.759348E+01   0.266177E+00   0.155164E-01   0.506953E-02   0.142714E-01   0.964971E-03  -0.996883E+02  -0.333154E+02   0.000000E+00  -0.663729E+02   0.132746E+03
   0.404540E+02  -0.309002E+01   0.397869E+01   0.139838E+01   0.632202E+01   0.378967E+02   0.195544E+01  -0.126300E+02   0.183463E+02  -0.663196E+01  -0.848554E+01  -0.256270E+01   0.813699E+01   0.244908E+00   0.230296E-02   0.311275E-02   0.288676E-02   0.361440E-01  -0.994471E+02  -0.364151E+02   0.000000E+00  -0.630320E+02   0.126064E+03
   0.404792E+02  -0.277605E+01   0.349643E+01   0.224386E+01   0.663755E+01   0.377673E+02   0.151279E+01  -0.142286E+02   0.183463E+02  -0.661847E+01  -0.842692E+01  -0.255063E+01   0.850282E+01   0.268488E+00   0.290071E-02   0.533427E-02   0.437599E-02   0.129536E-02  -0.979866E+02  -0.336039E+02   0.000000E+00  -0.643827E+02   0.128765E+03
   0.402977E+02  -0.912864E+00   0.418086E+01   0.503208E+01   0.830181E+01   0.375891E+02  -0.106978E+00  -0.106829E+02   0.183789E+02  -0.661847E+01  -0.842692E+01  -0.266746E+01   0.771464E+01   0.243310E+00   0.606260E-02   0.177376E-01   0.154497E-02   0.156942E-02  -0.930709E+02  -0.353159E+02   0.000000E+00  -0.577550E+02   0.115510E+03
   0.411847E+02  -0.149767E+01   0.523468E+01   0.416582E+01   0.768875E+01   0.377410E+02   0.130856E+01  -0.124018E+02   0.183714E+02  -0.661847E+01  -0.840153E+01  -0.266746E+01   0.771464E+01   0.247803E+00   0.139122E-02   0.145387E-01   0.154649E-01   0.274699E-02  -0.960319E+02  -0.369915E+02   0.000000E+00  -0.590404E+02   0.118081E+03
   0.398807E+02  -0.149767E+01   0.242509E+01   0.937167E+01   0.961836E+01   0.365425E+02   0.151013E+01  -0.920423E+01   0.183784E+02  -0.661847E+01  -0.840153E+01  -0.266746E+01   0.771464E+01   0.263931E+00   0.184810E-02   0.169145E-01   0.228633E-01   0.147584E-03  -0.100875E+03  -0.368452E+02   0.000000E+00  -0.640298E+02   0.128060E+03
   0.399892E+02  -0.149767E+01   0.828653E+00   0.789176E+00   0.162322E+01   0.361676E+02   0.902133E+00  -0.997403E+01   0.183784E+02  -0.661847E+01  -0.845291E+01  -0.266746E+01   0.774483E+01   0.265211E+00   0.126241E-02   0.542556E-02   0.938585E-03   0.277007E-03  -0.935521E+02  -0.296162E+02   0.000000E+00  -0.639359E+02   0.127872E+03
   0.406534E+02  -0.149767E+01   0.805540E+01   0.987543E+00   0.905095E+01   0.357157E+02  -0.276177E+00  -0.989011E+01   0.183784E+02  -0.661847E+01  -0.837809E+01  -0.266791E+01   0.789573E+01   0.259640E+00   0.698667E-02   0.157568E-01   0.451932E-02   0.920386E-02  -0.101164E+03  -0.381860E+02   0.000000E+00  -0.629780E+02   0.125956E+03
   0.403441E+02  -0.200828E+01   0.370202E+01   0.439611E+01   0.112761E+02   0.354499E+02   0.169669E+00  -0.827936E+01   0.183612E+02  -0.661847E+01  -0.841131E+01  -0.275178E+01   0.789573E+01   0.255734E+00   0.205663E-01   0.269794E-03   0.109827E-01   0.366363E-03  -0.950938E+02  -0.366629E+02   0.000000E+00  -0.584309E+02   0.116862E+03
   0.404857E+02   0.941415E+00   0.440207E+01   0.502703E+01   0.703057E+01   0.364062E+02  -0.558986E+00  -0.776431E+01   0.185038E+02  -0.661847E+01  -0.851097E+01  -0.290861E+01   0.789573E+01   0.263739E+00   0.506831E-02   0.132739E-01   0.498243E-02   0.366363E-03  -0.923662E+02  -0.344844E+02   0.000000E+00  -0.578818E+02   0.115764E+03
   0.405040E+02  -0.849920E+00   0.301344E+01   0.362358E+01   0.866560E+01   0.363799E+02  -0.172212E+01  -0.855977E+01   0.184455E+02  -0.661847E+01  -0.845862E+01  -0.290861E+01   0.801998E+01   0.244594E+00   0.520178E-02   0.129032E-01   0.176678E-01   0.996080E-02  -0.959371E+02  -0.367388E+02   0.000000E+00  -0.591983E+02   0.118397E+03
   0.414920E+02  -0.146524E+01   0.566850E+01   0.593456E+01   0.837919E+01   0.368323E+02  -0.180340E+01  -0.788583E+01   0.183922E+02  -0.660656E+01  -0.844547E+01  -0.286751E+01   0.818163E+01   0.247144E+00   0.169480E-01   0.575575E-02   0.187480E-01   0.737616E-02  -0.988064E+02  -0.388741E+02   0.000000E+00  -0.599323E+02   0.119865E+03
   0.410278E+02   0.101029E+00   0.456461E+01   0.870004E+01   0.878617E+01   0.374975E+02  -0.123129E+01  -0.769768E+01   0.184269E+02  -0.663383E+01  -0.860409E+01  -0.269579E+01   0.820065E+01   0.253397E+00   0.288538E-02   0.164645E-02   0.117553E-02   0.535486E-02  -0.923149E+02  -0.350907E+02   0.000000E+00  -0.572242E+02   0.114448E+03
   0.408341E+02  -0.417098E+00   0.269485E+01   0.694403E+01   0.834205E+01   0.389025E+02  -0.100767E+01  -0.102974E+02   0.184824E+02  -0.664065E+01  -0.861554E+01  -0.269579E+01   0.802967E+01   0.252797E+00   0.157909E-01   0.626840E-02   0.111662E-01   0.446887E-02  -0.953395E+02  -0.366653E+02   0.000000E+00  -0.586742E+02   0.117348E+03
   0.404397E+02  -0.161751E+01   0.439089E+01   0.633615E+01   0.503791E+01   0.384187E+02  -0.104604E+01  -0.107835E+02   0.185165E+02  -0.664579E+01  -0.848937E+01  -0.289980E+01   0.789816E+01   0.261618E+00   0.274726E-02   0.964772E-03   0.549623E-02   0.942164E-02  -0.926015E+02  -0.335653E+02   0.000000E+00  -0.590362E+02   0.118072E+03
   0.403851E+02  -0.207235E+01   0.436979E+01   0.557971E+01   0.606168E+01   0.377653E+02  -0.221785E+01  -0.824404E+01   0.186837E+02  -0.683074E+01  -0.847532E+01  -0.285852E+01   0.803690E+01   0.244943E+00   0.351518E-02   0.140895E-01   0.682616E-04   0.260195E-01  -0.936629E+02  -0.361229E+02   0.000000E+00  -0.575400E+02   0.115080E+03
   0.399817E+02  -0.203520E+01   0.260717E+01   0.286665E+00   0.622113E+01   0.363926E+02  -0.281084E+01  -0.677206E+01   0.186814E+02  -0.678720E+01  -0.852117E+01  -0.280562E+01   0.809117E+01   0.247991E+00   0.264578E-02   0.174104E-01   0.312148E-02   0.104615E-01  -0.949888E+02  -0.339198E+02   0.000000E+00  -0.610690E+02   0.122138E+03
   0.401568E+02  -0.200286E+01   0.498926E+01   0.165969E+01   0.105664E+02   0.364228E+02  -0.152369E+01  -0.773770E+01   0.186814E+02  -0.683218E+01  -0.852729E+01  -0.280562E+01   0.804007E+01   0.248743E+00   0.227963E-01   0.428205E-02   0.680092E-02   0.192619E-02  -0.929177E+02  -0.370942E+02   0.000000E+00  -0.558235E+02   0.111647E+03
   0.400496E+02  -0.137645E+01   0.445851E+01   0.177721E+01   0.371874E+01   0.373101E+02   0.157828E+01  -0.126369E+02   0.186564E+02  -0.688212E+01  -0.832675E+01  -0.307657E+01   0.824398E+01   0.255109E+00   0.299049E-01   0.199189E-02   0.680092E-02   0.562905E-02  -0.935188E+02  -0.354392E+02   0.000000E+00  -0.580796E+02   0.116159E+03
   0.397425E+02   0.214931E-01   0.299800E+01   0.407267E+01   0.338212E+01   0.382733E+02   0.245169E+01  -0.134889E+02   0.186404E+02  -0.687622E+01  -0.832735E+01  -0.311545E+01   0.824398E+01   0.257286E+00   0.117967E-01   0.450535E-02   0.787611E-02   0.219322E-02  -0.930389E+02  -0.333508E+02   0.000000E+00  -0.596881E+02   0.119376E+03
   0.398719E+02  -0.200219E+01   0.130728E+01   0.229277E+01  -0.402025E+00   0.371844E+02   0.260110E+01  -0.131265E+02   0.186965E+02  -0.687622E+01  -0.834302E+01  -0.295259E+01   0.824398E+01   0.270630E+00   0.344508E-01   0.576057E-02   0.109517E-01   0.219322E-02  -0.100777E+03  -0.345370E+02   0.000000E+00  -0.662400E+02   0.132480E+03
   0.400241E+02   0.426041E+00   0.386870E+01   0.583717E+01   0.505615E+01   0.370720E+02  -0.147628E+00  -0.113260E+02   0.186305E+02  -0.687795E+01  -0.830704E+01  -0.296470E+01   0.786124E+01   0.257120E+00   0.241883E-01   0.225466E-01   0.321323E-02   0.611531E-02  -0.951521E+02  -0.370296E+02   0.000000E+00  -0.581225E+02   0.116245E+03
   0.409106E+02   0.938040E+00   0.454363E+01   0.712182E+01   0.508765E+01   0.352247E+02   0.622556E+00  -0.657669E+01   0.185949E+02  -0.687795E+01  -0.830704E+01  -0.288873E+01   0.780050E+01   0.262294E+00   0.189243E-01   0.229797E-01   0.955927E-03   0.145325E-01  -0.956597E+02  -0.376250E+02   0.000000E+00  -0.580347E+02   0.116069E+03
   0.409923E+02  -0.400761E+00   0.476846E+01   0.592541E+01   0.560613E+01   0.350646E+02  -0.230429E-01  -0.594000E+01   0.186296E+02  -0.688453E+01  -0.830203E+01  -0.288873E+01   0.773527E+01   0.248282E+00   0.130985E-01   0.137953E-01   0.425158E-02   0.166545E-01  -0.938994E+02  -0.366225E+02   0.000000E+00  -0.572769E+02   0.114554E+03
   0.406568E+02   0.609947E+00   0.496503E+01   0.547849E+01   0.727879E+01   0.366223E+02   0.173288E+00  -0.713721E+01   0.186525E+02  -0.691340E+01  -0.830203E+01  -0.288873E+01   0.780455E+01   0.254356E+00   0.258248E-01   0.202547E-02   0.500778E-02   0.792533E-04  -0.915606E+02  -0.359304E+02   0.000000E+00  -0.556302E+02   0.111260E+03
   0.412283E+02   0.609947E+00   0.424807E+01   0.845788E+01   0.727879E+01   0.351638E+02   0.199632E+01  -0.833483E+01   0.187028E+02  -0.691340E+01  -0.830203E+01  -0.301672E+01   0.770384E+01   0.250413E+00   0.881389E-02   0.125906E-01   0.984400E-02   0.452561E-02  -0.936425E+02  -0.369739E+02   0.000000E+00  -0.566686E+02   0.113337E+03
   0.404013E+02   0.868161E+00   0.142572E+01   0.845788E+01   0.360518E+01   0.392109E+02   0.898725E-01  -0.111198E+02   0.186744E+02  -0.687406E+01  -0.828179E+01  -0.300341E+01   0.789690E+01   0.248493E+00   0.622797E-02   0.388294E-03   0.634731E-02   0.917050E-02  -0.100646E+03  -0.334035E+02   0.000000E+00  -0.672425E+02   0.134485E+03
   0.404767E+02   0.119180E+01   0.499325E+01   0.264315E+01   0.632760E+01   0.379363E+02  -0.482753E+00  -0.111198E+02   0.186607E+02  -0.696871E+01  -0.829352E+01  -0.268417E+01   0.780901E+01   0.252200E+00   0.859346E-02   0.289385E-02   0.795702E-02   0.131765E-01  -0.957702E+02  -0.355523E+02   0.000000E+00  -0.602179E+02   0.120436E+03
   0.392391E+02  -0.155002E+01   0.410861E+01   0.357651E+01   0.102570E+02   0.374031E+02  -0.886710E+00  -0.105016E+02   0.185868E+02  -0.696857E+01  -0.819621E+01  -0.259116E+01   0.737707E+01   0.265284E+00   0.269338E-01   0.658090E-02   0.369636E-02   0.792857E-02  -0.978449E+02  -0.371779E+02   0.000000E+00  -0.606670E+02   0.121334E+03
   0.401137E+02   0.140344E+00   0.432808E+01   0.753652E+01   0.821673E+01   0.355016E+02   0.779045E+00  -0.648115E+01   0.185985E+02  -0.694447E+01  -0.833434E+01  -0.256630E+01   0.768171E+01   0.236164E+00   0.142166E-01   0.912811E-02   0.370892E-02   0.261902E-01  -0.964188E+02  -0.378295E+02   0.000000E+00  -0.585893E+02   0.117179E+03
   0.396387E+02  -0.175702E+01   0.355985E+01   0.322583E+01   0.330689E+01   0.340702E+02   0.768643E+00  -0.831996E+01   0.186509E+02  -0.693302E+01  -0.835504E+01  -0.247853E+01   0.768171E+01   0.267068E+00   0.602350E-02   0.277121E-03   0.272833E-02   0.429711E-01  -0.982504E+02  -0.347453E+02   0.000000E+00  -0.635051E+02   0.127010E+03
   0.396091E+02   0.432122E+00   0.374664E+01   0.500102E+01   0.390153E+01   0.374008E+02  -0.164985E+01  -0.829859E+01   0.188566E+02  -0.721127E+01  -0.842480E+01  -0.233508E+01   0.731533E+01   0.248228E+00   0.748016E-02   0.678819E-02   0.119628E-01   0.125852E-01  -0.910454E+02  -0.341516E+02   0.000000E+00  -0.568938E+02   0.113788E+03
   0.393693E+02  -0.212844E+01   0.135611E+01   0.272032E+01   0.615089E+01   0.358203E+02   0.176713E+01  -0.106042E+02   0.189297E+02  -0.731893E+01  -0.839759E+01  -0.233508E+01   0.730323E+01   0.237559E+00   0.204947E-02   0.304874E-03   0.184043E-01   0.365061E-02  -0.891365E+02  -0.326044E+02   0.000000E+00  -0.565321E+02   0.113064E+03
   0.400033E+02  -0.344584E+01   0.135611E+01   0.331624E+01   0.533245E+01   0.349329E+02   0.135686E+01  -0.941490E+01   0.188688E+02  -0.733754E+01  -0.850299E+01  -0.238385E+01   0.823711E+01   0.248512E+00   0.204947E-02   0.221426E-02   0.264857E-02   0.110520E-01  -0.874353E+02  -0.319743E+02   0.000000E+00  -0.554610E+02   0.110922E+03
   0.400033E+02   0.996562E-02   0.505013E+01   0.353745E+01   0.882349E+01   0.346905E+02   0.213499E+01  -0.935926E+01   0.188155E+02  -0.734571E+01  -0.843787E+01  -0.243491E+01   0.823711E+01   0.254121E+00   0.109808E-01   0.179776E-01   0.264857E-02   0.142199E-01  -0.882806E+02  -0.374706E+02   0.000000E+00  -0.508100E+02   0.101620E+03
   0.392175E+02   0.996562E-02   0.505013E+01   0.307555E+01   0.750155E+01   0.343503E+02   0.190135E+01  -0.881154E+01   0.188163E+02  -0.734571E+01  -0.843787E+01  -0.243491E+01   0.826489E+01   0.254733E+00   0.109399E-01   0.782872E-02   0.113513E-01   0.893662E-03  -0.907276E+02  -0.347245E+02   0.000000E+00  -0.560031E+02   0.112006E+03
   0.397137E+02  -0.141913E+00   0.250324E+01   0.604669E+01   0.677755E+01   0.343503E+02   0.190135E+01  -0.881154E+01   0.188092E+02  -0.734571E+01  -0.843643E+01  -0.243491E+01   0.831574E+01   0.250066E+00   0.114528E-01   0.457234E-01   0.127870E-01   0.893662E-03  -0.917130E+02  -0.381844E+02   0.000000E+00  -0.535286E+02   0.107057E+03
   0.409791E+02  -0.141913E+00   0.492979E+01   0.331851E+01   0.704612E+01   0.341701E+02   0.190135E+01  -0.872113E+01   0.188092E+02  -0.735063E+01  -0.842727E+01  -0.242686E+01   0.833797E+01   0.242895E+00   0.839636E-02   0.196728E-01   0.168392E-01   0.511270E-02  -0.900381E+02  -0.376089E+02   0.000000E+00  -0.524292E+02   0.104858E+03
   0.404346E+02  -0.237952E+01   0.580835E+01   0.229498E+01   0.796239E+01   0.338767E+02   0.190135E+01  -0.874379E+01   0.188092E+02  -0.735063E+01  -0.842883E+01  -0.243116E+01   0.836551E+01   0.268032E+00   0.870844E-02   0.522904E-02   0.194890E-01   0.412620E-02  -0.898774E+02  -0.366705E+02   0.000000E+00  -0.532069E+02   0.106414E+03
   0.406882E+02  -0.145635E+01   0.580835E+01   0.623006E+01   0.780790E+01   0.338767E+02   0.216433E+01  -0.874379E+01   0.188092E+02  -0.735180E+01  -0.842883E+01  -0.243116E+01   0.836551E+01   0.249524E+00   0.253936E-03   0.240416E-01   0.110544E-02   0.828689E-02  -0.880634E+02  -0.367080E+02   0.000000E+00  -0.513554E+02   0.102711E+03
   0.407362E+02  -0.115923E+01   0.376855E+01   0.334688E+01   0.732566E+01   0.338767E+02   0.216433E+01  -0.874379E+01   0.188092E+02  -0.735180E+01  -0.844728E+01  -0.243116E+01   0.836551E+01   0.260608E+00   0.142231E-01   0.226794E-01   0.109086E-01   0.179663E-02  -0.888442E+02  -0.370712E+02   0.000000E+00  -0.517730E+02   0.103546E+03
   0.396795E+02  -0.908707E+00   0.418867E+01   0.460060E+01   0.769695E+01   0.338767E+02   0.216433E+01  -0.848382E+01   0.188092E+02  -0.735180E+01  -0.844728E+01  -0.243116E+01   0.836551E+01   0.237244E+00   0.224871E-01   0.116306E-01   0.374548E-01   0.259167E-01  -0.949226E+02  -0.415087E+02   0.000000E+00  -0.534139E+02   0.106828E+03
   0.393270E+02  -0.908707E+00   0.445682E+01   0.337950E+01   0.409176E+01   0.338767E+02   0.216433E+01  -0.848382E+01   0.188533E+02  -0.736402E+01  -0.837258E+01  -0.221417E+01   0.803323E+01   0.254572E+00   0.379974E-02   0.788154E-02   0.429144E-01   0.121486E-01  -0.963222E+02  -0.367297E+02   0.000000E+00  -0.595925E+02   0.119185E+03
   0.397013E+02  -0.114000E+01   0.312643E+01   0.323608E+01   0.682475E+01   0.341183E+02   0.386614E+01  -0.915292E+01   0.188439E+02  -0.739143E+01  -0.843446E+01  -0.224519E+01   0.815284E+01   0.254160E+00   0.421981E-02   0.878471E-02   0.997586E-02   0.118843E-02  -0.876388E+02  -0.335043E+02   0.000000E+00  -0.541345E+02   0.108269E+03
   0.407643E+02  -0.149130E+01   0.389529E+01   0.410952E+01   0.463863E+01   0.351652E+02   0.319984E+01  -0.134568E+02   0.187836E+02  -0.738908E+01  -0.846074E+01  -0.220832E+01   0.815284E+01   0.260431E+00   0.521085E-02   0.844427E-03   0.909961E-02   0.177266E-01  -0.878638E+02  -0.352371E+02   0.000000E+00  -0.526267E+02   0.105253E+03
   0.397027E+02  -0.216319E+01   0.411663E+01   0.674393E+00   0.659875E+01   0.351958E+02   0.319984E+01  -0.134568E+02   0.187836E+02  -0.738908E+01  -0.846074E+01  -0.221735E+01   0.815284E+01   0.251319E+00   0.847799E-02   0.301196E-02   0.177482E-02   0.405259E-02  -0.865189E+02  -0.337206E+02   0.000000E+00  -0.527983E+02   0.105597E+03
   0.402796E+02  -0.844340E+00   0.265069E+01   0.368914E+01   0.595944E+01   0.351958E+02   0.319984E+01  -0.134568E+02   0.187836E+02  -0.738908E+01  -0.846074E+01  -0.221735E+01   0.815284E+01   0.255320E+00   0.170460E-01   0.102977E-01   0.826035E-02   0.294026E-02  -0.875332E+02  -0.355843E+02   0.000000E+00  -0.519489E+02   0.103898E+03
   0.402796E+02  -0.215956E+01   0.402069E+01   0.133505E+01   0.894498E+01   0.351958E+02   0.319984E+01  -0.134568E+02   0.187836E+02  -0.738908E+01  -0.846074E+01  -0.205695E+01   0.815284E+01   0.266618E+00   0.166504E-01   0.960253E-02   0.141642E-01   0.252638E-01  -0.935810E+02  -0.398937E+02   0.000000E+00  -0.536873E+02   0.107375E+03
   0.402796E+02  -0.215956E+01   0.437993E+01   0.451398E+01   0.114542E+02   0.367878E+02   0.311009E+01  -0.134474E+02   0.187836E+02  -0.738908E+01  -0.846074E+01  -0.205695E+01   0.815284E+01   0.247049E+00   0.115892E-01   0.386061E-03   0.212065E-01   0.271207E-02  -0.903207E+02  -0.383889E+02   0.000000E+00  -0.519318E+02   0.103864E+03
   0.400872E+02  -0.279396E+01   0.403103E+01   0.173635E+01   0.859649E+01   0.367878E+02   0.279510E+01  -0.142642E+02   0.187596E+02  -0.733641E+01  -0.840775E+01  -0.210865E+01   0.778716E+01   0.259776E+00   0.334147E-02   0.386061E-03   0.419043E-02   0.857116E-02  -0.876509E+02  -0.347920E+02   0.000000E+00  -0.528589E+02   0.105718E+03
   0.401681E+02  -0.318597E+01   0.403103E+01   0.230949E+01   0.692453E+01   0.370702E+02   0.279510E+01  -0.142642E+02   0.187596E+02  -0.733641E+01  -0.840775E+01  -0.221829E+01   0.778716E+01   0.257111E+00   0.153850E-01   0.214581E-02   0.134758E-01   0.427265E-01  -0.919618E+02  -0.398865E+02   0.000000E+00  -0.520753E+02   0.104151E+03
   0.400344E+02   0.309970E+00   0.470897E+01   0.515149E+01   0.645015E+01   0.363528E+02   0.279510E+01  -0.142642E+02   0.187596E+02  -0.733625E+01  -0.838811E+01  -0.222487E+01   0.778716E+01   0.251396E+00   0.209909E-01   0.214581E-02   0.464802E-02   0.880477E-02  -0.889510E+02  -0.363976E+02   0.000000E+00  -0.525534E+02   0.105107E+03
   0.403918E+02  -0.135061E+01   0.174084E+01   0.446871E+01   0.401700E+01   0.348292E+02   0.283528E+01  -0.878374E+01   0.187599E+02  -0.732541E+01  -0.839432E+01  -0.222487E+01   0.788924E+01   0.240168E+00   0.557469E-02   0.148172E-01   0.750275E-02   0.833777E-02  -0.899651E+02  -0.336865E+02   0.000000E+00  -0.562786E+02   0.112557E+03
   0.401167E+02  -0.604971E+00   0.256090E+01   0.644171E+01   0.403949E+01   0.351456E+02   0.107050E+01  -0.784743E+01   0.187823E+02  -0.731045E+01  -0.846179E+01  -0.220506E+01   0.809467E+01   0.258977E+00   0.952453E-02   0.346270E-03   0.162103E-01   0.174353E-01  -0.896787E+02  -0.345691E+02   0.000000E+00  -0.551096E+02   0.110219E+03
   0.400965E+02  -0.682844E+00   0.446896E+01   0.643969E+01   0.879735E+01   0.351456E+02   0.133598E+01  -0.784743E+01   0.188230E+02  -0.735131E+01  -0.849552E+01  -0.215935E+01   0.798425E+01   0.254538E+00   0.338204E-02   0.416942E-02   0.369858E-02   0.324920E-02  -0.847654E+02  -0.341646E+02   0.000000E+00  -0.506008E+02   0.101202E+03
   0.397237E+02  -0.682844E+00   0.422087E+01   0.717446E+01   0.564466E+01   0.340129E+02   0.145758E+01  -0.688152E+01   0.188291E+02  -0.732533E+01  -0.856699E+01  -0.202449E+01   0.793891E+01   0.255156E+00   0.230811E-01   0.170223E-02   0.338787E-02   0.119177E-01  -0.908553E+02  -0.349874E+02   0.000000E+00  -0.558679E+02   0.111736E+03
   0.404626E+02  -0.154787E+01   0.287970E+01   0.499667E+01   0.617723E+01   0.362745E+02   0.423358E+01  -0.125892E+02   0.189381E+02  -0.742955E+01  -0.857772E+01  -0.198983E+01   0.775679E+01   0.252824E+00   0.112121E-01   0.219753E-02   0.100623E-01   0.123601E-01  -0.872616E+02  -0.355010E+02   0.000000E+00  -0.517606E+02   0.103521E+03
   0.412264E+02  -0.260712E+01   0.642784E+01   0.477715E+01   0.756070E+01   0.351643E+02   0.390686E+01  -0.108037E+02   0.189189E+02  -0.741868E+01  -0.859154E+01  -0.203109E+01   0.775742E+01   0.251984E+00   0.127938E-01   0.223678E-01   0.104592E-01   0.124979E-02  -0.912303E+02  -0.387088E+02   0.000000E+00  -0.525215E+02   0.105043E+03
   0.412264E+02   0.218601E+01   0.642784E+01   0.527323E+01   0.566431E+01   0.348814E+02   0.444410E+01  -0.110997E+02   0.189189E+02  -0.742987E+01  -0.851153E+01  -0.203109E+01   0.775742E+01   0.245336E+00   0.375578E-02   0.730838E-02   0.505969E-02   0.124979E-02  -0.924663E+02  -0.353632E+02   0.000000E+00  -0.571031E+02   0.114206E+03
   0.392973E+02   0.314357E-01   0.390992E+01   0.438995E+01   0.440762E+01   0.351718E+02   0.394407E+01  -0.147969E+02   0.189338E+02  -0.745250E+01  -0.858429E+01  -0.201503E+01   0.756160E+01   0.256019E+00   0.187798E-01   0.266667E-01   0.250102E-01   0.984788E-02  -0.959198E+02  -0.394183E+02   0.000000E+00  -0.565015E+02   0.113003E+03
   0.408260E+02  -0.446259E+00   0.561304E+01   0.438995E+01   0.440762E+01   0.372341E+02   0.235745E+01  -0.127736E+02   0.189338E+02  -0.745250E+01  -0.847948E+01  -0.201503E+01   0.746299E+01   0.262480E+00   0.421565E-02   0.971944E-03   0.259280E-02   0.324528E-01  -0.894868E+02  -0.363102E+02   0.000000E+00  -0.531766E+02   0.106353E+03
   0.401436E+02  -0.162181E+01   0.583942E+01   0.529216E+01   0.792501E+01   0.376947E+02   0.159689E+01  -0.135010E+02   0.189669E+02  -0.740198E+01  -0.848031E+01  -0.209454E+01   0.739128E+01   0.246956E+00   0.122336E-01   0.971944E-03   0.265807E-02   0.633033E-04  -0.865589E+02  -0.351760E+02   0.000000E+00  -0.513829E+02   0.102766E+03
   0.410660E+02  -0.107514E+01   0.789382E+01   0.147770E+01   0.935198E+01   0.369161E+02   0.944245E+00  -0.129858E+02   0.190275E+02  -0.746826E+01  -0.846422E+01  -0.213500E+01   0.706258E+01   0.243849E+00   0.128375E-01   0.926562E-02   0.332808E-01   0.492811E-02  -0.926109E+02  -0.416797E+02   0.000000E+00  -0.509312E+02   0.101862E+03
   0.408415E+02   0.594779E+00   0.678652E+01   0.530771E+01   0.126690E+02   0.377547E+02   0.575970E+00  -0.128775E+02   0.190100E+02  -0.739054E+01  -0.847209E+01  -0.210497E+01   0.727536E+01   0.240060E+00   0.176085E-01   0.210829E-01   0.508149E-02   0.794361E-03  -0.945753E+02  -0.416432E+02   0.000000E+00  -0.529321E+02   0.105864E+03
   0.405924E+02  -0.104323E+01   0.357254E+01   0.366781E+01   0.985964E+01   0.371799E+02  -0.826125E+00  -0.107287E+02   0.190474E+02  -0.756793E+01  -0.849223E+01  -0.200356E+01   0.743221E+01   0.254732E+00   0.352515E-01   0.495660E-03   0.623533E-02   0.149348E-02  -0.869540E+02  -0.377074E+02   0.000000E+00  -0.492466E+02   0.984933E+02
   0.402136E+02  -0.123700E+01   0.244547E+01   0.823517E+01   0.621310E+01   0.356095E+02   0.915586E+00  -0.773380E+01   0.190474E+02  -0.766330E+01  -0.850199E+01  -0.195786E+01   0.786884E+01   0.246154E+00   0.422213E-02   0.173219E-02   0.920020E-02   0.149348E-02  -0.846929E+02  -0.329697E+02   0.000000E+00  -0.517232E+02   0.103446E+03
   0.400323E+02  -0.280182E+01   0.210544E+01   0.452117E+01   0.208262E+01   0.360768E+02  -0.263165E+01  -0.289575E+01   0.190371E+02  -0.768159E+01  -0.847260E+01  -0.184046E+01   0.738658E+01   0.271252E+00   0.880381E-02   0.278308E-02   0.350822E-02   0.644723E-02  -0.880377E+02  -0.313249E+02   0.000000E+00  -0.567128E+02   0.113426E+03
   0.393589E+02  -0.193325E+01   0.170457E+01   0.356177E+01   0.649869E+01   0.347408E+02  -0.132349E+01  -0.589748E+01   0.190035E+02  -0.768921E+01  -0.843532E+01  -0.167918E+01   0.715334E+01   0.266096E+00   0.110338E-02   0.832729E-03   0.494885E-03   0.169619E-01  -0.867799E+02  -0.317559E+02   0.000000E+00  -0.550240E+02   0.110048E+03
   0.402947E+02  -0.239900E+01   0.307644E+01   0.356177E+01   0.514578E+01   0.363306E+02  -0.868952E+00  -0.994410E+01   0.190035E+02  -0.769435E+01  -0.845927E+01  -0.168114E+01   0.715334E+01   0.242659E+00   0.113209E-01   0.380539E-01   0.218387E-02   0.694230E-03  -0.870338E+02  -0.359938E+02   0.000000E+00  -0.510400E+02   0.102080E+03
   0.412383E+02  -0.196560E+01   0.407643E+01   0.581600E+01   0.781746E+01   0.368192E+02  -0.868952E+00  -0.100999E+02   0.190671E+02  -0.769435E+01  -0.845856E+01  -0.168114E+01   0.714272E+01   0.242946E+00   0.142756E-01   0.241352E-02   0.140728E-01   0.104694E-01  -0.894408E+02  -0.372147E+02   0.000000E+00  -0.522261E+02   0.104452E+03
   0.399626E+02  -0.192311E+01   0.573217E+01   0.232262E+01   0.826911E+01   0.365375E+02   0.110969E+01  -0.132541E+02   0.190535E+02  -0.768762E+01  -0.846101E+01  -0.162204E+01   0.684444E+01   0.255242E+00   0.148429E-01   0.686056E-02   0.192662E-01   0.167378E-01  -0.897840E+02  -0.390505E+02   0.000000E+00  -0.507335E+02   0.101467E+03
   0.401902E+02  -0.628774E+00   0.207409E+01   0.536669E+01   0.509095E+01   0.349352E+02   0.213003E+01  -0.698736E+01   0.190512E+02  -0.769160E+01  -0.837504E+01  -0.161578E+01   0.672566E+01   0.265548E+00   0.317175E-03   0.909240E-03   0.493022E-03   0.108241E-01  -0.854865E+02  -0.314998E+02   0.000000E+00  -0.539867E+02   0.107973E+03
   0.403599E+02  -0.647122E+00   0.478758E+01   0.583411E+01   0.828122E+01   0.378725E+02  -0.229117E+01  -0.584934E+01   0.190458E+02  -0.769657E+01  -0.844074E+01  -0.164818E+01   0.683503E+01   0.244733E+00   0.660434E-02   0.197784E-01   0.493022E-03   0.115911E-01  -0.844231E+02  -0.367033E+02   0.000000E+00  -0.477198E+02   0.954395E+02
   0.398839E+02  -0.647122E+00   0.409118E+01   0.530265E+01   0.849600E+01   0.375566E+02  -0.277596E+01  -0.628018E+01   0.190772E+02  -0.772187E+01  -0.851770E+01  -0.152636E+01   0.686068E+01   0.237798E+00   0.578636E-02   0.313396E-01   0.455078E-02   0.952150E-02  -0.865464E+02  -0.373783E+02   0.000000E+00  -0.491681E+02   0.983361E+02
   0.406272E+02  -0.647122E+00   0.409118E+01   0.327164E+01   0.847806E+01   0.361586E+02  -0.303594E+01  -0.617466E+01   0.190993E+02  -0.780532E+01  -0.855578E+01  -0.143971E+01   0.704781E+01   0.245873E+00   0.268840E-02   0.726007E-02   0.270980E-03   0.733045E-02  -0.826884E+02  -0.342170E+02   0.000000E+00  -0.484714E+02   0.969428E+02
   0.405212E+02   0.832151E+00   0.630189E+01   0.531957E+01   0.966641E+01   0.369681E+02  -0.114783E+01  -0.891266E+01   0.190970E+02  -0.783538E+01  -0.857146E+01  -0.130477E+01   0.704012E+01   0.253049E+00   0.215967E-02   0.311403E-02   0.203319E-01   0.254462E-02  -0.844518E+02  -0.371983E+02   0.000000E+00  -0.472535E+02   0.945071E+02
   0.409962E+02   0.424908E-02   0.623617E+01   0.366510E+01   0.675935E+01   0.371508E+02  -0.114783E+01  -0.104949E+02   0.190570E+02  -0.776899E+01  -0.861078E+01  -0.136075E+01   0.704012E+01   0.241062E+00   0.626523E-02   0.118652E-01   0.815053E-02   0.490759E-02  -0.851724E+02  -0.363088E+02   0.000000E+00  -0.488636E+02   0.977271E+02
   0.406770E+02  -0.213739E+01   0.393064E+01   0.366510E+01   0.761214E+01   0.372745E+02   0.628924E+00  -0.122399E+02   0.190570E+02  -0.779639E+01  -0.856954E+01  -0.136047E+01   0.704012E+01   0.255557E+00   0.128903E-01   0.133403E-01   0.172094E-01   0.415982E-02  -0.848695E+02  -0.374064E+02   0.000000E+00  -0.474631E+02   0.949263E+02
   0.406592E+02  -0.213739E+01   0.850212E+01   0.626068E+01   0.105925E+02   0.376895E+02   0.435801E+00  -0.122399E+02   0.190571E+02  -0.779281E+01  -0.872929E+01  -0.135508E+01   0.774498E+01   0.250269E+00   0.245052E-01   0.186475E-01   0.112188E-01   0.170599E-01  -0.919117E+02  -0.436209E+02   0.000000E+00  -0.482908E+02   0.965816E+02
   0.404289E+02   0.825501E+00   0.435887E+01   0.570814E+01   0.653394E+01   0.365838E+02   0.404518E+00  -0.101986E+02   0.190635E+02  -0.778180E+01  -0.869989E+01  -0.137519E+01   0.749814E+01   0.263283E+00   0.110691E-01   0.264810E-02   0.303617E-02   0.394185E-02  -0.824144E+02  -0.342881E+02   0.000000E+00  -0.481263E+02   0.962526E+02
   0.404904E+02  -0.133068E+01   0.364649E+01   0.336189E+01   0.862012E+01   0.365838E+02   0.599814E+00  -0.104608E+02   0.190635E+02  -0.777189E+01  -0.866503E+01  -0.113169E+01   0.719191E+01   0.252429E+00   0.202198E-01   0.139613E-01   0.303617E-02   0.158744E-04  -0.848351E+02  -0.362260E+02   0.000000E+00  -0.486091E+02   0.972183E+02
   0.398737E+02  -0.338053E+01   0.364678E+01   0.239612E+01   0.841740E+01   0.367184E+02   0.122385E+01  -0.116371E+02   0.191418E+02  -0.780520E+01  -0.866503E+01  -0.149243E+01   0.724945E+01   0.252817E+00   0.164829E-02   0.167633E-01   0.265794E-02   0.158744E-04  -0.820227E+02  -0.343739E+02   0.000000E+00  -0.476488E+02   0.952977E+02
   0.401807E+02  -0.276856E+01   0.505927E+01   0.596857E+00   0.692711E+01   0.370051E+02   0.171791E+01  -0.121875E+02   0.191418E+02  -0.783458E+01  -0.866039E+01  -0.130120E+01   0.703354E+01   0.262094E+00   0.164829E-02   0.210663E-02   0.229183E-02   0.158744E-04  -0.820469E+02  -0.330159E+02   0.000000E+00  -0.490310E+02   0.980620E+02
   0.396025E+02  -0.127754E+01   0.149006E+01   0.505346E+01   0.399214E+01   0.363179E+02   0.452825E+01  -0.120145E+02   0.191418E+02  -0.783561E+01  -0.866039E+01  -0.130837E+01   0.708940E+01   0.244802E+00   0.582310E-02   0.142439E-01   0.849493E-02   0.193722E-04  -0.849932E+02  -0.330385E+02   0.000000E+00  -0.519547E+02   0.103909E+03
   0.401461E+02  -0.127754E+01   0.239670E+01  -0.603640E+00   0.400769E+01   0.363242E+02   0.280635E+01  -0.120145E+02   0.191816E+02  -0.785965E+01  -0.861506E+01  -0.123859E+01   0.676877E+01   0.260619E+00   0.912931E-02   0.641899E-02   0.540361E-02   0.126565E-02  -0.859034E+02  -0.326232E+02   0.000000E+00  -0.532802E+02   0.106560E+03
   0.403729E+02  -0.118201E+01   0.152556E+01   0.258200E+01   0.833418E+01   0.368441E+02   0.571239E+00  -0.102985E+02   0.192352E+02  -0.801137E+01  -0.861532E+01  -0.123074E+01   0.693699E+01   0.248661E+00   0.581345E-03   0.183619E-01   0.625840E-03   0.169720E-01  -0.828078E+02  -0.352674E+02   0.000000E+00  -0.475404E+02   0.950809E+02
   0.403729E+02  -0.982265E+00   0.456372E+01   0.290837E+01   0.833418E+01   0.362052E+02  -0.274481E+00  -0.817339E+01   0.193186E+02  -0.801137E+01  -0.870106E+01  -0.124238E+01   0.693699E+01   0.259604E+00   0.154290E-01   0.162448E-01   0.262005E-01   0.175636E-02  -0.834132E+02  -0.384200E+02   0.000000E+00  -0.449932E+02   0.899863E+02
   0.398291E+02  -0.129827E+01   0.267600E+01   0.476163E+01   0.621403E+01   0.379124E+02  -0.237770E+01  -0.833182E+01   0.193160E+02  -0.797600E+01  -0.874603E+01  -0.121187E+01   0.680150E+01   0.271033E+00   0.969659E-02   0.145792E-01   0.764128E-02   0.239165E-01  -0.857998E+02  -0.364617E+02   0.000000E+00  -0.493381E+02   0.986762E+02
   0.402385E+02  -0.129827E+01   0.283747E+01   0.149212E+01   0.455767E+01   0.384450E+02  -0.232920E+01  -0.950822E+01   0.193987E+02  -0.799846E+01  -0.882729E+01  -0.119627E+01   0.686641E+01   0.232538E+00   0.932736E-02   0.798996E-03   0.333080E-02   0.902560E-02  -0.824326E+02  -0.328299E+02   0.000000E+00  -0.496027E+02   0.992054E+02
   0.402540E+02  -0.172115E+01   0.263740E+01   0.409999E+01   0.494756E+01   0.384450E+02  -0.238639E+01  -0.927080E+01   0.194529E+02  -0.799171E+01  -0.886548E+01  -0.121268E+01   0.677449E+01   0.250517E+00   0.873535E-02   0.798996E-03   0.848712E-03   0.238731E-01  -0.809190E+02  -0.341967E+02   0.000000E+00  -0.467223E+02   0.934446E+02
   0.399425E+02  -0.204385E+01   0.420515E+01   0.114608E+01   0.653388E+01   0.362527E+02  -0.298551E+01  -0.515794E+01   0.194598E+02  -0.805795E+01  -0.884354E+01  -0.120704E+01   0.680370E+01   0.242407E+00   0.786551E-02   0.157600E-01   0.130746E-01   0.171075E-01  -0.823981E+02  -0.365347E+02   0.000000E+00  -0.458634E+02   0.917268E+02
   0.401342E+02  -0.283776E+01   0.467438E+01   0.447470E+01   0.583077E+01   0.372743E+02  -0.406520E+01  -0.320430E+01   0.194538E+02  -0.802889E+01  -0.881286E+01  -0.122103E+01   0.664994E+01   0.245925E+00   0.388198E-02   0.129463E-05   0.129163E-01   0.739231E-02  -0.814994E+02  -0.339101E+02   0.000000E+00  -0.475893E+02   0.951785E+02
   0.409341E+02   0.416000E+00   0.247472E+01   0.175755E+01   0.682262E+01   0.373513E+02  -0.234585E+01  -0.737140E+01   0.194538E+02  -0.807586E+01  -0.883984E+01  -0.122103E+01   0.703188E+01   0.248316E+00   0.251632E-01   0.423132E-02   0.387059E-02   0.110484E-01  -0.850294E+02  -0.360060E+02   0.000000E+00  -0.490234E+02   0.980468E+02
   0.395193E+02  -0.142976E+01   0.203609E+01   0.156989E+01   0.389337E+01   0.367623E+02  -0.202528E+01  -0.869725E+01   0.194671E+02  -0.803260E+01  -0.893649E+01  -0.119606E+01   0.703188E+01   0.245436E+00   0.493199E-03   0.150745E-01   0.481128E-02   0.569191E-02  -0.809963E+02  -0.321249E+02   0.000000E+00  -0.488714E+02   0.977428E+02
   0.406056E+02  -0.118019E+01   0.369432E+01   0.306078E+01   0.720887E+01   0.370382E+02  -0.239639E+01  -0.689813E+01   0.194693E+02  -0.802197E+01  -0.901114E+01  -0.110001E+01   0.705884E+01   0.260531E+00   0.165807E-02   0.186943E-01   0.328473E-02   0.142791E-02  -0.793451E+02  -0.343578E+02   0.000000E+00  -0.449873E+02   0.899747E+02
   0.397003E+02  -0.112072E+01   0.320033E+01   0.309973E+01   0.669800E+01   0.386643E+02  -0.141349E+01  -0.764716E+01   0.195196E+02  -0.802574E+01  -0.896038E+01  -0.110001E+01   0.653935E+01   0.256506E+00   0.226904E-01   0.616131E-01   0.566494E-03   0.123315E-01  -0.873294E+02  -0.407922E+02   0.000000E+00  -0.465372E+02   0.930744E+02
   0.398436E+02  -0.961529E+00   0.344003E+01   0.215317E+01   0.822994E+01   0.386096E+02  -0.385828E+01  -0.737191E+01   0.195212E+02  -0.803133E+01  -0.887339E+01  -0.121675E+01   0.670523E+01   0.252876E+00   0.162118E-01   0.841868E-02   0.133783E-01   0.531298E-02  -0.832225E+02  -0.362964E+02   0.000000E+00  -0.469261E+02   0.938521E+02
   0.408300E+02  -0.113413E+01   0.434710E+01  -0.126494E+00   0.479775E+01   0.376804E+02  -0.393554E+01  -0.684889E+01   0.196131E+02  -0.809274E+01  -0.909651E+01  -0.127840E+01   0.756320E+01   0.245663E+00   0.152089E-01   0.117523E-01   0.965037E-03   0.396863E-01  -0.861231E+02  -0.382170E+02   0.000000E+00  -0.479061E+02   0.958122E+02
   0.408776E+02  -0.118141E+01   0.286649E+01   0.546651E+01   0.561912E+01   0.379925E+02  -0.308201E+01  -0.813099E+01   0.196092E+02  -0.821280E+01  -0.906970E+01  -0.111810E+01   0.744189E+01   0.241433E+00   0.350608E-01   0.339173E-01   0.158862E-02   0.232613E-01  -0.849695E+02  -0.410130E+02   0.000000E+00  -0.439565E+02   0.879130E+02
   0.412019E+02  -0.152279E+01   0.749237E+01   0.546651E+01   0.959105E+01   0.368007E+02  -0.387728E+01  -0.745503E+01   0.195859E+02  -0.818422E+01  -0.907837E+01  -0.111467E+01   0.734902E+01   0.241877E+00   0.725816E-02   0.149784E-01   0.517577E-02   0.139946E-01  -0.825076E+02  -0.395918E+02   0.000000E+00  -0.429158E+02   0.858316E+02
   0.401429E+02  -0.687676E+00   0.287170E+01   0.105257E+01   0.423570E+01   0.384445E+02  -0.264183E+01  -0.810783E+01   0.195853E+02  -0.818422E+01  -0.907837E+01  -0.108562E+01   0.736278E+01   0.266325E+00   0.861032E-03   0.611751E-02   0.229945E-01   0.239666E-02  -0.807659E+02  -0.336428E+02   0.000000E+00  -0.471231E+02   0.942463E+02
   0.402278E+02  -0.424935E+00   0.409636E+01   0.545422E+01   0.710630E+01   0.379049E+02  -0.236935E+01  -0.901191E+01   0.196111E+02  -0.818699E+01  -0.905699E+01  -0.115701E+01   0.767292E+01   0.250168E+00   0.211695E-03   0.151069E-01   0.448441E-02   0.877337E-03  -0.770550E+02  -0.343272E+02   0.000000E+00  -0.427278E+02   0.854556E+02
   0.402278E+02  -0.111115E+01   0.643317E+01   0.546562E+01   0.830177E+01   0.404619E+02  -0.251862E+01  -0.119343E+02   0.197681E+02  -0.817368E+01  -0.906655E+01  -0.127626E+01   0.766711E+01   0.235520E+00   0.184851E-01   0.392866E-01   0.789991E-02   0.418988E-02  -0.908405E+02  -0.413067E+02   0.000000E+00  -0.495338E+02   0.990676E+02
   0.400345E+02  -0.652947E+00   0.457418E+01   0.619154E+01   0.591526E+01   0.400305E+02  -0.485575E+00  -0.140912E+02   0.195829E+02  -0.817429E+01  -0.906160E+01  -0.119742E+01   0.748578E+01   0.252314E+00   0.295185E-01   0.561682E-02   0.259692E-02   0.922219E-04  -0.814812E+02  -0.364481E+02   0.000000E+00  -0.450331E+02   0.900661E+02
   0.407935E+02  -0.341162E+00   0.422383E+01   0.619154E+01   0.975860E+01   0.411884E+02  -0.155142E+00  -0.143414E+02   0.195829E+02  -0.817429E+01  -0.907728E+01  -0.119742E+01   0.748578E+01   0.258828E+00   0.102963E-02   0.626136E-02   0.190236E-01   0.139389E-01  -0.849966E+02  -0.390227E+02   0.000000E+00  -0.459739E+02   0.919477E+02
   0.398220E+02  -0.332580E+00   0.481506E+01   0.389041E+01   0.927119E+01   0.415494E+02  -0.485774E+00  -0.156113E+02   0.196174E+02  -0.816866E+01  -0.907470E+01  -0.121800E+01   0.755549E+01   0.262389E+00   0.353575E-02   0.193930E-02   0.203817E-01   0.411714E-02  -0.869609E+02  -0.372763E+02   0.000000E+00  -0.496846E+02   0.993692E+02
   0.405639E+02  -0.379506E+01   0.481506E+01   0.200102E+01   0.949792E+01   0.408278E+02  -0.485774E+00  -0.149203E+02   0.196009E+02  -0.815752E+01  -0.904082E+01  -0.121800E+01   0.752983E+01   0.262535E+00   0.655221E-02   0.106620E-01   0.377425E-02   0.633496E-03  -0.867378E+02  -0.368406E+02   0.000000E+00  -0.498972E+02   0.997944E+02
   0.403497E+02  -0.905506E+00   0.425697E+01   0.470131E+01   0.482654E+01   0.408278E+02  -0.275038E+00  -0.144225E+02   0.194938E+02  -0.815493E+01  -0.893169E+01  -0.124680E+01   0.769049E+01   0.248031E+00   0.170517E-02   0.102095E-01   0.156456E-01   0.553720E-02  -0.835970E+02  -0.355863E+02   0.000000E+00  -0.480107E+02   0.960214E+02
   0.401606E+02  -0.109795E+01   0.415212E+01   0.569383E+01   0.797017E+01   0.403025E+02   0.101773E+01  -0.144225E+02   0.194651E+02  -0.813911E+01  -0.903511E+01  -0.109448E+01   0.759736E+01   0.276172E+00   0.582571E-02   0.361517E-02   0.193288E-01   0.185002E-02  -0.858064E+02  -0.364816E+02   0.000000E+00  -0.493248E+02   0.986496E+02
   0.408140E+02  -0.113392E+01   0.288515E+01   0.243680E+01   0.806820E+01   0.391343E+02   0.108309E+01  -0.148402E+02   0.195171E+02  -0.818315E+01  -0.902003E+01  -0.106403E+01   0.768501E+01   0.248651E+00   0.171692E-02   0.591619E-02   0.385771E-02   0.155573E-02  -0.804956E+02  -0.345201E+02   0.000000E+00  -0.459755E+02   0.919511E+02
   0.400133E+02  -0.842218E+00   0.384226E+01   0.403025E+01   0.871858E+01   0.380721E+02   0.239200E+01  -0.135732E+02   0.195505E+02  -0.826895E+01  -0.894909E+01  -0.105195E+01   0.759122E+01   0.255723E+00   0.517674E-02   0.716172E-02   0.873219E-02   0.886587E-02  -0.796748E+02  -0.361591E+02   0.000000E+00  -0.435157E+02   0.870314E+02
   0.395226E+02  -0.235128E+01   0.384226E+01   0.461601E+01   0.768801E+01   0.371382E+02   0.407585E+01  -0.134054E+02   0.195664E+02  -0.829303E+01  -0.897508E+01  -0.108439E+01   0.753602E+01   0.254259E+00   0.247446E-01   0.163085E-01   0.832919E-02   0.577147E-02  -0.825673E+02  -0.379701E+02   0.000000E+00  -0.445972E+02   0.891943E+02
   0.415170E+02  -0.540024E+00   0.566551E+01   0.700966E+01   0.900446E+01   0.355685E+02   0.437297E+01  -0.120105E+02   0.195813E+02  -0.829303E+01  -0.898102E+01  -0.107950E+01   0.757809E+01   0.236130E+00   0.243133E-01   0.180597E-01   0.418121E-02   0.646314E-01  -0.895241E+02  -0.465219E+02   0.000000E+00  -0.430022E+02   0.860043E+02
   0.405864E+02  -0.458961E+00   0.584359E+01   0.295764E+01   0.863948E+01   0.354777E+02   0.223603E+01  -0.100123E+02   0.196553E+02  -0.839225E+01  -0.900356E+01  -0.111778E+01   0.767674E+01   0.259357E+00   0.440763E-03   0.861626E-02   0.258949E-02   0.547452E-02  -0.752837E+02  -0.354183E+02   0.000000E+00  -0.398654E+02   0.797307E+02
   0.402909E+02  -0.934903E+00   0.278924E+01   0.204581E+01   0.784822E+01   0.363216E+02   0.158650E+01  -0.114699E+02   0.196527E+02  -0.840706E+01  -0.898213E+01  -0.104839E+01   0.762935E+01   0.244242E+00   0.751758E-02   0.172235E-01   0.209276E-03   0.309362E-04  -0.756629E+02  -0.345952E+02   0.000000E+00  -0.410677E+02   0.821355E+02
   0.402909E+02  -0.194550E+01   0.305930E+01   0.769613E+01   0.718733E+01   0.363216E+02   0.909846E+00  -0.977996E+01   0.197238E+02  -0.846204E+01  -0.898213E+01  -0.104839E+01   0.762935E+01   0.247534E+00   0.629350E-02   0.324301E-01   0.989546E-02   0.309362E-04  -0.794048E+02  -0.370333E+02   0.000000E+00  -0.423715E+02   0.847429E+02
   0.400622E+02  -0.194550E+01   0.305930E+01   0.380912E+01   0.762161E+01   0.361574E+02   0.127269E+01  -0.955696E+01   0.196529E+02  -0.833544E+01  -0.889238E+01  -0.119768E+01   0.733492E+01   0.250510E+00   0.744135E-02   0.375036E-01   0.107648E-01   0.105244E-02  -0.787286E+02  -0.373967E+02   0.000000E+00  -0.413319E+02   0.826639E+02
   0.397198E+02  -0.150711E+01   0.305930E+01   0.349545E+01   0.618315E+01   0.371382E+02   0.607426E+00  -0.108182E+02   0.196663E+02  -0.832215E+01  -0.889751E+01  -0.120353E+01   0.709340E+01   0.235021E+00   0.728938E-02   0.280704E-02   0.285051E-02   0.116210E-01  -0.756909E+02  -0.335627E+02   0.000000E+00  -0.421282E+02   0.842565E+02
   0.401228E+02  -0.185682E+01   0.520185E+01   0.242165E+01   0.478945E+01   0.363024E+02   0.719330E+00  -0.108182E+02   0.196856E+02  -0.828830E+01  -0.889751E+01  -0.126609E+01   0.786383E+01   0.248160E+00   0.728938E-02   0.182305E-02   0.204477E-02   0.699456E-02  -0.794628E+02  -0.332827E+02   0.000000E+00  -0.461801E+02   0.923602E+02
   0.401628E+02  -0.185682E+01   0.542144E+01   0.920535E+00   0.961168E+01   0.363830E+02   0.719330E+00  -0.108182E+02   0.197305E+02  -0.829913E+01  -0.905289E+01  -0.130432E+01   0.771810E+01   0.248160E+00   0.416323E-01   0.272852E-02   0.223228E-01   0.194755E-02  -0.818661E+02  -0.406164E+02   0.000000E+00  -0.412497E+02   0.824994E+02
   0.410760E+02  -0.172025E+01   0.380227E+01   0.383122E+01   0.615034E+01   0.392702E+02  -0.532274E+00  -0.109731E+02   0.197393E+02  -0.830459E+01  -0.910221E+01  -0.129480E+01   0.764174E+01   0.251512E+00   0.565101E-01   0.337413E-03   0.196901E-01   0.116287E-01  -0.848736E+02  -0.413282E+02   0.000000E+00  -0.435454E+02   0.870908E+02
   0.405160E+02  -0.172025E+01   0.508159E+01   0.342929E+01   0.115309E+02   0.397977E+02  -0.302401E+01  -0.103087E+02   0.198441E+02  -0.829147E+01  -0.928042E+01  -0.129804E+01   0.786787E+01   0.251127E+00   0.168218E-01   0.930048E-02   0.166956E-01   0.168671E-01  -0.815342E+02  -0.412610E+02   0.000000E+00  -0.402732E+02   0.805464E+02
