X Y Z label profile_id header_val
0 1705.29 14.02 rg 1 0.000000
0 1725.29 12.52 NA 1 0.000000
0 1865.25 12.83 NA 1 0.000000
0 1878.24 12.47 NA 1 0.000000
0 1890.24 7.32 NA 1 0.000000
0 1911.24 6.32 NA 1 0.000000
0 1920.23 3.91 NA 1 0.000000
0 1931.23 5.65 NA 1 0.000000
0 1976.22 2.56 NA 1 0.000000
0 2002.21 1.97 NA 1 0.000000
0 2057.2 3.51 NA 1 0.000000
0 2112.18 6.4 NA 1 0.000000
0 2121.18 9.58 NA 1 0.000000
0 2121.51 13.78 NA 1 0.000000
0 2125.18 8.3 NA 1 0.000000
0 2125.46 12.62 NA 1 0.000000
0 2129.18 3.15 NA 1 0.000000
0 2143.17 1.38 NA 1 0.000000
0 2164.17 2.14 NA 1 0.000000
0 2206.16 1.33 NA 1 0.000000
0 2208.63 12.57 NA 1 0.000000
0 2209.16 7.63 NA 1 0.000000
0 2216.15 13.92 NA 1 0.000000
0 2230.15 14.27 rd 1 0.000000
422 1578.26 13.46 rg 2 422.000000
422 1592.26 12.79 NA 2 422.000000
422 1625.25 12.43 NA 2 422.000000
422 1708.22 13.19 NA 2 422.000000
422 1734.22 11.97 NA 2 422.000000
422 1744.21 12.63 NA 2 422.000000
422 1790.2 11.36 NA 2 422.000000
422 1808.19 12.98 NA 2 422.000000
422 1825.19 13.08 NA 2 422.000000
422 1858.18 12.19 NA 2 422.000000
422 1860.18 12.84 NA 2 422.000000
422 1976.36 13.1 NA 2 422.000000
422 1985.14 11.99 NA 2 422.000000
422 1992.14 7.66 NA 2 422.000000
422 2003.14 6.01 NA 2 422.000000
422 2025.13 5.97 NA 2 422.000000
422 2078.12 4.23 NA 2 422.000000
422 2087.12 1.93 NA 2 422.000000
422 2122.11 1.73 NA 2 422.000000
422 2154.1 0.85 NA 2 422.000000
422 2170.09 2.3 NA 2 422.000000
422 2183.09 6.47 NA 2 422.000000
422 2190.14 12.55 NA 2 422.000000
422 2206.08 12.85 rd 2 422.000000
820 1665.47 12.78 rg 3 820.000000
820 1675.47 12.06 NA 3 820.000000
820 1696.47 12.02 NA 3 820.000000
820 1723.47 12.47 NA 3 820.000000
820 1732.47 12.4 NA 3 820.000000
820 1739.46 11.94 NA 3 820.000000
820 1763.46 11.91 NA 3 820.000000
820 1769.46 11.19 NA 3 820.000000
820 1778.22 12.08 NA 3 820.000000
820 1783.46 11.39 NA 3 820.000000
820 1787.46 9.46 NA 3 820.000000
820 1799.46 6.78 NA 3 820.000000
820 1810.46 4.84 NA 3 820.000000
820 1814.46 3.77 NA 3 820.000000
820 1820.46 2.97 NA 3 820.000000
820 1825.46 1.76 NA 3 820.000000
820 1834.46 1.91 NA 3 820.000000
820 1890.45 1.43 NA 3 820.000000
820 1899.45 1.8 NA 3 820.000000
820 1906.45 2.49 NA 3 820.000000
820 1918.45 5.01 NA 3 820.000000
820 1921.45 6.2 NA 3 820.000000
820 1927.45 9.97 NA 3 820.000000
820 1927.89 12.79 rd 3 820.000000
1204 1540.56 12.99 rg 4 1204.000000
1204 1544.56 11.99 NA 4 1204.000000
1204 1550.55 10.13 NA 4 1204.000000
1204 1553.55 9.6 NA 4 1204.000000
1204 1556.55 8.69 NA 4 1204.000000
1204 1562.55 7.89 NA 4 1204.000000
1204 1565.55 7.26 NA 4 1204.000000
1204 1576.55 6.03 NA 4 1204.000000
1204 1582.55 4.63 NA 4 1204.000000
1204 1585.55 3.59 NA 4 1204.000000
1204 1589.55 3.2 NA 4 1204.000000
1204 1596.54 1.8 NA 4 1204.000000
1204 1598.54 1.57 NA 4 1204.000000
1204 1606.53 1.36 NA 4 1204.000000
1204 1645.5 1.42 NA 4 1204.000000
1204 1648.5 1.36 NA 4 1204.000000
1204 1676.48 1.67 NA 4 1204.000000
1204 1681.47 2.13 NA 4 1204.000000
1204 1687.47 3.71 NA 4 1204.000000
1204 1690.47 4.33 NA 4 1204.000000
1204 1697.46 7.8 NA 4 1204.000000
1204 1700.46 8.85 NA 4 1204.000000
1204 1702.46 10.82 NA 4 1204.000000
1204 1703.42 12.35 rd 4 1204.000000
1456 1072.52 12.73 rg 5 1456.000000
1456 1086.51 12.11 NA 5 1456.000000
1456 1088.51 10.84 NA 5 1456.000000
1456 1089.51 10.84 NA 5 1456.000000
1456 1091.5 9.69 NA 5 1456.000000
1456 1099.5 7.32 NA 5 1456.000000
1456 1105.49 6.05 NA 5 1456.000000
1456 1112.49 3.38 NA 5 1456.000000
1456 1119.48 1.38 NA 5 1456.000000
1456 1121.48 1.2 NA 5 1456.000000
1456 1130.48 1.35 NA 5 1456.000000
1456 1140.47 1.31 NA 5 1456.000000
1456 1155.46 1.01 NA 5 1456.000000
1456 1170.45 1.06 NA 5 1456.000000
1456 1202.42 1.6 NA 5 1456.000000
1456 1205.42 2.2 NA 5 1456.000000
1456 1210.42 4.5 NA 5 1456.000000
1456 1214.41 5.78 NA 5 1456.000000
1456 1222.41 7.18 NA 5 1456.000000
1456 1229.4 8.76 NA 5 1456.000000
1456 1231.4 9.72 NA 5 1456.000000
1456 1235.4 10.8 NA 5 1456.000000
1456 1238.4 12.25 NA 5 1456.000000
1456 1242.39 12.69 rd 5 1456.000000
1755.25 804.39 13.03 rg 6 1755.250000
1755.25 814.8825 11.96 NA 6 1755.250000
1755.25 819.875 11 NA 6 1755.250000
1755.25 822.62 10.905 NA 6 1755.250000
1755.25 826.075 9.7475 NA 6 1755.250000
1755.25 834.6025 7.41 NA 6 1755.250000
1755.25 841.34 6.1525 NA 6 1755.250000
1755.25 850.33 3.9075 NA 6 1755.250000
1755.25 856.57 2.175 NA 6 1755.250000
1755.25 859.0675 1.6125 NA 6 1755.250000
1755.25 869.81 1.49 NA 6 1755.250000
1755.25 879.2975 1.405 NA 6 1755.250000
1755.25 895.28 1.1975 NA 6 1755.250000
1755.25 908.0175 1.1825 NA 6 1755.250000
1755.25 934.24 1.6975 NA 6 1755.250000
1755.25 942.4775 1.97 NA 6 1755.250000
1755.25 949.9675 3.935 NA 6 1755.250000
1755.25 954.955 5.6025 NA 6 1755.250000
1755.25 962.95 6.985 NA 6 1755.250000
1755.25 969.44 8.7375 NA 6 1755.250000
1755.25 971.69 9.625 NA 6 1755.250000
1755.25 975.7 11.28 NA 6 1755.250000
1755.25 982.1775 12.4925 NA 6 1755.250000
1755.25 989.16 12.8275 rd 6 1755.250000
2054.5 536.26 13.33 rg 7 2054.500000
2054.5 543.255 11.81 NA 7 2054.500000
2054.5 551.24 11.16 NA 7 2054.500000
2054.5 555.73 10.97 NA 7 2054.500000
2054.5 560.65 9.805 NA 7 2054.500000
2054.5 569.705 7.5 NA 7 2054.500000
2054.5 577.19 6.255 NA 7 2054.500000
2054.5 588.17 4.435 NA 7 2054.500000
2054.5 593.66 2.97 NA 7 2054.500000
2054.5 596.655 2.025 NA 7 2054.500000
2054.5 609.14 1.63 NA 7 2054.500000
2054.5 618.125 1.5 NA 7 2054.500000
2054.5 635.1 1.385 NA 7 2054.500000
2054.5 645.585 1.305 NA 7 2054.500000
2054.5 666.06 1.795 NA 7 2054.500000
2054.5 679.535 1.74 NA 7 2054.500000
2054.5 689.515 3.37 NA 7 2054.500000
2054.5 695.5 5.425 NA 7 2054.500000
2054.5 703.49 6.79 NA 7 2054.500000
2054.5 709.48 8.715 NA 7 2054.500000
2054.5 711.98 9.53 NA 7 2054.500000
2054.5 716 11.76 NA 7 2054.500000
2054.5 725.955 12.735 NA 7 2054.500000
2054.5 735.93 12.965 rd 7 2054.500000
2353.75 268.13 13.63 rg 8 2353.750000
2353.75 271.6275 11.66 NA 8 2353.750000
2353.75 282.605 11.32 NA 8 2353.750000
2353.75 288.84 11.035 NA 8 2353.750000
2353.75 295.225 9.8625 NA 8 2353.750000
2353.75 304.8075 7.59 NA 8 2353.750000
2353.75 313.04 6.3575 NA 8 2353.750000
2353.75 326.01 4.9625 NA 8 2353.750000
2353.75 330.75 3.765 NA 8 2353.750000
2353.75 334.2425 2.4375 NA 8 2353.750000
2353.75 348.47 1.77 NA 8 2353.750000
2353.75 356.9525 1.595 NA 8 2353.750000
2353.75 374.92 1.5725 NA 8 2353.750000
2353.75 383.1525 1.4275 NA 8 2353.750000
2353.75 397.88 1.8925 NA 8 2353.750000
2353.75 416.5925 1.51 NA 8 2353.750000
2353.75 429.0625 2.805 NA 8 2353.750000
2353.75 436.045 5.2475 NA 8 2353.750000
2353.75 444.03 6.595 NA 8 2353.750000
2353.75 449.52 8.6925 NA 8 2353.750000
2353.75 452.27 9.435 NA 8 2353.750000
2353.75 456.3 12.24 NA 8 2353.750000
2353.75 469.7325 12.9775 NA 8 2353.750000
2353.75 482.7 13.1025 rd 8 2353.750000
2653 0 13.93 rg 9 2653.000000
2653 0 11.51 NA 9 2653.000000
2653 13.97 11.48 NA 9 2653.000000
2653 21.95 11.1 NA 9 2653.000000
2653 29.8 9.92 NA 9 2653.000000
2653 39.91 7.68 NA 9 2653.000000
2653 48.89 6.46 NA 9 2653.000000
2653 63.85 5.49 NA 9 2653.000000
2653 67.84 4.56 NA 9 2653.000000
2653 71.83 2.85 NA 9 2653.000000
2653 87.8 1.91 NA 9 2653.000000
2653 95.78 1.69 NA 9 2653.000000
2653 114.74 1.76 NA 9 2653.000000
2653 120.72 1.55 NA 9 2653.000000
2653 129.7 1.99 NA 9 2653.000000
2653 153.65 1.28 NA 9 2653.000000
2653 168.61 2.24 NA 9 2653.000000
2653 176.59 5.07 NA 9 2653.000000
2653 184.57 6.4 NA 9 2653.000000
2653 189.56 8.67 NA 9 2653.000000
2653 192.56 9.34 NA 9 2653.000000
2653 196.6 12.72 NA 9 2653.000000
2653 213.51 13.22 NA 9 2653.000000
2653 229.47 13.24 rd 9 2653.000000
2954.375 4.9925 13.9662 rg 10 2954.375000
2954.375 5.2425 11.5425 NA 10 2954.375000
2954.375 19.9625 11.4 NA 10 2954.375000
2954.375 28.5675 10.5125 NA 10 2954.375000
2954.375 39.0562 9.4825 NA 10 2954.375000
2954.375 49.4 7.865 NA 10 2954.375000
2954.375 58.0063 7.1312 NA 10 2954.375000
2954.375 75.465 6.1125 NA 10 2954.375000
2954.375 80.5787 5.0325 NA 10 2954.375000
2954.375 85.8175 3.7062 NA 10 2954.375000
2954.375 101.04 2.79 NA 10 2954.375000
2954.375 109.7687 2.9037 NA 10 2954.375000
2954.375 128.1062 2.7687 NA 10 2954.375000
2954.375 135.7113 2.4775 NA 10 2954.375000
2954.375 146.3137 3.1262 NA 10 2954.375000
2954.375 170.2663 2.5537 NA 10 2954.375000
2954.375 183.73 2.8875 NA 10 2954.375000
2954.375 192.835 5.1438 NA 10 2954.375000
2954.375 201.9387 5.7213 NA 10 2954.375000
2954.375 213.67 7.7212 NA 10 2954.375000
2954.375 219.54 8.3975 NA 10 2954.375000
2954.375 224.6975 11.84 NA 10 2954.375000
2954.375 242.115 12.7325 NA 10 2954.375000
2954.375 257.4525 13.1625 rd 10 2954.375000
3255.75 9.985 14.0025 rg 11 3255.750000
3255.75 10.485 11.575 NA 11 3255.750000
3255.75 25.955 11.32 NA 11 3255.750000
3255.75 35.185 9.925 NA 11 3255.750000
3255.75 48.3125 9.045 NA 11 3255.750000
3255.75 58.89 8.05 NA 11 3255.750000
3255.75 67.1225 7.8025 NA 11 3255.750000
3255.75 87.08 6.735 NA 11 3255.750000
3255.75 93.3175 5.505 NA 11 3255.750000
3255.75 99.805 4.5625 NA 11 3255.750000
3255.75 114.28 3.67 NA 11 3255.750000
3255.75 123.7575 4.1175 NA 11 3255.750000
3255.75 141.4725 3.7775 NA 11 3255.750000
3255.75 150.7025 3.405 NA 11 3255.750000
3255.75 162.9275 4.2625 NA 11 3255.750000
3255.75 186.8825 3.8275 NA 11 3255.750000
3255.75 198.85 3.535 NA 11 3255.750000
3255.75 209.08 5.2175 NA 11 3255.750000
3255.75 219.3075 5.0425 NA 11 3255.750000
3255.75 237.78 6.7725 NA 11 3255.750000
3255.75 246.52 7.455 NA 11 3255.750000
3255.75 252.795 10.96 NA 11 3255.750000
3255.75 270.72 12.245 NA 11 3255.750000
3255.75 285.435 13.085 rd 11 3255.750000
3557.125 14.9775 14.0388 rg 12 3557.125000
3557.125 15.7275 11.6075 NA 12 3557.125000
3557.125 31.9475 11.24 NA 12 3557.125000
3557.125 41.8025 9.3375 NA 12 3557.125000
3557.125 57.5688 8.6075 NA 12 3557.125000
3557.125 68.38 8.235 NA 12 3557.125000
3557.125 76.2387 8.4737 NA 12 3557.125000
3557.125 98.695 7.3575 NA 12 3557.125000
3557.125 106.0563 5.9775 NA 12 3557.125000
3557.125 113.7925 5.4188 NA 12 3557.125000
3557.125 127.52 4.55 NA 12 3557.125000
3557.125 137.7463 5.3312 NA 12 3557.125000
3557.125 154.8388 4.7862 NA 12 3557.125000
3557.125 165.6937 4.3325 NA 12 3557.125000
3557.125 179.5412 5.3987 NA 12 3557.125000
3557.125 203.4988 5.1013 NA 12 3557.125000
3557.125 213.97 4.1825 NA 12 3557.125000
3557.125 225.325 5.2912 NA 12 3557.125000
3557.125 236.6762 4.3638 NA 12 3557.125000
3557.125 261.89 5.8238 NA 12 3557.125000
3557.125 273.5 6.5125 NA 12 3557.125000
3557.125 280.8925 10.08 NA 12 3557.125000
3557.125 299.325 11.7575 NA 12 3557.125000
3557.125 313.4175 13.0075 rd 12 3557.125000
3858.5 19.97 14.075 rg 13 3858.500000
3858.5 20.97 11.64 NA 13 3858.500000
3858.5 37.94 11.16 NA 13 3858.500000
3858.5 48.42 8.75 NA 13 3858.500000
3858.5 66.825 8.17 NA 13 3858.500000
3858.5 77.87 8.42 NA 13 3858.500000
3858.5 85.355 9.145 NA 13 3858.500000
3858.5 110.31 7.98 NA 13 3858.500000
3858.5 118.795 6.45 NA 13 3858.500000
3858.5 127.78 6.275 NA 13 3858.500000
3858.5 140.76 5.43 NA 13 3858.500000
3858.5 151.735 6.545 NA 13 3858.500000
3858.5 168.205 5.795 NA 13 3858.500000
3858.5 180.685 5.26 NA 13 3858.500000
3858.5 196.155 6.535 NA 13 3858.500000
3858.5 220.115 6.375 NA 13 3858.500000
3858.5 229.09 4.83 NA 13 3858.500000
3858.5 241.57 5.365 NA 13 3858.500000
3858.5 254.045 3.685 NA 13 3858.500000
3858.5 286 4.875 NA 13 3858.500000
3858.5 300.48 5.57 NA 13 3858.500000
3858.5 308.99 9.2 NA 13 3858.500000
3858.5 327.93 11.27 NA 13 3858.500000
3858.5 341.4 12.93 rd 13 3858.500000
4159.875 24.9625 14.1113 rg 14 4159.875000
4159.875 26.2125 11.6725 NA 14 4159.875000
4159.875 43.9325 11.08 NA 14 4159.875000
4159.875 55.0375 8.1625 NA 14 4159.875000
4159.875 76.0812 7.7325 NA 14 4159.875000
4159.875 87.36 8.605 NA 14 4159.875000
4159.875 94.4712 9.8163 NA 14 4159.875000
4159.875 121.925 8.6025 NA 14 4159.875000
4159.875 131.5337 6.9225 NA 14 4159.875000
4159.875 141.7675 7.1312 NA 14 4159.875000
4159.875 154 6.31 NA 14 4159.875000
4159.875 165.7237 7.7588 NA 14 4159.875000
4159.875 181.5712 6.8037 NA 14 4159.875000
4159.875 195.6763 6.1875 NA 14 4159.875000
4159.875 212.7688 7.6712 NA 14 4159.875000
4159.875 236.7312 7.6488 NA 14 4159.875000
4159.875 244.21 5.4775 NA 14 4159.875000
4159.875 257.815 5.4388 NA 14 4159.875000
4159.875 271.4137 3.0062 NA 14 4159.875000
4159.875 310.11 3.9263 NA 14 4159.875000
4159.875 327.46 4.6275 NA 14 4159.875000
4159.875 337.0875 8.32 NA 14 4159.875000
4159.875 356.535 10.7825 NA 14 4159.875000
4159.875 369.3825 12.8525 rd 14 4159.875000
4461.25 29.955 14.1475 rg 15 4461.250000
4461.25 31.455 11.705 NA 15 4461.250000
4461.25 49.925 11 NA 15 4461.250000
4461.25 61.655 7.575 NA 15 4461.250000
4461.25 85.3375 7.295 NA 15 4461.250000
4461.25 96.85 8.79 NA 15 4461.250000
4461.25 103.5875 10.4875 NA 15 4461.250000
4461.25 133.54 9.225 NA 15 4461.250000
4461.25 144.2725 7.395 NA 15 4461.250000
4461.25 155.755 7.9875 NA 15 4461.250000
4461.25 167.24 7.19 NA 15 4461.250000
4461.25 179.7125 8.9725 NA 15 4461.250000
4461.25 194.9375 7.8125 NA 15 4461.250000
4461.25 210.6675 7.115 NA 15 4461.250000
4461.25 229.3825 8.8075 NA 15 4461.250000
4461.25 253.3475 8.9225 NA 15 4461.250000
4461.25 259.33 6.125 NA 15 4461.250000
4461.25 274.06 5.5125 NA 15 4461.250000
4461.25 288.7825 2.3275 NA 15 4461.250000
4461.25 334.22 2.9775 NA 15 4461.250000
4461.25 354.44 3.685 NA 15 4461.250000
4461.25 365.185 7.44 NA 15 4461.250000
4461.25 385.14 10.295 NA 15 4461.250000
4461.25 397.365 12.775 rd 15 4461.250000
4762.625 34.9475 14.1837 rg 16 4762.625000
4762.625 36.6975 11.7375 NA 16 4762.625000
4762.625 55.9175 10.92 NA 16 4762.625000
4762.625 68.2725 6.9875 NA 16 4762.625000
4762.625 94.5938 6.8575 NA 16 4762.625000
4762.625 106.34 8.975 NA 16 4762.625000
4762.625 112.7037 11.1588 NA 16 4762.625000
4762.625 145.155 9.8475 NA 16 4762.625000
4762.625 157.0113 7.8675 NA 16 4762.625000
4762.625 169.7425 8.8438 NA 16 4762.625000
4762.625 180.48 8.07 NA 16 4762.625000
4762.625 193.7013 10.1863 NA 16 4762.625000
4762.625 208.3037 8.8212 NA 16 4762.625000
4762.625 225.6587 8.0425 NA 16 4762.625000
4762.625 245.9963 9.9437 NA 16 4762.625000
4762.625 269.9638 10.1963 NA 16 4762.625000
4762.625 274.45 6.7725 NA 16 4762.625000
4762.625 290.305 5.5862 NA 16 4762.625000
4762.625 306.1513 1.6487 NA 16 4762.625000
4762.625 358.33 2.0288 NA 16 4762.625000
4762.625 381.42 2.7425 NA 16 4762.625000
4762.625 393.2825 6.56 NA 16 4762.625000
4762.625 413.745 9.8075 NA 16 4762.625000
4762.625 425.3475 12.6975 rd 16 4762.625000
5064 39.94 14.22 rg 17 Eure
5064 41.94 11.77 NA 17 Eure
5064 61.91 10.84 NA 17 Eure
5064 74.89 6.4 NA 17 Eure
5064 103.85 6.42 NA 17 Eure
5064 115.83 9.16 NA 17 Eure
5064 121.82 11.83 NA 17 Eure
5064 156.77 10.47 NA 17 Eure
5064 169.75 8.34 NA 17 Eure
5064 183.73 9.7 NA 17 Eure
5064 193.72 8.95 NA 17 Eure
5064 207.69 11.4 NA 17 Eure
5064 221.67 9.83 NA 17 Eure
5064 240.65 8.97 NA 17 Eure
5064 262.61 11.08 NA 17 Eure
5064 286.58 11.47 NA 17 Eure
5064 289.57 7.42 NA 17 Eure
5064 306.55 5.66 NA 17 Eure
5064 323.52 0.97 NA 17 Eure
5064 382.44 1.08 NA 17 Eure
5064 408.4 1.8 NA 17 Eure
5064 421.38 5.68 NA 17 Eure
5064 442.35 9.32 NA 17 Eure
5064 453.33 12.62 rd 17 Eure
