1 -2.07705506803175e-17 0.427464510767183 -3.17226691715595e-16 0.193785155403064 3.62450232051063e-16 -0.566176193079199 0 0 0 0 0 0 0 0
-2.37377722060771e-17 1 -3.41601744752485e-16 0.0295159033419837 1.72173960029945e-16 -0.50408001393022 2.32358726266808e-16 0 0 0 0 0 0 0 0
0.427464510767183 -4.09078632604827e-16 1 -1.65108644410145e-16 0.212557345277713 4.50078181010649e-16 -0.797604651720248 0 0 0 0 0 0 0 0
-3.35098618009432e-16 0.0295159033419837 -6.35033247731328e-17 1 -3.53530953650932e-16 -0.683130051063973 3.56091930274516e-16 0 0 0 0 0 0 0 0
0.193785155403064 1.30434818204504e-16 0.212557345277714 -3.84955927308792e-16 1 2.6498752576667e-16 -0.632455532033676 0 0 0 0 0 0 0 0
3.92972356855363e-16 -0.50408001393022 3.63316122020644e-16 -0.683130051063973 2.11319166117724e-16 1 -4.87044554069972e-16 0 0 0 0 0 0 0 0
-0.566176193079199 2.32358726266808e-16 -0.797604651720248 3.56091930274516e-16 -0.632455532033676 -4.87044554069972e-16 1 0 0 0 0 0 0 0 0
0 0 0 0 0 0 0 1 0 0 0 0 0 0 0
0 0 0 0 0 0 0 0 1 0 0 0 0 0 0
0 0 0 0 0 0 0 0 0 1 0 0 0 0 0
0 0 0 0 0 0 0 0 0 0 1 0 0 0 0
0 0 0 0 0 0 0 0 0 0 0 1 0 0 0
0 0 0 0 0 0 0 0 0 0 0 0 1 0 0
0 0 0 0 0 0 0 0 0 0 0 0 0 1 0
0 0 0 0 0 0 0 0 0 0 0 0 0 0 1
