1 1.98402719456722e-15 0.952654776285142 3.25169919948937e-15 0.947306142542339 2.69895714837747e-15 0.545382735904233 -1.86656479578421e-15 -0.944031761490815 -3.24060529653758e-15 -0.955870649316876 0 0 0 0 0 0 0
1.85677537326905e-15 1 2.01107338123902e-15 0.761881480332502 2.06470535185566e-15 0.606712583341657 1.19107919786632e-15 -0.61057592262347 -2.1471733827331e-15 -0.840063023808181 -1.95541895021446e-15 0 0 0 0 0 0 0
0.952654776285142 2.03020368688696e-15 1 3.63933587574274e-15 0.972474665904063 2.72812763804229e-15 0.555011207785726 -2.01970430853038e-15 -0.970990787010691 -3.45366363261843e-15 -0.981613694484983 0 0 0 0 0 0 0
3.25169919948937e-15 0.761881480332502 3.74260996503369e-15 1 3.90866169148625e-15 0.606509826798039 1.9848052186064e-15 -0.660143204500624 -3.63475215613582e-15 -0.873426870676272 -3.80528181695607e-15 0 0 0 0 0 0 0
0.947306142542339 2.09902256992909e-15 0.972474665904063 3.88688641743897e-15 1 2.86163984848537e-15 0.531736941580481 -2.02888377714784e-15 -0.970784585105722 -3.66151379646301e-15 -0.976696393090311 0 0 0 0 0 0 0
2.63734371606209e-15 0.606712583341657 2.68861682397409e-15 0.606509826798039 2.91831924036897e-15 1 1.57614560883791e-15 -0.654261735448587 -2.880329466688e-15 -0.747698209166359 -2.72335762138336e-15 0 0 0 0 0 0 0
0.545382735904233 1.21038747260376e-15 0.555011207785726 1.9848052186064e-15 0.531736941580481 1.57804457945097e-15 1 -1.29172803334771e-15 -0.617637770244886 -1.8330216273621e-15 -0.590165051836582 0 0 0 0 0 0 0
-1.87419608152141e-15 -0.61057592262347 -1.98987597675562e-15 -0.660143204500624 -2.02711491596463e-15 -0.654261735448587 -1.29266884036398e-15 1 1.99782321870612e-15 0.507673082566809 1.99850779834381e-15 0 0 0 0 0 0 0
-0.944031761490815 -2.1772394474785e-15 -0.970990787010691 -3.65552400870931e-15 -0.970784585105722 -2.82794831924072e-15 -0.617637770244886 2.05139987321993e-15 1 3.58260869991567e-15 0.949995723318195 0 0 0 0 0 0 0
-3.20866253110757e-15 -0.840063023808181 -3.481176349727e-15 -0.873426870676272 -3.6610782649064e-15 -0.747698209166359 -1.8330216273621e-15 0.507673082566809 3.56859249603967e-15 1 3.63933601477431e-15 0 0 0 0 0 0 0
-0.955870649316876 -1.9535975055266e-15 -0.981613694484983 -3.7880698880698e-15 -0.976696393090311 -2.74624335009932e-15 -0.590165051836582 1.99852964473426e-15 0.949995723318195 3.55120566243243e-15 1 0 0 0 0 0 0 0
0 0 0 0 0 0 0 0 0 0 0 1 0 0 0 0 0 0
0 0 0 0 0 0 0 0 0 0 0 0 1 0 0 0 0 0
0 0 0 0 0 0 0 0 0 0 0 0 0 1 0 0 0 0
0 0 0 0 0 0 0 0 0 0 0 0 0 0 1 0 0 0
0 0 0 0 0 0 0 0 0 0 0 0 0 0 0 1 0 0
0 0 0 0 0 0 0 0 0 0 0 0 0 0 0 0 1 0
0 0 0 0 0 0 0 0 0 0 0 0 0 0 0 0 0 1
