"Durance" "SU1" "Km_a0" "Gaussian" 30 14.0955130444614 0 -1 1 1.98402719456722e-15 0.952654776285142 3.25169919948937e-15 0.947306142542339 2.69895714837747e-15 0.545382735904233 -1.86656479578421e-15 -0.944031761490815 -3.24060529653758e-15 -0.955870649316876 0 0 0 0 0 0 0
"Durance" "SU1" "Km_a1" "Gaussian" -1.55431223447522e-14 12.8744495583957 107.9063436 -0.8 1.85677537326905e-15 1 2.01107338123902e-15 0.761881480332502 2.06470535185566e-15 0.606712583341657 1.19107919786632e-15 -0.61057592262347 -2.1471733827331e-15 -0.840063023808181 -1.95541895021446e-15 0 0 0 0 0 0 0
"Durance" "SU1" "Km_a2" "Gaussian" 2.66453525910038e-15 57.6991772611415 215.8126872 -0.6 0.952654776285142 2.03020368688696e-15 1 3.63933587574274e-15 0.972474665904063 2.72812763804229e-15 0.555011207785726 -2.01970430853038e-15 -0.970990787010691 -3.45366363261843e-15 -0.981613694484983 0 0 0 0 0 0 0
"Durance" "SU1" "Km_a3" "Gaussian" 1.59872115546023e-14 21.4635579081621 323.7190308 -0.4 3.25169919948937e-15 0.761881480332502 3.74260996503369e-15 1 3.90866169148625e-15 0.606509826798039 1.9848052186064e-15 -0.660143204500624 -3.63475215613582e-15 -0.873426870676272 -3.80528181695607e-15 0 0 0 0 0 0 0
"Durance" "SU1" "Km_a4" "Gaussian" 0 60.8113789117404 431.6253744 -0.2 0.947306142542339 2.09902256992909e-15 0.972474665904063 3.88688641743897e-15 1 2.86163984848537e-15 0.531736941580481 -2.02888377714784e-15 -0.970784585105722 -3.66151379646301e-15 -0.976696393090311 0 0 0 0 0 0 0
"Durance" "SU1" "Km_a5" "Gaussian" 1.15463194561016e-14 16.3630368643943 539.531718 0 2.63734371606209e-15 0.606712583341657 2.68861682397409e-15 0.606509826798039 2.91831924036897e-15 1 1.57614560883791e-15 -0.654261735448587 -2.880329466688e-15 -0.747698209166359 -2.72335762138336e-15 0 0 0 0 0 0 0
"Durance" "SU1" "Km_a6" "Gaussian" 9.76996261670138e-15 14.2918374589308 647.4380616 0.2 0.545382735904233 1.21038747260376e-15 0.555011207785726 1.9848052186064e-15 0.531736941580481 1.57804457945097e-15 1 -1.29172803334771e-15 -0.617637770244886 -1.8330216273621e-15 -0.590165051836582 0 0 0 0 0 0 0
"Durance" "SU1" "Km_a7" "Gaussian" 3.10862446895044e-15 16.513974496514 755.3444052 0.4 -1.87419608152141e-15 -0.61057592262347 -1.98987597675562e-15 -0.660143204500624 -2.02711491596463e-15 -0.654261735448587 -1.29266884036398e-15 1 1.99782321870612e-15 0.507673082566809 1.99850779834381e-15 0 0 0 0 0 0 0
"Durance" "SU1" "Km_a8" "Gaussian" -2.53130849614536e-14 64.2470202029094 863.2507488 0.6 -0.944031761490815 -2.1772394474785e-15 -0.970990787010691 -3.65552400870931e-15 -0.970784585105722 -2.82794831924072e-15 -0.617637770244886 2.05139987321993e-15 1 3.58260869991567e-15 0.949995723318195 0 0 0 0 0 0 0
"Durance" "SU1" "Km_a9" "Gaussian" 7.66053886991358e-15 33.5348013522998 971.1570924 0.8 -3.20866253110757e-15 -0.840063023808181 -3.481176349727e-15 -0.873426870676272 -3.6610782649064e-15 -0.747698209166359 -1.8330216273621e-15 0.507673082566809 3.56859249603967e-15 1 3.63933601477431e-15 0 0 0 0 0 0 0
"Durance" "SU1" "Km_a10" "Gaussian" -1.26565424807268e-14 76.9341106244137 1079.063436 1 -0.955870649316876 -1.9535975055266e-15 -0.981613694484983 -3.7880698880698e-15 -0.976696393090311 -2.74624335009932e-15 -0.590165051836582 1.99852964473426e-15 0.949995723318195 3.55120566243243e-15 1 0 0 0 0 0 0 0
"Durance" "SU1" "Kf_SU1_Rh_a0" "FIX" 30 NA 1079.063436 1 0 0 0 0 0 0 0 0 0 0 0 1 0 0 0 0 0 0
"event_1" "node_1" "Q_mult_e1_n1" "FIX" 1 NA NA NA 0 0 0 0 0 0 0 0 0 0 0 0 1 0 0 0 0 0
"Y_1" NA "intercept" "Uniform" -10 10 NA NA 0 0 0 0 0 0 0 0 0 0 0 0 0 1 0 0 0 0
"Y_2" NA "intercept" "Exponential" 0 0.01 NA NA 0 0 0 0 0 0 0 0 0 0 0 0 0 0 1 0 0 0
"Y_3" NA "intercept" "Exponential" 0 0.01 NA NA 0 0 0 0 0 0 0 0 0 0 0 0 0 0 0 1 0 0
"Y_4" NA "intercept" "Exponential" 0 0.01 NA NA 0 0 0 0 0 0 0 0 0 0 0 0 0 0 0 0 1 0
"Y_5" NA "intercept" "Exponential" 0 0.01 NA NA 0 0 0 0 0 0 0 0 0 0 0 0 0 0 0 0 0 1
