Km_a0          Km_a1          Km_a2          Km_a3          Km_a4          Km_a5          Km_a6          Km_a7          Km_a8          Km_a9          Km_a10         Y1_intercept   Y2_intercept   Y3_intercept   Y4_intercept   Y5_intercept   LogPost        
   0.342247E+02   0.127775E+02   0.880802E+01   0.222058E+02   0.273251E+02   0.341491E+01  -0.465961E+01  -0.994319E+00  -0.642101E+01  -0.510127E+02  -0.200932E+02   0.185568E-02   0.698364E-02   0.214995E-01   0.246024E-02   0.371838E-02   0.300680E+03
   0.352551E+02   0.127501E+02   0.952556E+01   0.242576E+02   0.275116E+02   0.328632E+01  -0.387762E+01  -0.276166E+01  -0.602788E+01  -0.503686E+02  -0.203699E+02   0.185568E-02   0.161137E-01   0.142378E-01   0.142689E-01   0.331271E-02   0.295868E+03
   0.355984E+02   0.134236E+02   0.782772E+01   0.244905E+02   0.305292E+02   0.179799E+01  -0.482235E+01  -0.201005E+01  -0.846654E+01  -0.499786E+02  -0.160088E+02   0.129032E-02   0.348901E-01   0.623519E-03   0.523501E-02   0.369837E-02   0.298061E+03
   0.354102E+02   0.136081E+02   0.646626E+01   0.208296E+02   0.284987E+02   0.284275E+01  -0.919852E+01  -0.215761E+01  -0.125717E+02  -0.502835E+02  -0.170532E+02   0.657933E-02   0.151752E-01   0.313281E-01   0.339590E-01   0.606635E-02   0.294977E+03
   0.345526E+02   0.132868E+02   0.646626E+01   0.224941E+02   0.279506E+02   0.508970E+01  -0.396324E+01  -0.184897E+00  -0.113947E+02  -0.427743E+02  -0.139952E+02   0.974975E-02   0.105729E-01   0.530209E-02   0.112761E-01   0.156431E-01   0.298089E+03
   0.347311E+02   0.137612E+02   0.832758E+01   0.211982E+02   0.290277E+02   0.760227E+01  -0.396324E+01   0.251614E-01  -0.969323E+01  -0.458963E+02  -0.203428E+02   0.134655E-02   0.615007E-02   0.365313E-01   0.977043E-02   0.142967E-02   0.297467E+03
   0.347311E+02   0.141268E+02   0.641718E+01   0.238177E+02   0.282463E+02   0.109817E+02  -0.559921E+01   0.433673E+01  -0.724726E+01  -0.459757E+02  -0.172810E+02   0.373753E-02   0.817798E-02   0.338339E-02   0.429176E-02   0.286822E-02   0.300152E+03
   0.339911E+02   0.128802E+02   0.681270E+01   0.221814E+02   0.240487E+02   0.113770E+02  -0.479923E+01   0.319636E+00  -0.934523E+01  -0.401086E+02  -0.203639E+02   0.498928E-02   0.135665E-01   0.608520E-02   0.213792E-01   0.533731E-02   0.297147E+03
   0.340533E+02   0.136236E+02   0.672942E+01   0.223557E+02   0.279357E+02   0.110242E+02  -0.509167E+01  -0.219382E-01  -0.657898E+01  -0.401273E+02  -0.211385E+02   0.690772E-02   0.132819E-01   0.608520E-02   0.490051E-02   0.109638E-01   0.299235E+03
   0.332261E+02   0.126401E+02   0.305361E+01   0.178813E+02   0.257977E+02   0.109289E+02  -0.748223E+01  -0.394806E+01  -0.641427E+01  -0.331434E+02  -0.187717E+02   0.320351E-02   0.548551E-01   0.184299E-01   0.124857E-02   0.111829E-02   0.296228E+03
   0.333156E+02   0.126950E+02   0.354843E+01   0.178813E+02   0.247246E+02   0.112290E+02  -0.742578E+01  -0.387524E+01  -0.623198E+01  -0.384682E+02  -0.161482E+02   0.274320E-02   0.285164E-02   0.974316E-02   0.141063E-02   0.295089E-03   0.302371E+03
   0.322655E+02   0.111695E+02   0.438948E+01   0.178813E+02   0.216074E+02   0.317275E+01  -0.556766E+01  -0.350746E+01  -0.105959E+02  -0.407942E+02  -0.157642E+02   0.139047E-03   0.939135E-02   0.597922E-02   0.106524E-01   0.850075E-02   0.299615E+03
   0.327468E+02   0.106843E+02   0.569945E+01   0.232346E+02   0.216074E+02   0.301929E+01  -0.543805E+01  -0.152931E+00  -0.778068E+01  -0.428098E+02  -0.207517E+02   0.858610E-02   0.974762E-02   0.303473E-01   0.844767E-02   0.625551E-02   0.294554E+03
   0.321714E+02   0.108343E+02   0.569945E+01   0.177363E+02   0.225165E+02   0.469885E+01  -0.516044E+01  -0.818080E-02  -0.825504E+01  -0.431192E+02  -0.129046E+02   0.195179E-02   0.142853E-01   0.292182E-02   0.259440E-02   0.107544E-01   0.301205E+03
   0.325642E+02   0.947718E+01   0.481340E+01   0.174651E+02   0.207193E+02   0.382566E+01  -0.398493E+01   0.355323E+01  -0.883267E+01  -0.463516E+02  -0.106224E+02   0.647279E-02   0.761183E-05   0.302449E-02   0.529768E-02   0.241547E-02   0.300925E+03
   0.330057E+02   0.108440E+02   0.481340E+01   0.186850E+02   0.202704E+02   0.405946E+01  -0.516739E+01  -0.237218E+01  -0.127806E+02  -0.410597E+02  -0.137219E+02   0.313769E-02   0.124637E-02   0.134911E-02   0.908412E-03   0.183343E-01   0.302249E+03
   0.330256E+02   0.117790E+02   0.609327E+01   0.194967E+02   0.211960E+02   0.684891E+01  -0.208307E+01   0.274874E+01  -0.111065E+02  -0.444898E+02  -0.121584E+02   0.764959E-02   0.710709E-02   0.134911E-02   0.913342E-02   0.228998E-01   0.299924E+03
   0.320896E+02   0.114277E+02   0.745801E+01   0.162596E+02   0.212227E+02   0.533300E+01  -0.487608E+01  -0.318663E+01  -0.103064E+02  -0.385748E+02  -0.170864E+02   0.518545E-02   0.199182E-02   0.179460E-01   0.134459E-01   0.131882E-01   0.296312E+03
   0.310786E+02   0.108342E+02   0.775701E+01   0.171880E+02   0.195170E+02   0.709654E+01   0.119212E+01   0.900843E+00  -0.654721E+01  -0.411075E+02  -0.133316E+02   0.229464E-02   0.199182E-02   0.257604E-02   0.674621E-02   0.110349E-01   0.299368E+03
   0.323874E+02   0.945455E+01   0.573394E+01   0.175669E+02   0.235058E+02   0.311712E+01  -0.328955E+01   0.809570E+00  -0.307412E+01  -0.412390E+02  -0.135925E+02   0.117975E-02   0.494208E-03   0.101556E-01   0.143962E-02   0.144516E-01   0.299686E+03
   0.320351E+02   0.844358E+01   0.660119E+01   0.159741E+02   0.216379E+02   0.138315E+01  -0.128982E+01  -0.421210E+01  -0.484280E+01  -0.374030E+02  -0.143270E+02   0.146817E-02   0.152380E-03   0.190718E-01   0.925313E-03   0.182590E-01   0.294504E+03
   0.326463E+02   0.927898E+01   0.759744E+01   0.180832E+02   0.209039E+02   0.138315E+01  -0.675846E+01  -0.605696E+01  -0.471094E+01  -0.375351E+02  -0.121383E+02   0.286232E-02   0.286167E-03   0.146255E-01   0.243992E-03   0.338226E-02   0.290058E+03
   0.314247E+02   0.107457E+02   0.456873E+01   0.164076E+02   0.200397E+02   0.792121E+01  -0.637353E+01  -0.338536E+01  -0.766476E+01  -0.368082E+02  -0.117229E+02   0.269742E-02   0.158458E-01   0.357896E-03   0.409308E-02   0.658789E-02   0.297691E+03
   0.314247E+02   0.107457E+02   0.418210E+01   0.155140E+02   0.191090E+02   0.808702E+01  -0.464011E+01   0.205277E+01  -0.910890E+01  -0.387954E+02  -0.145601E+02   0.275084E-02   0.214291E-01   0.579042E-02   0.582086E-02   0.336298E-04   0.299960E+03
   0.308987E+02   0.108032E+02   0.486807E+01   0.170619E+02   0.187810E+02   0.821998E+01  -0.367321E+01  -0.339799E-01  -0.762355E+01  -0.336019E+02  -0.139453E+02   0.284052E-02   0.161382E-01   0.706097E-02   0.669412E-05   0.510337E-02   0.300591E+03
   0.310091E+02   0.115600E+02   0.712750E+01   0.146074E+02   0.178642E+02   0.619304E+01  -0.260102E+00  -0.942811E+00  -0.959374E+01  -0.432015E+02  -0.120259E+02   0.413989E-02   0.204234E-02   0.671895E-02   0.736961E-02   0.342672E-02   0.298578E+03
   0.310304E+02   0.112922E+02   0.697750E+01   0.148049E+02   0.198404E+02   0.711099E+01   0.278038E-01  -0.822354E+00  -0.878031E+01  -0.383954E+02  -0.120273E+02   0.146902E-02   0.197706E-01   0.162716E-01   0.722159E-02   0.175996E-01   0.297717E+03
   0.321114E+02   0.118488E+02   0.584735E+01   0.161403E+02   0.226251E+02   0.734017E+01  -0.702326E+01  -0.492857E+01  -0.893176E+01  -0.361220E+02  -0.105030E+02   0.422737E-02   0.667335E-03   0.167317E-01   0.264597E-01   0.144297E-01   0.292664E+03
   0.320628E+02   0.127904E+02   0.388015E+01   0.155141E+02   0.228653E+02   0.665430E+01  -0.286198E+01  -0.463092E+01  -0.106220E+02  -0.389365E+02  -0.151323E+02   0.524352E-02   0.153179E-01   0.182222E-02   0.528626E-02   0.767950E-02   0.296397E+03
   0.332787E+02   0.119318E+02   0.462686E+01   0.149334E+02   0.223287E+02   0.610347E+01  -0.286198E+01  -0.459848E+01  -0.113208E+02  -0.428809E+02  -0.138762E+02   0.444850E-02   0.262722E-02   0.130275E-01   0.356389E-03   0.129982E-01   0.302947E+03
   0.334901E+02   0.103239E+02   0.691934E+00   0.153190E+02   0.215897E+02   0.820422E+01  -0.173582E+01   0.208024E+01  -0.105809E+02  -0.405371E+02  -0.108897E+02   0.172848E-02   0.630325E-03   0.253393E-01   0.428108E-02   0.882929E-03   0.299417E+03
   0.327098E+02   0.999815E+01   0.232167E+01   0.177148E+02   0.216451E+02   0.684516E+01  -0.567840E+01   0.420261E+01  -0.105809E+02  -0.393586E+02  -0.993084E+01   0.172848E-02   0.959804E-02   0.103625E-01   0.301078E-02   0.216119E-02   0.300788E+03
   0.328377E+02   0.112923E+02   0.232167E+01   0.193581E+02   0.188207E+02   0.109248E+02   0.158130E+01   0.601552E+01  -0.154504E+02  -0.332994E+02  -0.557710E+01   0.344272E-02   0.156990E-01   0.404491E-02   0.144766E-02   0.165319E-02   0.292321E+03
   0.326552E+02   0.105982E+02   0.332184E+01   0.153263E+02   0.203483E+02   0.843908E+01   0.359583E+01  -0.673135E+00  -0.989893E+01  -0.341763E+02  -0.362507E+01   0.206489E-02   0.700826E-02   0.122361E-01   0.201144E-01   0.165319E-02   0.297128E+03
   0.332403E+02   0.100765E+02   0.438439E+01   0.121265E+02   0.199362E+02   0.800647E+01   0.394997E+01   0.594526E+00  -0.131965E+02  -0.406478E+02  -0.803778E+01   0.335517E-02   0.420791E-03   0.302958E-01   0.288668E-02   0.521621E-03   0.294012E+03
   0.322437E+02   0.107515E+02   0.987923E-01   0.119089E+02   0.197834E+02   0.120883E+02  -0.732118E+00   0.142139E+01  -0.131965E+02  -0.323990E+02  -0.583144E+01   0.162277E-02   0.162587E-02   0.222416E-01   0.502834E-03   0.570055E-02   0.297701E+03
   0.327237E+02   0.113238E+02   0.161206E+01   0.979053E+01   0.214503E+02   0.141847E+02  -0.834524E+00  -0.589145E+01  -0.104755E+02  -0.311223E+02  -0.596034E+01   0.796704E-03   0.828788E-03   0.582239E-03   0.155570E-01   0.499094E-03   0.301638E+03
   0.327654E+02   0.116196E+02   0.147094E+01   0.979053E+01   0.206572E+02   0.144593E+02   0.869032E+00  -0.450702E+01  -0.101801E+02  -0.339700E+02  -0.582375E+01   0.743665E-02   0.229725E-01   0.182016E-01   0.239119E-01   0.160067E-01   0.294797E+03
   0.337638E+02   0.116041E+02   0.353107E+00   0.927614E+01   0.209797E+02   0.143639E+02   0.232315E+01  -0.839209E+01  -0.129295E+02  -0.339927E+02  -0.745773E+01   0.960204E-03   0.244194E-02   0.691895E-02   0.499302E-02   0.472994E-02   0.301234E+03
   0.333907E+02   0.124000E+02   0.353107E+00   0.105475E+02   0.209797E+02   0.146281E+02   0.579660E+00  -0.863339E+01  -0.137083E+02  -0.317273E+02  -0.107197E+02   0.137231E-02   0.299979E-02   0.550861E-02   0.168460E-01   0.137872E-01   0.299133E+03
   0.335959E+02   0.127303E+02   0.264547E+01   0.937321E+01   0.209745E+02   0.160052E+02   0.210610E+01  -0.105780E+02  -0.140075E+02  -0.330968E+02  -0.827973E+01   0.273133E-02   0.531553E-02   0.216613E-04   0.135941E-02   0.221059E-01   0.299919E+03
   0.335959E+02   0.124649E+02   0.938223E+00   0.124470E+02   0.208133E+02   0.171817E+02   0.269634E+01  -0.186242E+01  -0.131275E+02  -0.336335E+02  -0.110777E+02   0.525537E-03   0.488725E-02   0.153729E-01   0.216059E-03   0.436652E-02   0.295760E+03
   0.334129E+02   0.136442E+02   0.179459E+01   0.114618E+02   0.206854E+02   0.153260E+02   0.276266E+01  -0.643420E+01  -0.166855E+02  -0.328258E+02  -0.102435E+02   0.467984E-02   0.651438E-02   0.268156E-01   0.845151E-02   0.143687E-01   0.297077E+03
   0.339306E+02   0.126521E+02   0.302659E+01   0.758248E+01   0.207234E+02   0.165349E+02   0.928509E+01  -0.892753E+01  -0.142952E+02  -0.343635E+02   0.197145E+01   0.351462E-02   0.133776E-01   0.113434E-01   0.131479E-01   0.103024E-01   0.293821E+03
   0.335657E+02   0.126225E+02   0.450762E+01   0.121380E+02   0.197744E+02   0.146258E+02  -0.900753E+00  -0.310247E+01  -0.159907E+02  -0.364521E+02  -0.335965E+01   0.482797E-02   0.868739E-03   0.339919E-02   0.559165E-02   0.135155E-01   0.298384E+03
   0.335693E+02   0.125050E+02   0.543955E+01   0.126989E+02   0.199496E+02   0.127949E+02   0.383314E+01  -0.447317E+01  -0.131541E+02  -0.384120E+02  -0.656931E+01   0.849124E-02   0.552118E-01   0.599935E-02   0.153526E-02   0.106139E-01   0.294829E+03
   0.332739E+02   0.125373E+02   0.288543E+01   0.118900E+02   0.203123E+02   0.104801E+02   0.257677E+01  -0.446055E+01  -0.179832E+02  -0.374170E+02  -0.780315E+01   0.177867E-03   0.373234E-01   0.450047E-02   0.402199E-02   0.172145E-01   0.297385E+03
   0.330469E+02   0.115537E+02   0.514745E+01   0.108554E+02   0.182729E+02   0.104801E+02  -0.982562E+00  -0.920143E+01  -0.116962E+02  -0.387599E+02  -0.883924E+01   0.129352E-02   0.217549E-01   0.256137E-01   0.158105E-01   0.155696E-01   0.295176E+03
   0.330469E+02   0.108752E+02   0.435842E+01   0.103773E+02   0.198399E+02   0.100680E+02   0.936776E+00  -0.791569E+01  -0.105409E+02  -0.399167E+02  -0.107595E+02   0.146625E-02   0.170785E-02   0.955828E-02   0.957502E-02   0.225117E-02   0.301358E+03
   0.333797E+02   0.114624E+02   0.886170E+00   0.106208E+02   0.191957E+02   0.152482E+02  -0.436690E+00  -0.682816E+01  -0.113841E+02  -0.351757E+02  -0.943235E+01   0.201575E-02   0.272192E-02   0.105402E-01   0.779696E-02   0.311357E-02   0.301010E+03
   0.333797E+02   0.123470E+02   0.707747E+00   0.106208E+02   0.210356E+02   0.120262E+02  -0.289448E+01  -0.887169E+01  -0.127876E+02  -0.337083E+02  -0.624553E+01   0.224944E-02   0.896552E-02   0.439047E-02   0.897065E-02   0.128864E-01   0.299851E+03
   0.339909E+02   0.123470E+02   0.160000E+01   0.115880E+02   0.186347E+02   0.164049E+02  -0.286207E+01  -0.107064E+02  -0.163177E+02  -0.298931E+02  -0.147704E+02   0.234446E-02   0.319446E-02   0.439047E-02   0.293707E-02   0.117162E-01   0.297121E+03
   0.322989E+02   0.135742E+02   0.327053E+01   0.105056E+02   0.189306E+02   0.149588E+02   0.830984E+00  -0.112241E+02  -0.125961E+02  -0.299255E+02  -0.115602E+02   0.680856E-02   0.319446E-02   0.200273E-02   0.384943E-02   0.421023E-01   0.295134E+03
   0.321390E+02   0.129157E+02   0.327053E+01   0.914626E+01   0.173304E+02   0.188433E+02   0.136410E+01  -0.772935E+01  -0.123262E+02  -0.298063E+02  -0.598761E+01   0.867613E-02   0.319446E-02   0.200273E-02   0.116462E-01   0.292888E-01   0.295670E+03
   0.320139E+02   0.114309E+02   0.300183E+01   0.107068E+02   0.177811E+02   0.137085E+02   0.134686E+01  -0.721692E+01  -0.127716E+02  -0.300533E+02  -0.142000E+02   0.367944E-02   0.211829E-02   0.347687E-02   0.859518E-03   0.280196E-01   0.298422E+03
   0.319251E+02   0.112623E+02   0.300183E+01   0.964849E+01   0.185405E+02   0.108585E+02  -0.395698E+01  -0.954704E+01  -0.109531E+02  -0.319738E+02  -0.113814E+02   0.526700E-02   0.642779E-02   0.347687E-02   0.246837E-02   0.483347E-02   0.300320E+03
   0.323577E+02   0.118606E+02   0.278080E+01   0.124642E+02   0.185383E+02   0.101716E+02  -0.663631E+00  -0.810503E+01  -0.133799E+02  -0.341756E+02  -0.102072E+02   0.152025E-02   0.249876E-02   0.444198E-02   0.571529E-02   0.442566E-02   0.302791E+03
   0.327230E+02   0.118606E+02   0.604078E+01   0.156200E+02   0.171666E+02   0.129130E+02   0.817128E+00  -0.536744E+01  -0.126004E+02  -0.345434E+02  -0.112188E+02   0.201626E-02   0.249876E-02   0.162520E-02   0.491858E-02   0.118674E-02   0.302198E+03
   0.324988E+02   0.119219E+02   0.604078E+01   0.132735E+02   0.179044E+02   0.920543E+01   0.532234E+01  -0.887580E+01  -0.136962E+02  -0.376717E+02  -0.102209E+02   0.155147E-02   0.354683E-02   0.105401E-02   0.497511E-02   0.162810E-01   0.299121E+03
   0.323923E+02   0.118125E+02   0.504675E+01   0.105352E+02   0.182686E+02   0.999117E+01   0.552314E+01  -0.778792E+01  -0.165231E+02  -0.362546E+02  -0.878236E+01   0.119711E-02   0.114766E-01   0.793042E-02   0.345510E-02   0.121207E-01   0.299500E+03
   0.327101E+02   0.118125E+02   0.504675E+01   0.979030E+01   0.161248E+02   0.128856E+02   0.589332E+01  -0.643563E+01  -0.184054E+02  -0.370994E+02  -0.331844E+01   0.988551E-02   0.858150E-02   0.552289E-02   0.621709E-02   0.828159E-02   0.297506E+03
   0.328013E+02   0.119184E+02   0.338611E+01   0.630878E+01   0.176924E+02   0.166542E+02   0.472432E+01  -0.108168E+02  -0.128896E+02  -0.318041E+02  -0.566131E+01   0.543335E-02   0.251278E-01   0.511434E-02   0.122434E-01   0.169778E-01   0.296445E+03
   0.311714E+02   0.123843E+02   0.297828E+01   0.111069E+02   0.167729E+02   0.141963E+02   0.980270E+00  -0.272170E+01  -0.130060E+02  -0.318041E+02  -0.846892E+01   0.155436E-02   0.251697E-02   0.939666E-02   0.164519E-02   0.719494E-02   0.299948E+03
   0.321352E+02   0.127849E+02   0.601731E+01   0.115263E+02   0.194273E+02   0.160750E+02   0.275748E+00  -0.556139E+01  -0.103786E+02  -0.328891E+02  -0.100729E+02   0.147781E-02   0.102556E-01   0.148630E-02   0.212791E-01   0.127315E-01   0.298037E+03
   0.324011E+02   0.115668E+02   0.381230E+01   0.115263E+02   0.174186E+02   0.166689E+02  -0.473635E+00  -0.800816E+01  -0.124643E+02  -0.294075E+02  -0.120493E+02   0.172060E-03   0.406110E-02   0.547274E-02   0.192231E-01   0.451872E-03   0.299029E+03
   0.324011E+02   0.119298E+02   0.778448E+01   0.975262E+01   0.194370E+02   0.140480E+02   0.258176E+01  -0.106265E+02  -0.929949E+01  -0.373637E+02  -0.720919E+01   0.462814E-02   0.169026E-02   0.177073E-03   0.196744E-03   0.261281E-02   0.298509E+03
   0.326143E+02   0.133633E+02   0.687375E+01   0.123518E+02   0.194370E+02   0.124761E+02  -0.559844E+00  -0.703759E+01  -0.125840E+02  -0.384081E+02  -0.107115E+02   0.857811E-03   0.134632E-01   0.889805E-02   0.351254E-02   0.486443E-02   0.301864E+03
   0.336542E+02   0.145621E+02   0.453443E+01   0.114073E+02   0.196018E+02   0.135985E+02  -0.117308E+01  -0.625498E+01  -0.164592E+02  -0.415917E+02  -0.944954E+01   0.730005E-02   0.203201E-02   0.115015E-01   0.241312E-02   0.139090E-01   0.300238E+03
   0.338763E+02   0.143057E+02   0.653498E+01   0.150217E+02   0.217881E+02   0.136723E+02   0.310061E+01  -0.791904E+01  -0.138914E+02  -0.365935E+02  -0.958998E+01   0.627103E-02   0.786015E-02   0.145469E-01   0.301468E-02   0.237649E-02   0.301022E+03
   0.333103E+02   0.150376E+02   0.894487E+01   0.146279E+02   0.225812E+02   0.145612E+02   0.700242E+00  -0.616008E+01  -0.123221E+02  -0.415025E+02  -0.128362E+02   0.607345E-02   0.556441E-02   0.111472E-02   0.177635E-02   0.119213E-02   0.302777E+03
   0.338775E+02   0.157792E+02   0.894487E+01   0.183519E+02   0.232748E+02   0.117907E+02  -0.119983E+01  -0.233153E+01  -0.172362E+02  -0.406070E+02  -0.152601E+02   0.355122E-02   0.842860E-02   0.585381E-02   0.177635E-02   0.123615E-01   0.301932E+03
   0.336528E+02   0.150015E+02   0.808469E+01   0.193225E+02   0.251072E+02   0.111422E+02  -0.375431E+00  -0.314962E+01  -0.140616E+02  -0.406179E+02  -0.167027E+02   0.646759E-02   0.901115E-02   0.215504E-01   0.103201E-02   0.566707E-02   0.300516E+03
   0.340605E+02   0.161034E+02   0.939581E+01   0.210815E+02   0.289861E+02   0.912388E+01  -0.336769E+01  -0.279710E+01  -0.101867E+02  -0.439047E+02  -0.209918E+02   0.789253E-02   0.318999E-01   0.185295E-01   0.884260E-02   0.987496E-03   0.297198E+03
   0.341337E+02   0.157344E+02   0.106535E+02   0.233426E+02   0.272723E+02   0.108546E+02  -0.462501E+01  -0.423298E+01  -0.123323E+02  -0.406827E+02  -0.209850E+02   0.173458E-02   0.273090E-01   0.103864E-02   0.173173E-01   0.786230E-02   0.297917E+03
   0.344282E+02   0.159505E+02   0.727902E+01   0.247230E+02   0.256070E+02   0.739319E+01  -0.669262E+01  -0.276679E+01  -0.124083E+02  -0.454145E+02  -0.247135E+02   0.129716E-02   0.148367E-01   0.145762E-02   0.340204E-02   0.844183E-02   0.299830E+03
   0.346380E+02   0.145614E+02   0.471388E+01   0.246923E+02   0.256070E+02   0.438871E+01  -0.713280E+01  -0.988425E+00  -0.137157E+02  -0.455598E+02  -0.233736E+02   0.201485E-02   0.265321E-01   0.137930E-02   0.631795E-02   0.159303E-02   0.298392E+03
   0.344449E+02   0.138323E+02   0.444139E+01   0.241427E+02   0.256070E+02   0.350881E+01  -0.825335E+01   0.177498E+01  -0.161381E+02  -0.455230E+02  -0.206960E+02   0.110438E-02   0.941219E-02   0.121065E-01   0.333686E-02   0.103444E-01   0.300355E+03
   0.350396E+02   0.152701E+02   0.599950E+01   0.248970E+02   0.261078E+02   0.660129E+01  -0.781288E+01   0.264688E+01  -0.157141E+02  -0.475884E+02  -0.194645E+02   0.376370E-02   0.458784E-02   0.105034E-01   0.143049E-01   0.187278E-02   0.302139E+03
   0.349085E+02   0.155279E+02   0.100294E+02   0.252205E+02   0.261078E+02   0.660129E+01  -0.730418E+01  -0.262616E+01  -0.129892E+02  -0.465031E+02  -0.208771E+02   0.146926E-02   0.255715E-02   0.891033E-02   0.163556E-01   0.700578E-02   0.302447E+03
   0.342261E+02   0.152642E+02   0.917997E+01   0.244548E+02   0.252159E+02   0.520117E+01  -0.603480E+01   0.128479E+01  -0.122789E+02  -0.475638E+02  -0.189072E+02   0.543260E-02   0.194659E-01   0.485962E-03   0.273795E-01   0.423782E-03   0.299255E+03
   0.340079E+02   0.144211E+02   0.683734E+01   0.218590E+02   0.258549E+02   0.747281E+01  -0.529965E+01   0.180947E+01  -0.125973E+02  -0.470009E+02  -0.158557E+02   0.138169E-03   0.166427E-01   0.440509E-03   0.544528E-01   0.266378E-02   0.299052E+03
   0.341897E+02   0.152838E+02   0.956618E+01   0.215792E+02   0.258549E+02   0.997003E+01  -0.468624E+01  -0.118259E+01  -0.109244E+02  -0.450037E+02  -0.187773E+02   0.349341E-02   0.103628E-02   0.302011E-01   0.939347E-02   0.713942E-02   0.301083E+03
   0.342725E+02   0.148687E+02   0.105132E+02   0.211926E+02   0.236621E+02   0.116565E+02  -0.261658E+01  -0.390444E+01  -0.105523E+02  -0.464184E+02  -0.169317E+02   0.649518E-02   0.381297E-02   0.184574E-01   0.952249E-02   0.150648E-01   0.298813E+03
   0.335202E+02   0.164430E+02   0.149568E+02   0.211926E+02   0.232989E+02   0.152288E+02   0.149865E+01  -0.277506E+01  -0.105274E+02  -0.439060E+02  -0.178508E+02   0.178616E-02   0.891914E-02   0.963676E-02   0.204195E-02   0.847247E-02   0.296617E+03
   0.331678E+02   0.159069E+02   0.129742E+02   0.224514E+02   0.262037E+02   0.119809E+02   0.318645E+01   0.827858E+00  -0.900858E+01  -0.402806E+02  -0.146997E+02   0.300982E-02   0.727767E-02   0.772169E-02   0.501265E-02   0.214674E-01   0.296640E+03
   0.339087E+02   0.158385E+02   0.949474E+01   0.229001E+02   0.265850E+02   0.107201E+02  -0.175437E+01   0.297638E+01  -0.121991E+02  -0.415719E+02  -0.119066E+02   0.970103E-02   0.226660E-02   0.476166E-02   0.140669E-01   0.990430E-04   0.298056E+03
   0.340993E+02   0.145691E+02   0.820837E+01   0.215989E+02   0.267545E+02   0.680764E+01  -0.536577E+01   0.318682E+01  -0.130356E+02  -0.442892E+02  -0.109573E+02   0.157821E-02   0.272862E-02   0.650171E-02   0.120084E-01   0.149780E-01   0.297322E+03
   0.334099E+02   0.145115E+02   0.643126E+01   0.224977E+02   0.252752E+02   0.651644E+01  -0.536577E+01  -0.431039E+00  -0.984821E+01  -0.405633E+02  -0.224282E+02   0.113430E-02   0.357504E-01   0.325655E-02   0.922395E-03   0.857407E-03   0.297547E+03
   0.339110E+02   0.146066E+02   0.801726E+01   0.212973E+02   0.244552E+02   0.847905E+01  -0.496665E+01  -0.409817E+01  -0.103104E+02  -0.431959E+02  -0.267266E+02   0.568420E-02   0.168627E-01   0.317153E-02   0.169980E-01   0.281941E-02   0.297504E+03
   0.336000E+02   0.147631E+02   0.926180E+01   0.207149E+02   0.250395E+02   0.664350E+01  -0.189373E+01  -0.464879E+01  -0.103104E+02  -0.447630E+02  -0.164525E+02   0.186296E-02   0.185441E-01   0.101951E-01   0.110271E-02   0.281941E-02   0.300196E+03
   0.331967E+02   0.147631E+02   0.110349E+02   0.200345E+02   0.257513E+02   0.794650E+01   0.181887E+01   0.772111E+00  -0.109189E+02  -0.463772E+02  -0.144752E+02   0.530657E-02   0.122208E-01   0.133711E-01   0.307391E-01   0.888853E-02   0.296987E+03
   0.334681E+02   0.152847E+02   0.102413E+02   0.209172E+02   0.249744E+02   0.100091E+02   0.141440E+01   0.556400E+00  -0.131862E+02  -0.452009E+02  -0.140075E+02   0.107873E-01   0.118582E-01   0.306056E-01   0.357519E-01   0.758988E-02   0.293848E+03
   0.338357E+02   0.136283E+02   0.606705E+01   0.181090E+02   0.238027E+02   0.126797E+02  -0.285551E+01  -0.221987E+00  -0.131862E+02  -0.390801E+02  -0.132575E+02   0.492220E-02   0.252622E-01   0.550827E-02   0.300395E-01   0.131455E-02   0.297966E+03
   0.344235E+02   0.149873E+02   0.745995E+01   0.185787E+02   0.238027E+02   0.131726E+02  -0.871061E+00  -0.313063E+01  -0.155779E+02  -0.383984E+02  -0.120189E+02   0.163255E-02   0.145835E-01   0.132563E-03   0.458489E-02   0.156507E-01   0.301506E+03
   0.340517E+02   0.148812E+02   0.680416E+01   0.161009E+02   0.220406E+02   0.121333E+02   0.161887E+01  -0.818325E+00  -0.168031E+02  -0.430854E+02  -0.779404E+01   0.195695E-02   0.415657E-02   0.123932E-01   0.461505E-02   0.151973E-01   0.301559E+03
   0.339456E+02   0.148812E+02   0.767305E+01   0.161009E+02   0.245447E+02   0.989898E+01  -0.239873E+01  -0.357420E+01  -0.145026E+02  -0.456588E+02  -0.135413E+02   0.128541E-02   0.364332E-03   0.640902E-02   0.466116E-02   0.279807E-02   0.304755E+03
   0.342787E+02   0.146301E+02   0.721293E+01   0.195861E+02   0.249451E+02   0.140066E+02  -0.463646E+01  -0.845531E+01  -0.111323E+02  -0.379546E+02  -0.228269E+02   0.272806E-02   0.786363E-03   0.147293E-01   0.113211E-01   0.676799E-03   0.299402E+03
   0.338390E+02   0.155547E+02   0.998492E+01   0.197488E+02   0.224828E+02   0.130818E+02   0.307852E+01  -0.451193E+01  -0.134244E+02  -0.393597E+02  -0.152743E+02   0.431445E-02   0.265187E-01   0.198421E-01   0.931553E-02   0.202051E-02   0.297586E+03
   0.338858E+02   0.157691E+02   0.945839E+01   0.194173E+02   0.202755E+02   0.140316E+02   0.335315E+01  -0.563860E+01  -0.163307E+02  -0.377954E+02  -0.115273E+02   0.666727E-04   0.112454E-01   0.324365E-01   0.705170E-02   0.400028E-02   0.297180E+03
   0.331759E+02   0.164277E+02   0.114153E+02   0.128476E+02   0.172017E+02   0.167316E+02   0.507654E+01  -0.110083E+02  -0.174969E+02  -0.444534E+02  -0.174770E+02   0.720467E-02   0.681141E-02   0.541834E-02   0.379132E-02   0.118629E-01   0.296206E+03
   0.337374E+02   0.159716E+02   0.986329E+01   0.140491E+02   0.205624E+02   0.162949E+02   0.331943E+01  -0.705088E+01  -0.170254E+02  -0.406467E+02  -0.128700E+02   0.641747E-02   0.261338E-01   0.358268E-02   0.262692E-02   0.289831E-02   0.300323E+03
   0.332216E+02   0.148444E+02   0.895970E+01   0.151030E+02   0.182202E+02   0.130890E+02   0.112229E+02  -0.686561E+01  -0.192370E+02  -0.384124E+02  -0.907945E+01   0.229090E-02   0.746870E-02   0.107768E-02   0.115588E-01   0.625562E-02   0.297634E+03
   0.338267E+02   0.149731E+02   0.895970E+01   0.156697E+02   0.179358E+02   0.111050E+02   0.207112E+01  -0.404961E+01  -0.236653E+02  -0.434304E+02  -0.115564E+02   0.982564E-04   0.142701E-01   0.113496E-01   0.500709E-02   0.146752E-01   0.299854E+03
   0.337925E+02   0.157409E+02   0.866861E+01   0.159290E+02   0.164899E+02   0.129411E+02   0.121415E+01  -0.475181E+01  -0.229708E+02  -0.464599E+02  -0.146238E+02   0.327871E-02   0.166350E-01   0.280457E-01   0.227917E-01   0.111655E-01   0.296469E+03
   0.337899E+02   0.154202E+02   0.838568E+01   0.153557E+02   0.161934E+02   0.124178E+02   0.507191E+01  -0.352225E+01  -0.225175E+02  -0.477654E+02  -0.109890E+02   0.422691E-02   0.313201E-01   0.906253E-02   0.213422E-03   0.208795E-01   0.296572E+03
   0.342690E+02   0.168655E+02   0.122191E+02   0.168910E+02   0.237509E+02   0.112066E+02   0.313023E+01  -0.362350E+01  -0.199216E+02  -0.456477E+02  -0.117519E+02   0.541699E-02   0.512832E-01   0.722407E-02   0.242790E-03   0.233856E-01   0.293410E+03
   0.349039E+02   0.165012E+02   0.988178E+01   0.198886E+02   0.261117E+02   0.112066E+02  -0.360644E+01  -0.621181E+01  -0.160357E+02  -0.464594E+02  -0.190970E+02   0.383202E-02   0.118299E-01   0.369655E-03   0.808689E-02   0.414087E-01   0.299778E+03
   0.349356E+02   0.150113E+02   0.631667E+01   0.187707E+02   0.249894E+02   0.119795E+02   0.244384E+01  -0.639748E+01  -0.159714E+02  -0.396906E+02  -0.131441E+02   0.196559E-03   0.471695E-02   0.213710E-01   0.324984E-02   0.510111E-01   0.294827E+03
   0.348941E+02   0.156403E+02   0.573578E+01   0.180293E+02   0.244532E+02   0.869892E+01  -0.544792E+01  -0.910936E+01  -0.167247E+02  -0.427829E+02  -0.183209E+02   0.756828E-02   0.154942E-01   0.244126E-02   0.203236E-02   0.742556E-02   0.300982E+03
   0.348941E+02   0.140449E+02   0.643684E+01   0.173245E+02   0.255325E+02   0.109552E+02  -0.437528E+01  -0.181387E+01  -0.135010E+02  -0.466090E+02  -0.143089E+02   0.601643E-02   0.235598E-01   0.992802E-02   0.647502E-02   0.260614E-02   0.299114E+03
   0.349149E+02   0.148959E+02   0.724402E+01   0.237274E+02   0.272478E+02   0.920074E+01  -0.162833E+01   0.911390E+00  -0.130398E+02  -0.436016E+02  -0.128309E+02   0.128013E-02   0.355115E-01   0.591327E-02   0.673419E-02   0.158032E-01   0.298272E+03
   0.347506E+02   0.140042E+02   0.337865E+01   0.237274E+02   0.272478E+02   0.555126E+01  -0.908146E+01   0.350490E+01  -0.138457E+02  -0.444317E+02  -0.168152E+02   0.666965E-02   0.146039E-02   0.237942E-01   0.397973E-02   0.634984E-02   0.299228E+03
   0.346063E+02   0.135693E+02   0.556655E+01   0.248830E+02   0.273891E+02   0.613763E+00  -0.932803E+01   0.396816E+01  -0.133563E+02  -0.499197E+02  -0.171935E+02   0.309461E-02   0.346732E-02   0.392822E-02   0.144546E-01   0.541330E-02   0.302512E+03
   0.350821E+02   0.135205E+02   0.513584E+01   0.229448E+02   0.274286E+02   0.613763E+00  -0.700955E+01   0.166365E+01  -0.134933E+02  -0.509599E+02  -0.175248E+02   0.245846E-02   0.494258E-02   0.180695E-01   0.171621E-01   0.155393E-01   0.300738E+03
   0.346393E+02   0.136910E+02   0.638971E+01   0.244405E+02   0.274286E+02   0.111355E+01  -0.700955E+01   0.271072E+01  -0.118712E+02  -0.500967E+02  -0.225733E+02   0.237345E-02   0.270021E-02   0.197875E-01   0.332927E-01   0.547381E-03   0.300190E+03
   0.346393E+02   0.130567E+02   0.638436E+01   0.284189E+02   0.292656E+02   0.150302E+01  -0.510980E+01   0.986048E+01  -0.843230E+01  -0.500967E+02  -0.209818E+02   0.140717E-02   0.734738E-03   0.327209E-02   0.991697E-02   0.676577E-02   0.299903E+03
   0.345162E+02   0.113931E+02   0.374051E+01   0.261565E+02   0.301423E+02   0.701692E+00  -0.130825E+02   0.364456E+01  -0.301281E+01  -0.436157E+02  -0.196674E+02   0.225942E-03   0.547802E-03   0.815279E-02   0.353983E-02   0.591646E-02   0.300049E+03
   0.339330E+02   0.119577E+02   0.374051E+01   0.261565E+02   0.263186E+02   0.224940E+01  -0.975479E+01   0.270136E+01  -0.918464E+01  -0.418504E+02  -0.233348E+02   0.439652E-03   0.280748E-01   0.127539E-02   0.468893E-02   0.450075E-02   0.298244E+03
   0.341633E+02   0.137960E+02   0.703289E+01   0.263682E+02   0.302736E+02   0.458848E+01  -0.630586E+01   0.787308E+01  -0.832718E+01  -0.429023E+02  -0.195295E+02   0.133983E-02   0.443669E-01   0.215410E-02   0.705096E-02   0.686010E-02   0.295644E+03
   0.353098E+02   0.138673E+02   0.472349E+01   0.257638E+02   0.322676E+02   0.582982E+01  -0.112091E+02   0.672005E+01  -0.614975E+01  -0.490440E+02  -0.224471E+02   0.362460E-02   0.314649E-02   0.121265E-02   0.172116E-01   0.329171E-01   0.297249E+03
   0.353700E+02   0.138729E+02   0.585806E+01   0.256653E+02   0.324895E+02   0.209115E+00  -0.112129E+02   0.286828E+01  -0.672933E+01  -0.513605E+02  -0.211381E+02   0.383166E-02   0.438873E-02   0.827226E-02   0.702196E-02   0.352061E-02   0.302349E+03
   0.351002E+02   0.142092E+02   0.583324E+01   0.252992E+02   0.303073E+02   0.209115E+00  -0.871520E+01   0.733328E+01  -0.120997E+02  -0.541803E+02  -0.186002E+02   0.675950E-02   0.305688E-03   0.203126E-01   0.136364E-01   0.233031E-01   0.295429E+03
   0.349259E+02   0.136954E+02   0.927995E+01   0.280610E+02   0.276057E+02  -0.159099E+01  -0.570011E+01   0.733328E+01  -0.136031E+02  -0.550312E+02  -0.201070E+02   0.860172E-02   0.216346E-02   0.360896E-02   0.162524E-01   0.416977E-02   0.298154E+03
   0.349839E+02   0.135236E+02   0.653589E+01   0.288536E+02   0.296841E+02  -0.211779E+01  -0.685381E+01   0.816492E+01  -0.105099E+02  -0.510304E+02  -0.211766E+02   0.124016E-01   0.216346E-02   0.147196E-01   0.112165E-01   0.246438E-01   0.293462E+03
   0.351254E+02   0.134366E+02   0.653589E+01   0.301837E+02   0.295203E+02  -0.458736E+01  -0.769547E+01   0.122736E+02  -0.107563E+02  -0.547247E+02  -0.192873E+02   0.970380E-02   0.221701E-01   0.288390E-01   0.171893E-01   0.101394E-02   0.287429E+03
   0.358519E+02   0.137590E+02   0.661552E+01   0.250731E+02   0.296447E+02   0.221860E+01  -0.794344E+01   0.147148E+01  -0.107563E+02  -0.561469E+02  -0.212436E+02   0.376986E-02   0.342155E-01   0.110185E-02   0.701147E-03   0.101394E-02   0.298680E+03
   0.362765E+02   0.132196E+02   0.958610E+01   0.214900E+02   0.304715E+02  -0.108284E+00  -0.621780E+01  -0.696287E+01  -0.107563E+02  -0.528352E+02  -0.165144E+02   0.534929E-03   0.326750E-01   0.455528E-03   0.153732E-01   0.458711E-02   0.293610E+03
   0.362765E+02   0.131808E+02   0.958610E+01   0.235279E+02   0.297006E+02   0.487248E+00  -0.469784E+01  -0.470247E+01  -0.121967E+02  -0.541249E+02  -0.216019E+02   0.462062E-02   0.105051E-01   0.325295E-02   0.176565E-01   0.220138E-02   0.294933E+03
   0.349933E+02   0.150433E+02   0.100388E+02   0.229714E+02   0.297006E+02   0.665705E+00  -0.613868E+01  -0.762145E+00  -0.135163E+02  -0.541249E+02  -0.218423E+02   0.135503E-02   0.696553E-04   0.413370E-02   0.314975E-02   0.494664E-02   0.303235E+03
   0.351380E+02   0.139251E+02   0.100388E+02   0.245822E+02   0.260015E+02   0.433392E+01  -0.681669E+01  -0.552777E+00  -0.140693E+02  -0.492379E+02  -0.246693E+02   0.638985E-02   0.149112E-02   0.111199E-01   0.511103E-02   0.394229E-02   0.297918E+03
   0.345080E+02   0.147612E+02   0.719030E+01   0.241342E+02   0.253028E+02   0.436939E+01  -0.104836E+02  -0.122497E+01  -0.121161E+02  -0.486257E+02  -0.175834E+02   0.214631E-02   0.862738E-02   0.394389E-01   0.115031E-01   0.836471E-04   0.297349E+03
   0.349825E+02   0.146202E+02   0.959308E+01   0.264687E+02   0.261062E+02   0.497681E+01  -0.375018E+01   0.331546E+01  -0.138796E+02  -0.475560E+02  -0.192321E+02   0.293170E-02   0.186393E-02   0.613091E-01   0.664387E-02   0.836471E-04   0.297337E+03
   0.340399E+02   0.159557E+02   0.108362E+02   0.242895E+02   0.259807E+02   0.497681E+01  -0.242880E+01   0.173689E+01  -0.169296E+02  -0.475484E+02  -0.212046E+02   0.389418E-02   0.186393E-02   0.201836E-01   0.403115E-03   0.571978E-02   0.301990E+03
   0.340399E+02   0.164018E+02   0.113079E+02   0.267481E+02   0.249795E+02   0.946605E+01   0.147960E+01   0.292460E+01  -0.161050E+02  -0.435204E+02  -0.213475E+02   0.542321E-02   0.804845E-03   0.108899E-01   0.165964E-02   0.148012E-01   0.299214E+03
   0.340208E+02   0.163515E+02   0.110821E+02   0.267481E+02   0.249795E+02   0.980069E+01  -0.108993E+01   0.333630E+01  -0.152145E+02  -0.438728E+02  -0.202602E+02   0.331072E-02   0.266689E-02   0.597876E-02   0.796241E-02   0.854581E-03   0.302341E+03
   0.340208E+02   0.163515E+02   0.106008E+02   0.210006E+02   0.244053E+02   0.113630E+02   0.440006E+00  -0.192181E+00  -0.160753E+02  -0.459633E+02  -0.152367E+02   0.444801E-02   0.519259E-02   0.797386E-02   0.351494E-02   0.213399E-01   0.302611E+03
   0.345701E+02   0.165864E+02   0.115863E+02   0.229856E+02   0.271109E+02   0.113630E+02  -0.417002E+01  -0.462976E+01  -0.120213E+02  -0.424869E+02  -0.212534E+02   0.556716E-02   0.201059E-02   0.103802E-02   0.648736E-02   0.421641E-03   0.303431E+03
   0.345701E+02   0.158599E+02   0.105145E+02   0.227047E+02   0.252549E+02   0.114371E+02  -0.454461E+01  -0.393890E+01  -0.123572E+02  -0.455775E+02  -0.217468E+02   0.217508E-02   0.671944E-02   0.804776E-02   0.690962E-02   0.144344E-01   0.302767E+03
   0.345701E+02   0.172355E+02   0.121720E+02   0.204282E+02   0.257182E+02   0.114371E+02  -0.329288E+01  -0.707265E+01  -0.138918E+02  -0.447859E+02  -0.185998E+02   0.105436E-03   0.202075E-02   0.362822E-02   0.211923E-01   0.455162E-02   0.301923E+03
   0.350508E+02   0.172355E+02   0.112467E+02   0.180352E+02   0.257182E+02   0.113067E+02  -0.249527E+01  -0.848661E+01  -0.172839E+02  -0.463186E+02  -0.191422E+02   0.536415E-02   0.154790E-02   0.166656E-02   0.319904E-01   0.223905E-02   0.301019E+03
   0.350508E+02   0.158444E+02   0.982255E+01   0.183636E+02   0.229285E+02   0.143080E+02   0.136948E+01  -0.117896E+02  -0.147240E+02  -0.419484E+02  -0.224588E+02   0.284489E-03   0.977032E-02   0.265018E-02   0.638227E-02   0.241614E-02   0.299566E+03
   0.350508E+02   0.166526E+02   0.981794E+01   0.129034E+02   0.229506E+02   0.140493E+02  -0.461096E+00  -0.161873E+02  -0.162216E+02  -0.433481E+02  -0.105796E+02   0.647506E-02   0.283538E-02   0.117315E-01   0.807302E-02   0.691096E-03   0.297187E+03
   0.356913E+02   0.158454E+02   0.596661E+01   0.121204E+02   0.210409E+02   0.145756E+02   0.363925E+01  -0.126740E+02  -0.222573E+02  -0.420500E+02  -0.109670E+02   0.515362E-02   0.812086E-02   0.151076E-01   0.117128E-01   0.368935E-02   0.299715E+03
   0.359824E+02   0.164842E+02   0.447603E+01   0.107610E+02   0.204537E+02   0.157921E+02   0.163660E+01  -0.104833E+02  -0.230368E+02  -0.456754E+02  -0.826755E+01   0.158870E-02   0.291739E-01   0.279698E-03   0.237871E-01   0.617099E-02   0.298730E+03
   0.359584E+02   0.161915E+02   0.341449E+01   0.125224E+02   0.207228E+02   0.151381E+02  -0.262532E+01  -0.757101E+01  -0.231009E+02  -0.426014E+02  -0.101131E+02   0.919040E-03   0.217907E-01   0.118692E-01   0.414771E-02   0.363096E-02   0.298410E+03
   0.359414E+02   0.170546E+02   0.341449E+01   0.159488E+02   0.207967E+02   0.129979E+02  -0.295273E+01  -0.886507E+01  -0.258936E+02  -0.426014E+02  -0.124271E+02   0.176835E-02   0.223138E-01   0.564312E-02   0.262685E-02   0.176656E-02   0.297646E+03
   0.357571E+02   0.152907E+02   0.620191E+01   0.159488E+02   0.207832E+02   0.785195E+01   0.434734E+01  -0.714371E+01  -0.258936E+02  -0.460422E+02  -0.687890E+01   0.142095E-02   0.313774E-02   0.512296E-02   0.498296E-02   0.576080E-02   0.301679E+03
   0.357673E+02   0.142560E+02   0.330778E+01   0.151915E+02   0.219498E+02   0.985838E+01   0.454503E+01  -0.228061E+01  -0.254611E+02  -0.420748E+02  -0.366670E+01   0.252826E-03   0.417819E-02   0.138338E-01   0.898888E-02   0.107053E-01   0.295344E+03
   0.351392E+02   0.150958E+02   0.826673E+01   0.167151E+02   0.218508E+02   0.105671E+02   0.417373E+01  -0.503576E+01  -0.200856E+02  -0.438874E+02  -0.437429E+01   0.380617E-02   0.833313E-02   0.956058E-02   0.757655E-02   0.953470E-02   0.299621E+03
   0.348013E+02   0.147406E+02   0.523369E+01   0.195447E+02   0.213760E+02   0.116357E+02  -0.804968E+00  -0.280468E+01  -0.174792E+02  -0.426983E+02  -0.125339E+02   0.145316E-02   0.284264E-02   0.481586E-02   0.166438E-02   0.140352E-01   0.301388E+03
   0.342524E+02   0.157876E+02   0.909463E+01   0.168243E+02   0.213760E+02   0.131232E+02   0.973984E+00  -0.614949E+01  -0.170741E+02  -0.449019E+02  -0.134060E+02   0.823184E-02   0.297231E-02   0.392301E-02   0.109111E-01   0.316424E-02   0.303297E+03
   0.348581E+02   0.155202E+02   0.671366E+01   0.168243E+02   0.218491E+02   0.104010E+02   0.139876E+00  -0.810501E+01  -0.201346E+02  -0.439354E+02  -0.993811E+01   0.724556E-03   0.102248E-01   0.202688E-01   0.103717E-01   0.292310E-01   0.298166E+03
   0.348730E+02   0.150314E+02   0.744041E+01   0.171806E+02   0.223995E+02   0.117090E+02  -0.311926E+00  -0.763979E+01  -0.156869E+02  -0.450937E+02  -0.138870E+02   0.331209E-02   0.163377E-01   0.342139E-01   0.142295E-01   0.109405E-01   0.298353E+03
   0.345507E+02   0.140135E+02   0.653412E+01   0.202391E+02   0.227824E+02   0.531790E+01  -0.448685E+01  -0.447126E+01  -0.192455E+02  -0.424437E+02  -0.159351E+02   0.506352E-02   0.146100E-01   0.537465E-03   0.171900E-02   0.530137E-02   0.301030E+03
   0.345549E+02   0.149206E+02   0.601139E+01   0.162731E+02   0.220871E+02   0.116210E+02  -0.362591E+01  -0.860021E+01  -0.165605E+02  -0.440100E+02  -0.172707E+02   0.715751E-03   0.849455E-03   0.306648E-01   0.159311E-02   0.100520E-02   0.302495E+03
   0.343821E+02   0.148662E+02   0.796719E+01   0.162731E+02   0.248467E+02   0.887679E+01  -0.657591E+01  -0.776949E+01  -0.127152E+02  -0.451506E+02  -0.198124E+02   0.339489E-02   0.157998E-01   0.605684E-02   0.603724E-02   0.141762E-02   0.299881E+03
   0.336611E+02   0.136475E+02   0.564702E+01   0.208497E+02   0.246893E+02   0.583301E+01  -0.101600E+02   0.140999E+01  -0.119816E+02  -0.456648E+02  -0.225177E+02   0.123832E-02   0.175167E-02   0.463867E-02   0.195149E-01   0.145904E-01   0.299941E+03
   0.336444E+02   0.117441E+02   0.248796E+01   0.168239E+02   0.246838E+02   0.528530E+01  -0.749908E+01   0.140999E+01  -0.114036E+02  -0.456606E+02  -0.926978E+01   0.184378E-02   0.304178E-01   0.573155E-02   0.176392E-01   0.488481E-02   0.295887E+03
   0.341501E+02   0.128981E+02   0.448379E+01   0.226532E+02   0.255055E+02   0.226041E+01  -0.944011E+01   0.117723E+01  -0.125032E+02  -0.458149E+02  -0.187692E+02   0.311301E-02   0.360050E-02   0.690649E-02   0.153330E-02   0.138545E-01   0.303370E+03
   0.342743E+02   0.123233E+02   0.378094E+01   0.182619E+02   0.247708E+02   0.515843E+01  -0.572541E+01  -0.451501E+01  -0.106429E+02  -0.437676E+02  -0.156658E+02   0.142596E-02   0.325844E-02   0.934839E-02   0.172720E-01   0.477483E-02   0.302542E+03
   0.341418E+02   0.148425E+02   0.882015E+01   0.232072E+02   0.277681E+02   0.887964E+01  -0.501295E+01  -0.836551E+00  -0.101192E+02  -0.404471E+02  -0.197174E+02   0.778142E-02   0.127387E-01   0.906494E-02   0.586802E-02   0.299838E-03   0.300825E+03
   0.345475E+02   0.151302E+02   0.530069E+01   0.188981E+02   0.277681E+02   0.995989E+01  -0.603555E+01  -0.548219E+01  -0.105334E+02  -0.433586E+02  -0.208500E+02   0.451860E-02   0.135514E-01   0.989239E-02   0.163947E-01   0.777933E-02   0.300080E+03
   0.345186E+02   0.146578E+02   0.562984E+01   0.208050E+02   0.277681E+02   0.751606E+01  -0.908847E+01  -0.574051E+01  -0.976252E+01  -0.399897E+02  -0.205736E+02   0.114898E-01   0.184073E-01   0.639327E-02   0.786148E-02   0.743244E-02   0.297284E+03
   0.345186E+02   0.134529E+02   0.875479E+01   0.204264E+02   0.277282E+02   0.559885E+01  -0.299357E+01  -0.517864E+01  -0.109501E+02  -0.425249E+02  -0.171903E+02   0.758550E-02   0.328222E-01   0.118052E-01   0.142205E-01   0.904179E-02   0.294959E+03
   0.340376E+02   0.135208E+02   0.915700E+01   0.213963E+02   0.277098E+02   0.591639E+01  -0.568015E+01  -0.167741E+01  -0.828859E+01  -0.431196E+02  -0.193612E+02   0.674024E-02   0.134346E-01   0.204213E-01   0.174212E-02   0.647227E-02   0.298336E+03
   0.344061E+02   0.130097E+02   0.783346E+01   0.194188E+02   0.304634E+02   0.643939E+01  -0.627197E+01   0.243154E+01  -0.675880E+01  -0.474477E+02  -0.154663E+02   0.154485E-02   0.130400E-01   0.343268E-01   0.990331E-03   0.347264E-02   0.292674E+03
   0.345404E+02   0.132996E+02   0.716937E+01   0.229653E+02   0.304634E+02   0.209974E+01  -0.540711E+01   0.303513E+01  -0.781525E+01  -0.495111E+02  -0.213776E+02   0.666815E-02   0.542252E-02   0.162640E-02   0.875035E-02   0.162296E-01   0.299921E+03
   0.349674E+02   0.132467E+02   0.780908E+01   0.234902E+02   0.304634E+02   0.593302E+01  -0.562671E+01   0.135760E+01  -0.843396E+01  -0.425367E+02  -0.190634E+02   0.384451E-02   0.135839E-01   0.185496E-01   0.868800E-02   0.500445E-02   0.296383E+03
   0.355584E+02   0.131253E+02   0.458579E+01   0.198572E+02   0.320875E+02   0.851241E+01  -0.434312E+01   0.189097E+00  -0.755346E+01  -0.423960E+02  -0.162751E+02   0.149453E-05   0.140693E-01   0.215228E-02   0.697115E-04   0.801923E-02   0.299232E+03
   0.355345E+02   0.139294E+02   0.459201E+01   0.213678E+02   0.311938E+02   0.662152E+01  -0.434312E+01  -0.186310E+01  -0.994834E+01  -0.450661E+02  -0.157508E+02   0.441869E-02   0.413758E-02   0.169107E-02   0.697115E-04   0.924000E-02   0.301160E+03
   0.350754E+02   0.147542E+02   0.100413E+02   0.209594E+02   0.306313E+02   0.564152E+01  -0.565671E+01  -0.505140E+01  -0.882966E+01  -0.465530E+02  -0.230097E+02   0.332334E-02   0.230138E-03   0.478873E-02   0.821784E-02   0.273542E-01   0.298446E+03
   0.354635E+02   0.157262E+02   0.871605E+01   0.206193E+02   0.310995E+02   0.673449E+01  -0.565671E+01  -0.295425E+01  -0.102787E+02  -0.493601E+02  -0.212257E+02   0.183534E-02   0.230138E-03   0.805877E-02   0.254685E-01   0.251372E-01   0.298607E+03
   0.355878E+02   0.154111E+02   0.871605E+01   0.218696E+02   0.311258E+02   0.612695E+01  -0.510303E+01  -0.334010E+01  -0.119954E+02  -0.493601E+02  -0.213706E+02   0.116934E-02   0.370479E-02   0.810989E-03   0.116407E-01   0.156856E-01   0.301416E+03
   0.363190E+02   0.156186E+02   0.704907E+01   0.218696E+02   0.314157E+02   0.783639E+01  -0.740547E+01  -0.499800E+01  -0.971201E+01  -0.481231E+02  -0.195292E+02   0.418504E-05   0.312512E-02   0.979672E-04   0.241760E-01   0.588313E-02   0.302465E+03
   0.363190E+02   0.159031E+02   0.844554E+01   0.222474E+02   0.318551E+02   0.765782E+01  -0.114892E+02  -0.110255E+02  -0.814968E+01  -0.475780E+02  -0.234581E+02   0.655618E-02   0.431795E-02   0.979672E-04   0.332015E-01   0.234560E-01   0.294032E+03
   0.370441E+02   0.153887E+02   0.654020E+01   0.258787E+02   0.330707E+02   0.454838E+01  -0.142353E+02  -0.264203E+01  -0.765432E+01  -0.561054E+02  -0.247393E+02   0.415478E-02   0.270931E-01   0.136709E-01   0.313496E-02   0.287213E-02   0.297814E+03
   0.370013E+02   0.156712E+02   0.654020E+01   0.276133E+02   0.323807E+02   0.377641E+01  -0.115406E+02  -0.211302E+01  -0.134153E+02  -0.490244E+02  -0.226079E+02   0.433367E-02   0.151781E-01   0.579830E-02   0.487223E-02   0.361226E-02   0.300209E+03
   0.369475E+02   0.163596E+02   0.498677E+01   0.284163E+02   0.344108E+02   0.502677E+01  -0.123483E+02   0.218648E+01  -0.141616E+02  -0.474632E+02  -0.238800E+02   0.314393E-02   0.115672E-01   0.956049E-03   0.115967E-01   0.404420E-02   0.298564E+03
   0.368562E+02   0.169701E+02   0.498677E+01   0.274997E+02   0.342893E+02   0.570434E+01  -0.154994E+02  -0.146248E+01  -0.991000E+01  -0.466219E+02  -0.251913E+02   0.393557E-02   0.833701E-03   0.877431E-02   0.212818E-01   0.197287E-02   0.299228E+03
   0.375245E+02   0.153824E+02   0.600026E+01   0.258627E+02   0.348735E+02   0.380023E+01  -0.136689E+02  -0.606516E+01  -0.795374E+01  -0.523937E+02  -0.272343E+02   0.285976E-02   0.416856E-01   0.727755E-03   0.138494E-01   0.212585E-01   0.294278E+03
   0.368732E+02   0.151187E+02   0.600026E+01   0.228650E+02   0.345483E+02   0.490449E+01  -0.124046E+02  -0.493167E+01  -0.473321E+01  -0.501520E+02  -0.260137E+02   0.276835E-02   0.205024E-01   0.256267E-02   0.912171E-03   0.528779E-02   0.297826E+03
   0.368732E+02   0.157267E+02   0.600026E+01   0.255403E+02   0.341675E+02   0.567433E+01  -0.134719E+02  -0.567131E-02  -0.583275E+01  -0.532017E+02  -0.250103E+02   0.678876E-02   0.266418E-01   0.114296E-01   0.232996E-02   0.528779E-02   0.297135E+03
   0.369558E+02   0.149455E+02   0.315415E+01   0.259372E+02   0.335070E+02   0.428714E+01  -0.161159E+02  -0.127115E+01  -0.571682E+01  -0.495285E+02  -0.266141E+02   0.318366E-02   0.136163E-02   0.221017E-02   0.981242E-02   0.982289E-02   0.299285E+03
   0.362654E+02   0.161544E+02   0.841181E+01   0.254924E+02   0.319328E+02   0.684398E+01  -0.507762E+01   0.280874E+00  -0.126992E+02  -0.471466E+02  -0.214946E+02   0.103510E-02   0.105242E-01   0.340886E-02   0.312048E-01   0.204277E-01   0.298025E+03
   0.363657E+02   0.161544E+02   0.987400E+01   0.247717E+02   0.299156E+02   0.468596E+01  -0.730815E+01  -0.403384E+01  -0.132676E+02  -0.538417E+02  -0.229340E+02   0.391933E-02   0.323226E-02   0.523567E-02   0.790479E-02   0.354358E-01   0.301132E+03
   0.367688E+02   0.161852E+02   0.103485E+02   0.250225E+02   0.314234E+02   0.810921E+01  -0.131509E+02  -0.273446E+01  -0.116431E+02  -0.508352E+02  -0.248576E+02   0.219135E-02   0.762011E-03   0.803004E-02   0.241946E-02   0.266112E-01   0.294613E+03
   0.357970E+02   0.161143E+02   0.110665E+02   0.266126E+02   0.305167E+02   0.281993E+01  -0.109925E+02  -0.384472E+01  -0.966734E+01  -0.528878E+02  -0.207514E+02   0.377787E-02   0.124348E-02   0.538931E-02   0.666810E-02   0.717018E-02   0.300179E+03
   0.353989E+02   0.167206E+02   0.109289E+02   0.253704E+02   0.288381E+02   0.837101E+01  -0.889366E+01  -0.196444E+01  -0.116602E+02  -0.529150E+02  -0.267200E+02   0.273084E-04   0.124348E-02   0.875536E-02   0.257663E-01   0.353345E-04   0.301855E+03
   0.348911E+02   0.166600E+02   0.999566E+01   0.256431E+02   0.310555E+02   0.837561E+01  -0.578007E+01   0.425696E+01  -0.925652E+01  -0.506196E+02  -0.221718E+02   0.109457E-01   0.124348E-02   0.441086E-02   0.733424E-02   0.276181E-01   0.296618E+03
   0.354102E+02   0.157864E+02   0.118520E+02   0.241330E+02   0.336342E+02   0.347944E+01  -0.567604E-01  -0.633056E+00  -0.986188E+01  -0.492052E+02  -0.187524E+02   0.145598E-02   0.269487E-02   0.177703E-01   0.868315E-02   0.201347E-01   0.296183E+03
   0.353495E+02   0.159610E+02   0.930628E+01   0.237238E+02   0.334163E+02   0.354214E+01  -0.588549E+01   0.150623E+01  -0.993898E+01  -0.527785E+02  -0.192284E+02   0.430662E-02   0.629020E-02   0.114739E-01   0.277786E-03   0.361516E-02   0.299413E+03
   0.355289E+02   0.148668E+02   0.909215E+01   0.255027E+02   0.310931E+02   0.261574E+01  -0.569493E+01  -0.171266E+01  -0.121123E+02  -0.456731E+02  -0.222678E+02   0.513379E-02   0.233251E-01   0.120868E-01   0.623600E-02   0.122823E-01   0.296384E+03
   0.357007E+02   0.146453E+02   0.927999E+01   0.226381E+02   0.290889E+02   0.634866E+01  -0.386093E+01   0.495171E+00  -0.131882E+02  -0.515987E+02  -0.189722E+02   0.330391E-02   0.147410E-01   0.880344E-02   0.623600E-02   0.100896E-03   0.300365E+03
   0.356245E+02   0.154589E+02   0.105559E+02   0.242195E+02   0.265942E+02   0.139480E+01  -0.317688E+01  -0.146462E+01  -0.165598E+02  -0.550533E+02  -0.167246E+02   0.591223E-02   0.243146E-02   0.138946E-01   0.132838E-01   0.254602E-03   0.302207E+03
   0.358028E+02   0.168004E+02   0.104482E+02   0.258651E+02   0.279841E+02   0.282505E+01  -0.337754E+01   0.131207E+01  -0.165598E+02  -0.583688E+02  -0.217474E+02   0.630621E-02   0.173972E-01   0.897120E-02   0.346620E-02   0.463836E-02   0.301457E+03
   0.355280E+02   0.165417E+02   0.123936E+02   0.252480E+02   0.273686E+02   0.569802E+01  -0.267047E+01   0.666924E+00  -0.154739E+02  -0.523397E+02  -0.132675E+02   0.254882E-02   0.329990E-02   0.104084E-02   0.668287E-02   0.488791E-02   0.302393E+03
   0.352231E+02   0.176294E+02   0.135650E+02   0.230506E+02   0.247879E+02   0.644197E+01  -0.159777E+01  -0.414251E+01  -0.186501E+02  -0.538941E+02  -0.205519E+02   0.447736E-02   0.329990E-02   0.104084E-02   0.336593E-02   0.704935E-03   0.305650E+03
   0.350614E+02   0.196484E+02   0.146717E+02   0.232256E+02   0.235810E+02   0.725066E+01  -0.298060E+01  -0.400644E+01  -0.223735E+02  -0.563041E+02  -0.199990E+02   0.467731E-03   0.146458E-01   0.281298E-02   0.205041E-01   0.269629E-02   0.301324E+03
   0.355122E+02   0.204242E+02   0.149082E+02   0.250998E+02   0.267631E+02   0.767049E+01  -0.592900E+01  -0.638717E+01  -0.214941E+02  -0.554104E+02  -0.219505E+02   0.221777E-02   0.320770E-02   0.542143E-02   0.947026E-02   0.374581E-02   0.303660E+03
   0.353796E+02   0.223553E+02   0.203668E+02   0.283164E+02   0.264444E+02   0.140092E+02  -0.394794E+01  -0.489913E+01  -0.222231E+02  -0.525052E+02  -0.273859E+02   0.158084E-02   0.320770E-02   0.127659E-01   0.512509E-01   0.132011E-01   0.293233E+03
   0.356566E+02   0.227068E+02   0.165527E+02   0.265336E+02   0.263827E+02   0.114493E+02  -0.869387E+00  -0.576865E+01  -0.267041E+02  -0.519377E+02  -0.212668E+02   0.436582E-02   0.655711E-03   0.370071E-02   0.152338E-01   0.305777E-03   0.300705E+03
   0.365814E+02   0.220619E+02   0.165527E+02   0.268989E+02   0.274862E+02   0.121214E+02   0.290291E+01  -0.445104E+01  -0.251669E+02  -0.530167E+02  -0.201021E+02   0.673259E-02   0.193027E-01   0.480803E-02   0.145445E-01   0.118055E-02   0.300579E+03
   0.365814E+02   0.216363E+02   0.153765E+02   0.232693E+02   0.279021E+02   0.100395E+02   0.346013E+01  -0.364707E+01  -0.227245E+02  -0.593096E+02  -0.229312E+02   0.308478E-03   0.516141E-02   0.248507E-01   0.221079E-01   0.255971E-02   0.297646E+03
   0.366416E+02   0.212650E+02   0.182354E+02   0.262314E+02   0.279591E+02   0.100395E+02   0.307457E+01  -0.398984E+01  -0.208081E+02  -0.612978E+02  -0.171076E+02   0.492024E-03   0.596611E-02   0.355615E-02   0.677165E-02   0.377217E-02   0.298339E+03
   0.366416E+02   0.196032E+02   0.152712E+02   0.233571E+02   0.286833E+02   0.617169E+01   0.124478E+01  -0.463103E+01  -0.202940E+02  -0.615771E+02  -0.210294E+02   0.669108E-02   0.190651E-02   0.246635E-02   0.456347E-02   0.493634E-02   0.301857E+03
   0.367717E+02   0.196032E+02   0.170762E+02   0.222501E+02   0.275391E+02   0.641741E+01   0.227718E+01  -0.974250E+01  -0.216728E+02  -0.595380E+02  -0.214620E+02   0.593468E-02   0.748329E-02   0.172333E-01   0.160439E-02   0.230718E-02   0.299557E+03
   0.367717E+02   0.191373E+02   0.176107E+02   0.234519E+02   0.279813E+02   0.623612E+01  -0.384297E+00  -0.726323E+01  -0.196641E+02  -0.609971E+02  -0.196045E+02   0.305349E-02   0.133776E-01   0.129186E-01   0.256299E-01   0.372693E-03   0.297119E+03
   0.367717E+02   0.193868E+02   0.171003E+02   0.235316E+02   0.266739E+02   0.648516E+01  -0.803395E-01  -0.557436E+01  -0.214470E+02  -0.621604E+02  -0.250143E+02   0.177127E-02   0.235973E-01   0.290252E-02   0.889305E-02   0.149280E-01   0.296899E+03
   0.372388E+02   0.180125E+02   0.153241E+02   0.276176E+02   0.263367E+02   0.460311E+01  -0.328707E+01  -0.796314E+01  -0.200377E+02  -0.610793E+02  -0.228383E+02   0.990607E-03   0.451870E-02   0.230446E-02   0.143454E-01   0.436926E-02   0.297768E+03
   0.378108E+02   0.179408E+02   0.124746E+02   0.263772E+02   0.275363E+02   0.384795E+01  -0.270572E+01  -0.252024E+01  -0.202191E+02  -0.617279E+02  -0.178153E+02   0.229680E-02   0.451279E-02   0.194661E-01   0.693377E-02   0.475139E-02   0.298401E+03
   0.358303E+02   0.164799E+02   0.100376E+02   0.244038E+02   0.274410E+02   0.292519E+01  -0.596242E+00  -0.113775E+01  -0.202930E+02  -0.523729E+02  -0.188309E+02   0.163171E-02   0.813382E-02   0.724264E-02   0.126242E-01   0.236928E-01   0.300316E+03
   0.351916E+02   0.164799E+02   0.100376E+02   0.259662E+02   0.271074E+02   0.947637E-01  -0.536538E+01  -0.404305E+00  -0.184255E+02  -0.531393E+02  -0.178599E+02   0.334152E-03   0.382676E-01   0.608801E-02   0.133963E-01   0.324719E-01   0.295409E+03
   0.351916E+02   0.157725E+02   0.106986E+02   0.249270E+02   0.255380E+02   0.227915E+01  -0.272365E+01  -0.237564E+01  -0.175652E+02  -0.524926E+02  -0.204375E+02   0.186177E-02   0.128934E-01   0.145204E-01   0.401960E-02   0.233731E-02   0.303043E+03
   0.352976E+02   0.165109E+02   0.953541E+01   0.219460E+02   0.262304E+02   0.609038E+01   0.338239E+00  -0.205439E+00  -0.179462E+02  -0.550168E+02  -0.167498E+02   0.259858E-02   0.129465E-01   0.153776E-01   0.401960E-02   0.152334E-01   0.299945E+03
   0.352325E+02   0.151724E+02   0.969024E+01   0.246442E+02   0.239546E+02   0.207721E+01  -0.182874E+01  -0.740880E+00  -0.187323E+02  -0.545581E+02  -0.171450E+02   0.316152E-02   0.361753E-02   0.116894E-02   0.401960E-02   0.477303E-02   0.304049E+03
   0.352325E+02   0.149055E+02   0.933022E+01   0.222101E+02   0.245631E+02   0.124224E+01  -0.904769E+00   0.330441E+01  -0.196170E+02  -0.575808E+02  -0.149292E+02   0.318124E-02   0.561887E-02   0.778003E-02   0.437021E-02   0.775120E-02   0.301838E+03
   0.350901E+02   0.149055E+02   0.900568E+01   0.267444E+02   0.232036E+02  -0.528876E+00  -0.212298E+01  -0.137920E+01  -0.221402E+02  -0.485845E+02  -0.142138E+02   0.155015E-02   0.212341E-01   0.350878E-02   0.313173E-02   0.455433E-02   0.296905E+03
   0.350901E+02   0.146111E+02   0.923063E+01   0.266348E+02   0.222861E+02   0.954567E-01   0.366752E+00   0.278053E+01  -0.209144E+02  -0.524611E+02  -0.154703E+02   0.374109E-02   0.148878E-01   0.152930E-01   0.297845E-02   0.566532E-02   0.298597E+03
   0.356500E+02   0.148548E+02   0.967842E+01   0.237800E+02   0.228852E+02   0.321368E+01   0.896523E+00  -0.113488E+01  -0.209144E+02  -0.505406E+02  -0.138551E+02   0.662347E-02   0.918132E-02   0.768299E-02   0.194355E-01   0.295539E-02   0.298893E+03
   0.356500E+02   0.153595E+02   0.123743E+02   0.218128E+02   0.236315E+02   0.585299E+01  -0.104176E+00   0.185211E+01  -0.176486E+02  -0.588344E+02  -0.178071E+02   0.199039E-02   0.844739E-03   0.118937E-01   0.345461E-03   0.295539E-02   0.298439E+03
   0.350867E+02   0.148545E+02   0.102681E+02   0.216867E+02   0.243836E+02   0.331002E+01  -0.115636E+01   0.342469E-02  -0.165410E+02  -0.547276E+02  -0.164693E+02   0.123167E-02   0.844739E-03   0.789549E-02   0.434420E-02   0.249558E-02   0.304134E+03
   0.344792E+02   0.145733E+02   0.911121E+01   0.216867E+02   0.262221E+02   0.462243E+01  -0.940519E+01   0.402658E+00  -0.153568E+02  -0.511390E+02  -0.161864E+02   0.341527E-03   0.346030E-02   0.770453E-02   0.276771E-02   0.860814E-02   0.299443E+03
   0.348429E+02   0.148391E+02   0.107677E+02   0.197752E+02   0.278069E+02   0.439608E+01  -0.244551E+01  -0.370555E+01  -0.129922E+02  -0.499427E+02  -0.152995E+02   0.341527E-03   0.142084E-01   0.850817E-02   0.585282E-02   0.157891E-01   0.300075E+03
   0.348960E+02   0.172337E+02   0.112443E+02   0.219565E+02   0.271526E+02   0.531966E+01  -0.410638E+01  -0.525516E+01  -0.172581E+02  -0.507863E+02  -0.171891E+02   0.144670E-03   0.208082E-01   0.841246E-02   0.101357E-01   0.678110E-02   0.301537E+03
   0.340203E+02   0.170944E+02   0.962921E+01   0.208781E+02   0.248579E+02   0.707752E+01  -0.714830E+01  -0.329126E+01  -0.176908E+02  -0.472331E+02  -0.212302E+02   0.397636E-02   0.115243E-01   0.113178E-01   0.242082E-01   0.115569E-01   0.298879E+03
   0.342513E+02   0.173893E+02   0.114815E+02   0.222333E+02   0.291522E+02   0.713529E+01  -0.541300E+01  -0.471140E+01  -0.130816E+02  -0.481901E+02  -0.213923E+02   0.397636E-02   0.744047E-02   0.140884E-01   0.196282E-01   0.614235E-02   0.298620E+03
   0.337064E+02   0.160348E+02   0.128194E+02   0.221352E+02   0.223724E+02   0.634581E+01  -0.278134E+01  -0.490853E+01  -0.158094E+02  -0.483748E+02  -0.163738E+02   0.453613E-02   0.740032E-02   0.342446E-02   0.337154E-02   0.129535E-01   0.301751E+03
   0.337133E+02   0.160714E+02   0.118825E+02   0.185395E+02   0.216498E+02   0.828183E+01   0.443420E+00  -0.326568E+01  -0.199082E+02  -0.491771E+02  -0.154635E+02   0.174060E-02   0.784937E-02   0.281171E-02   0.866310E-02   0.108213E-01   0.302969E+03
   0.337133E+02   0.153073E+02   0.865527E+01   0.188484E+02   0.200816E+02   0.700014E+01  -0.233846E+01  -0.260616E+01  -0.199898E+02  -0.468867E+02  -0.156551E+02   0.564025E-03   0.373882E-02   0.389268E-02   0.208930E-01   0.260041E-02   0.303532E+03
   0.337350E+02   0.141722E+02   0.984877E+01   0.196879E+02   0.225674E+02   0.406134E+01   0.158249E+01  -0.183297E+01  -0.184851E+02  -0.490761E+02  -0.154296E+02   0.545060E-02   0.140124E-01   0.310169E-02   0.754864E-02   0.200264E-02   0.301483E+03
   0.329676E+02   0.139734E+02   0.940563E+01   0.167945E+02   0.207366E+02   0.712162E+01  -0.145374E+01  -0.388293E+01  -0.149324E+02  -0.477280E+02  -0.176312E+02   0.283932E-03   0.470332E-02   0.129745E-01   0.404924E-01   0.118680E-01   0.298362E+03
   0.329862E+02   0.124826E+02   0.894652E+01   0.168404E+02   0.205795E+02   0.909939E+01   0.731024E+00   0.147006E+00  -0.122231E+02  -0.475137E+02  -0.756818E+01   0.286774E-02   0.127854E-01   0.604400E-02   0.253252E-02   0.797009E-02   0.298055E+03
   0.329113E+02   0.129556E+02   0.865807E+01   0.206972E+02   0.224702E+02   0.513477E+01   0.236846E+01   0.147006E+00  -0.131260E+02  -0.472295E+02  -0.148299E+02   0.708522E-03   0.182680E-01   0.283740E-01   0.239329E-01   0.533125E-02   0.293469E+03
   0.329467E+02   0.122356E+02   0.865807E+01   0.179840E+02   0.186308E+02   0.749790E+01  -0.260659E+01  -0.277691E+01  -0.131525E+02  -0.466283E+02  -0.136622E+02   0.135278E-02   0.454483E-02   0.733712E-02   0.336076E-02   0.148442E-01   0.301439E+03
   0.329467E+02   0.124284E+02   0.631109E+01   0.192314E+02   0.181720E+02   0.470148E+01  -0.449039E+01   0.164853E+01  -0.163531E+02  -0.462566E+02  -0.989107E+01   0.770560E-03   0.157737E-01   0.192564E-01   0.508203E-02   0.147645E-01   0.296763E+03
   0.325222E+02   0.130992E+02   0.863285E+01   0.182506E+02   0.180466E+02   0.440314E+01   0.150721E+01  -0.274592E+00  -0.184232E+02  -0.460746E+02  -0.140645E+02   0.477369E-02   0.659748E-02   0.252846E-02   0.556516E-03   0.514521E-02   0.302666E+03
   0.325222E+02   0.124359E+02   0.600924E+01   0.162198E+02   0.191298E+02   0.718343E+01  -0.363675E+01  -0.130310E+01  -0.141695E+02  -0.418680E+02  -0.135017E+02   0.138646E-02   0.865608E-03   0.182678E-01   0.421823E-02   0.214945E-02   0.303348E+03
   0.321683E+02   0.115315E+02   0.431392E+01   0.168303E+02   0.191298E+02   0.763609E+01  -0.997549E+00   0.124344E+01  -0.135853E+02  -0.383379E+02  -0.118785E+02   0.159614E-02   0.101891E-01   0.194367E-01   0.188138E-02   0.189192E-01   0.300777E+03
   0.310726E+02   0.127478E+02   0.775684E+01   0.158309E+02   0.183574E+02   0.797657E+01  -0.277668E+01  -0.541445E+01  -0.142306E+02  -0.337038E+02  -0.124021E+02   0.396634E-02   0.130853E-01   0.484300E-02   0.182046E-02   0.306043E-02   0.297592E+03
   0.318208E+02   0.131429E+02   0.827729E+01   0.158309E+02   0.183574E+02   0.842166E+01  -0.195408E+01  -0.318520E+01  -0.178358E+02  -0.375992E+02  -0.150834E+02   0.239858E-02   0.116534E-01   0.766902E-02   0.418623E-02   0.581982E-02   0.298959E+03
