X1_obs         X2_obs         X3_obs         X4_obs         X1_true        X2_true        X3_true        X4_true        Y1_obs         Y2_obs         Y3_obs         Y4_obs         Y5_obs         Y1_unbiased    Y2_unbiased    Y3_unbiased    Y4_unbiased    Y5_unbiased    Y1_sim         Y2_sim         Y3_sim         Y4_sim         Y5_sim         Y1_res         Y2_res         Y3_res         Y4_res         Y5_res         Y1_stdres      Y2_stdres      Y3_stdres      Y4_stdres      Y5_stdres      
   0.100000E+01   0.100000E+01   0.356140E-04   0.432000E+05   0.100000E+01   0.100000E+01   0.356140E-04   0.432000E+05   0.237876E+03  -0.999900E+04  -0.999900E+04  -0.999900E+04  -0.999900E+04   0.237876E+03  -0.999900E+04  -0.999900E+04  -0.999900E+04  -0.999900E+04   0.237838E+03   0.114000E+02   0.680143E+00   0.436909E+02   0.300000E+02   0.379568E-01  -0.999900E+04  -0.999900E+04  -0.999900E+04  -0.999900E+04   0.756110E+00  -0.999900E+04  -0.999900E+04  -0.999900E+04  -0.999900E+04
   0.100000E+01   0.100000E+01   0.119855E+02   0.432000E+05   0.100000E+01   0.100000E+01   0.119855E+02   0.432000E+05   0.237838E+03  -0.999900E+04  -0.999900E+04  -0.999900E+04  -0.999900E+04   0.237838E+03  -0.999900E+04  -0.999900E+04  -0.999900E+04  -0.999900E+04   0.237832E+03   0.114000E+02   0.632398E+00   0.310012E+02   0.300000E+02   0.627393E-02  -0.999900E+04  -0.999900E+04  -0.999900E+04  -0.999900E+04   0.124978E+00  -0.999900E+04  -0.999900E+04  -0.999900E+04  -0.999900E+04
   0.100000E+01   0.100000E+01   0.144059E+02   0.432000E+05   0.100000E+01   0.100000E+01   0.144059E+02   0.432000E+05   0.237829E+03  -0.999900E+04  -0.999900E+04  -0.999900E+04  -0.999900E+04   0.237829E+03  -0.999900E+04  -0.999900E+04  -0.999900E+04  -0.999900E+04   0.237830E+03   0.114000E+02   0.624359E+00   0.310012E+02   0.300000E+02  -0.879761E-03  -0.999900E+04  -0.999900E+04  -0.999900E+04  -0.999900E+04  -0.175251E-01  -0.999900E+04  -0.999900E+04  -0.999900E+04  -0.999900E+04
   0.100000E+01   0.100000E+01   0.198431E+02   0.432000E+05   0.100000E+01   0.100000E+01   0.198431E+02   0.432000E+05   0.237816E+03  -0.999900E+04  -0.999900E+04  -0.999900E+04  -0.999900E+04   0.237816E+03  -0.999900E+04  -0.999900E+04  -0.999900E+04  -0.999900E+04   0.237824E+03   0.114000E+02   0.608695E+00   0.310012E+02   0.300000E+02  -0.841711E-02  -0.999900E+04  -0.999900E+04  -0.999900E+04  -0.999900E+04  -0.167671E+00  -0.999900E+04  -0.999900E+04  -0.999900E+04  -0.999900E+04
   0.100000E+01   0.100000E+01   0.249191E+02   0.432000E+05   0.100000E+01   0.100000E+01   0.249191E+02   0.432000E+05   0.237810E+03  -0.999900E+04  -0.999900E+04  -0.999900E+04  -0.999900E+04   0.237810E+03  -0.999900E+04  -0.999900E+04  -0.999900E+04  -0.999900E+04   0.237817E+03   0.114000E+02   0.597932E+00   0.226520E+02   0.300000E+02  -0.684875E-02  -0.999900E+04  -0.999900E+04  -0.999900E+04  -0.999900E+04  -0.136429E+00  -0.999900E+04  -0.999900E+04  -0.999900E+04  -0.999900E+04
   0.100000E+01   0.100000E+01   0.319369E+02   0.432000E+05   0.100000E+01   0.100000E+01   0.319369E+02   0.432000E+05   0.237795E+03  -0.999900E+04  -0.999900E+04  -0.999900E+04  -0.999900E+04   0.237795E+03  -0.999900E+04  -0.999900E+04  -0.999900E+04  -0.999900E+04   0.237802E+03   0.114000E+02   0.589263E+00   0.226520E+02   0.300000E+02  -0.701721E-02  -0.999900E+04  -0.999900E+04  -0.999900E+04  -0.999900E+04  -0.139785E+00  -0.999900E+04  -0.999900E+04  -0.999900E+04  -0.999900E+04
   0.100000E+01   0.100000E+01   0.379737E+02   0.432000E+05   0.100000E+01   0.100000E+01   0.379737E+02   0.432000E+05   0.237788E+03  -0.999900E+04  -0.999900E+04  -0.999900E+04  -0.999900E+04   0.237788E+03  -0.999900E+04  -0.999900E+04  -0.999900E+04  -0.999900E+04   0.237784E+03   0.114000E+02   0.588777E+00   0.178177E+02   0.300000E+02   0.388135E-02  -0.999900E+04  -0.999900E+04  -0.999900E+04  -0.999900E+04   0.773176E-01  -0.999900E+04  -0.999900E+04  -0.999900E+04  -0.999900E+04
   0.100000E+01   0.100000E+01   0.445311E+02   0.432000E+05   0.100000E+01   0.100000E+01   0.445311E+02   0.432000E+05   0.237780E+03  -0.999900E+04  -0.999900E+04  -0.999900E+04  -0.999900E+04   0.237780E+03  -0.999900E+04  -0.999900E+04  -0.999900E+04  -0.999900E+04   0.237759E+03   0.114000E+02   0.595586E+00   0.157193E+02   0.300000E+02   0.206616E-01  -0.999900E+04  -0.999900E+04  -0.999900E+04  -0.999900E+04   0.411586E+00  -0.999900E+04  -0.999900E+04  -0.999900E+04  -0.999900E+04
   0.100000E+01   0.100000E+01   0.506607E+02   0.432000E+05   0.100000E+01   0.100000E+01   0.506607E+02   0.432000E+05   0.237750E+03  -0.999900E+04  -0.999900E+04  -0.999900E+04  -0.999900E+04   0.237750E+03  -0.999900E+04  -0.999900E+04  -0.999900E+04  -0.999900E+04   0.237731E+03   0.114000E+02   0.609873E+00   0.157193E+02   0.300000E+02   0.192871E-01  -0.999900E+04  -0.999900E+04  -0.999900E+04  -0.999900E+04   0.384205E+00  -0.999900E+04  -0.999900E+04  -0.999900E+04  -0.999900E+04
   0.100000E+01   0.100000E+01   0.559866E+02   0.432000E+05   0.100000E+01   0.100000E+01   0.559866E+02   0.432000E+05   0.237697E+03  -0.999900E+04  -0.999900E+04  -0.999900E+04  -0.999900E+04   0.237697E+03  -0.999900E+04  -0.999900E+04  -0.999900E+04  -0.999900E+04   0.237703E+03   0.114000E+02   0.627002E+00   0.156445E+02   0.300000E+02  -0.600293E-02  -0.999900E+04  -0.999900E+04  -0.999900E+04  -0.999900E+04  -0.119580E+00  -0.999900E+04  -0.999900E+04  -0.999900E+04  -0.999900E+04
   0.100000E+01   0.100000E+01   0.660172E+02   0.432000E+05   0.100000E+01   0.100000E+01   0.660172E+02   0.432000E+05   0.237652E+03  -0.999900E+04  -0.999900E+04  -0.999900E+04  -0.999900E+04   0.237652E+03  -0.999900E+04  -0.999900E+04  -0.999900E+04  -0.999900E+04   0.237645E+03   0.114000E+02   0.670171E+00   0.169615E+02   0.300000E+02   0.664478E-02  -0.999900E+04  -0.999900E+04  -0.999900E+04  -0.999900E+04   0.132366E+00  -0.999900E+04  -0.999900E+04  -0.999900E+04  -0.999900E+04
   0.100000E+01   0.100000E+01   0.710619E+02   0.432000E+05   0.100000E+01   0.100000E+01   0.710619E+02   0.432000E+05   0.237654E+03  -0.999900E+04  -0.999900E+04  -0.999900E+04  -0.999900E+04   0.237654E+03  -0.999900E+04  -0.999900E+04  -0.999900E+04  -0.999900E+04   0.237616E+03   0.114000E+02   0.693150E+00   0.169615E+02   0.300000E+02   0.375449E-01  -0.999900E+04  -0.999900E+04  -0.999900E+04  -0.999900E+04   0.747906E+00  -0.999900E+04  -0.999900E+04  -0.999900E+04  -0.999900E+04
   0.100000E+01   0.100000E+01   0.742142E+02   0.432000E+05   0.100000E+01   0.100000E+01   0.742142E+02   0.432000E+05   0.237606E+03  -0.999900E+04  -0.999900E+04  -0.999900E+04  -0.999900E+04   0.237606E+03  -0.999900E+04  -0.999900E+04  -0.999900E+04  -0.999900E+04   0.237599E+03   0.114000E+02   0.706232E+00   0.169615E+02   0.300000E+02   0.665002E-02  -0.999900E+04  -0.999900E+04  -0.999900E+04  -0.999900E+04   0.132470E+00  -0.999900E+04  -0.999900E+04  -0.999900E+04  -0.999900E+04
   0.100000E+01   0.100000E+01   0.827127E+02   0.432000E+05   0.100000E+01   0.100000E+01   0.827127E+02   0.432000E+05   0.237551E+03  -0.999900E+04  -0.999900E+04  -0.999900E+04  -0.999900E+04   0.237551E+03  -0.999900E+04  -0.999900E+04  -0.999900E+04  -0.999900E+04   0.237555E+03   0.114000E+02   0.739142E+00   0.191272E+02   0.300000E+02  -0.422156E-02  -0.999900E+04  -0.999900E+04  -0.999900E+04  -0.999900E+04  -0.840947E-01  -0.999900E+04  -0.999900E+04  -0.999900E+04  -0.999900E+04
   0.100000E+01   0.100000E+01   0.899986E+02   0.432000E+05   0.100000E+01   0.100000E+01   0.899986E+02   0.432000E+05   0.237490E+03  -0.999900E+04  -0.999900E+04  -0.999900E+04  -0.999900E+04   0.237490E+03  -0.999900E+04  -0.999900E+04  -0.999900E+04  -0.999900E+04   0.237516E+03   0.114000E+02   0.772359E+00   0.216897E+02   0.300000E+02  -0.256860E-01  -0.999900E+04  -0.999900E+04  -0.999900E+04  -0.999900E+04  -0.511673E+00  -0.999900E+04  -0.999900E+04  -0.999900E+04  -0.999900E+04
   0.100000E+01   0.100000E+01   0.943654E+02   0.432000E+05   0.100000E+01   0.100000E+01   0.943654E+02   0.432000E+05   0.237469E+03  -0.999900E+04  -0.999900E+04  -0.999900E+04  -0.999900E+04   0.237469E+03  -0.999900E+04  -0.999900E+04  -0.999900E+04  -0.999900E+04   0.237493E+03   0.114000E+02   0.790863E+00   0.216897E+02   0.300000E+02  -0.241793E-01  -0.999900E+04  -0.999900E+04  -0.999900E+04  -0.999900E+04  -0.481659E+00  -0.999900E+04  -0.999900E+04  -0.999900E+04  -0.999900E+04
   0.100000E+01   0.100000E+01   0.100275E+03   0.432000E+05   0.100000E+01   0.100000E+01   0.100275E+03   0.432000E+05   0.237459E+03  -0.999900E+04  -0.999900E+04  -0.999900E+04  -0.999900E+04   0.237459E+03  -0.999900E+04  -0.999900E+04  -0.999900E+04  -0.999900E+04   0.237464E+03   0.114000E+02   0.813925E+00   0.242879E+02   0.300000E+02  -0.511133E-02  -0.999900E+04  -0.999900E+04  -0.999900E+04  -0.999900E+04  -0.101819E+00  -0.999900E+04  -0.999900E+04  -0.999900E+04  -0.999900E+04
   0.100000E+01   0.100000E+01   0.106892E+03   0.432000E+05   0.100000E+01   0.100000E+01   0.106892E+03   0.432000E+05   0.237426E+03  -0.999900E+04  -0.999900E+04  -0.999900E+04  -0.999900E+04   0.237426E+03  -0.999900E+04  -0.999900E+04  -0.999900E+04  -0.999900E+04   0.237434E+03   0.114000E+02   0.836244E+00   0.242879E+02   0.300000E+02  -0.757849E-02  -0.999900E+04  -0.999900E+04  -0.999900E+04  -0.999900E+04  -0.150966E+00  -0.999900E+04  -0.999900E+04  -0.999900E+04  -0.999900E+04
   0.100000E+01   0.100000E+01   0.113137E+03   0.432000E+05   0.100000E+01   0.100000E+01   0.113137E+03   0.432000E+05   0.237397E+03  -0.999900E+04  -0.999900E+04  -0.999900E+04  -0.999900E+04   0.237397E+03  -0.999900E+04  -0.999900E+04  -0.999900E+04  -0.999900E+04   0.237407E+03   0.114000E+02   0.853665E+00   0.266478E+02   0.300000E+02  -0.970776E-02  -0.999900E+04  -0.999900E+04  -0.999900E+04  -0.999900E+04  -0.193381E+00  -0.999900E+04  -0.999900E+04  -0.999900E+04  -0.999900E+04
   0.100000E+01   0.100000E+01   0.117892E+03   0.432000E+05   0.100000E+01   0.100000E+01   0.117892E+03   0.432000E+05   0.237395E+03  -0.999900E+04  -0.999900E+04  -0.999900E+04  -0.999900E+04   0.237395E+03  -0.999900E+04  -0.999900E+04  -0.999900E+04  -0.999900E+04   0.237387E+03   0.114000E+02   0.864330E+00   0.266478E+02   0.300000E+02   0.753357E-02  -0.999900E+04  -0.999900E+04  -0.999900E+04  -0.999900E+04   0.150071E+00  -0.999900E+04  -0.999900E+04  -0.999900E+04  -0.999900E+04
   0.100000E+01   0.100000E+01   0.123836E+03   0.432000E+05   0.100000E+01   0.100000E+01   0.123836E+03   0.432000E+05   0.237360E+03  -0.999900E+04  -0.999900E+04  -0.999900E+04  -0.999900E+04   0.237360E+03  -0.999900E+04  -0.999900E+04  -0.999900E+04  -0.999900E+04   0.237365E+03   0.114000E+02   0.874968E+00   0.285759E+02   0.300000E+02  -0.465454E-02  -0.999900E+04  -0.999900E+04  -0.999900E+04  -0.999900E+04  -0.927198E-01  -0.999900E+04  -0.999900E+04  -0.999900E+04  -0.999900E+04
   0.100000E+01   0.100000E+01   0.130490E+03   0.432000E+05   0.100000E+01   0.100000E+01   0.130490E+03   0.432000E+05   0.237354E+03  -0.999900E+04  -0.999900E+04  -0.999900E+04  -0.999900E+04   0.237354E+03  -0.999900E+04  -0.999900E+04  -0.999900E+04  -0.999900E+04   0.237341E+03   0.114000E+02   0.883343E+00   0.285759E+02   0.300000E+02   0.133781E-01  -0.999900E+04  -0.999900E+04  -0.999900E+04  -0.999900E+04   0.266495E+00  -0.999900E+04  -0.999900E+04  -0.999900E+04  -0.999900E+04
   0.100000E+01   0.100000E+01   0.141822E+03   0.432000E+05   0.100000E+01   0.100000E+01   0.141822E+03   0.432000E+05   0.237311E+03  -0.999900E+04  -0.999900E+04  -0.999900E+04  -0.999900E+04   0.237311E+03  -0.999900E+04  -0.999900E+04  -0.999900E+04  -0.999900E+04   0.237302E+03   0.114000E+02   0.890882E+00   0.307202E+02   0.300000E+02   0.852502E-02  -0.999900E+04  -0.999900E+04  -0.999900E+04  -0.999900E+04   0.169821E+00  -0.999900E+04  -0.999900E+04  -0.999900E+04  -0.999900E+04
   0.100000E+01   0.100000E+01   0.148093E+03   0.432000E+05   0.100000E+01   0.100000E+01   0.148093E+03   0.432000E+05   0.237272E+03  -0.999900E+04  -0.999900E+04  -0.999900E+04  -0.999900E+04   0.237272E+03  -0.999900E+04  -0.999900E+04  -0.999900E+04  -0.999900E+04   0.237283E+03   0.114000E+02   0.892288E+00   0.307202E+02   0.300000E+02  -0.105012E-01  -0.999900E+04  -0.999900E+04  -0.999900E+04  -0.999900E+04  -0.209187E+00  -0.999900E+04  -0.999900E+04  -0.999900E+04  -0.999900E+04
   0.100000E+01   0.100000E+01   0.152989E+03   0.432000E+05   0.100000E+01   0.100000E+01   0.152989E+03   0.432000E+05   0.237254E+03  -0.999900E+04  -0.999900E+04  -0.999900E+04  -0.999900E+04   0.237254E+03  -0.999900E+04  -0.999900E+04  -0.999900E+04  -0.999900E+04   0.237267E+03   0.114000E+02   0.892736E+00   0.308782E+02   0.300000E+02  -0.131661E-01  -0.999900E+04  -0.999900E+04  -0.999900E+04  -0.999900E+04  -0.262273E+00  -0.999900E+04  -0.999900E+04  -0.999900E+04  -0.999900E+04
   0.100000E+01   0.100000E+01   0.156509E+03   0.432000E+05   0.100000E+01   0.100000E+01   0.156509E+03   0.432000E+05   0.237246E+03  -0.999900E+04  -0.999900E+04  -0.999900E+04  -0.999900E+04   0.237246E+03  -0.999900E+04  -0.999900E+04  -0.999900E+04  -0.999900E+04   0.237256E+03   0.114000E+02   0.892657E+00   0.308782E+02   0.300000E+02  -0.102866E-01  -0.999900E+04  -0.999900E+04  -0.999900E+04  -0.999900E+04  -0.204912E+00  -0.999900E+04  -0.999900E+04  -0.999900E+04  -0.999900E+04
   0.100000E+01   0.100000E+01   0.171968E+03   0.432000E+05   0.100000E+01   0.100000E+01   0.171968E+03   0.432000E+05   0.237220E+03  -0.999900E+04  -0.999900E+04  -0.999900E+04  -0.999900E+04   0.237220E+03  -0.999900E+04  -0.999900E+04  -0.999900E+04  -0.999900E+04   0.237209E+03   0.114000E+02   0.891884E+00   0.304686E+02   0.300000E+02   0.114429E-01  -0.999900E+04  -0.999900E+04  -0.999900E+04  -0.999900E+04   0.227945E+00  -0.999900E+04  -0.999900E+04  -0.999900E+04  -0.999900E+04
   0.100000E+01   0.100000E+01   0.177492E+03   0.432000E+05   0.100000E+01   0.100000E+01   0.177492E+03   0.432000E+05   0.237206E+03  -0.999900E+04  -0.999900E+04  -0.999900E+04  -0.999900E+04   0.237206E+03  -0.999900E+04  -0.999900E+04  -0.999900E+04  -0.999900E+04   0.237191E+03   0.114000E+02   0.892877E+00   0.295686E+02   0.300000E+02   0.151278E-01  -0.999900E+04  -0.999900E+04  -0.999900E+04  -0.999900E+04   0.301350E+00  -0.999900E+04  -0.999900E+04  -0.999900E+04  -0.999900E+04
   0.100000E+01   0.100000E+01   0.183070E+03   0.432000E+05   0.100000E+01   0.100000E+01   0.183070E+03   0.432000E+05   0.237159E+03  -0.999900E+04  -0.999900E+04  -0.999900E+04  -0.999900E+04   0.237159E+03  -0.999900E+04  -0.999900E+04  -0.999900E+04  -0.999900E+04   0.237172E+03   0.114000E+02   0.890379E+00   0.295686E+02   0.300000E+02  -0.134243E-01  -0.999900E+04  -0.999900E+04  -0.999900E+04  -0.999900E+04  -0.267416E+00  -0.999900E+04  -0.999900E+04  -0.999900E+04  -0.999900E+04
   0.100000E+01   0.100000E+01   0.190293E+03   0.432000E+05   0.100000E+01   0.100000E+01   0.190293E+03   0.432000E+05   0.237168E+03  -0.999900E+04  -0.999900E+04  -0.999900E+04  -0.999900E+04   0.237168E+03  -0.999900E+04  -0.999900E+04  -0.999900E+04  -0.999900E+04   0.237144E+03   0.114000E+02   0.902327E+00   0.282801E+02   0.300000E+02   0.241707E-01  -0.999900E+04  -0.999900E+04  -0.999900E+04  -0.999900E+04   0.481486E+00  -0.999900E+04  -0.999900E+04  -0.999900E+04  -0.999900E+04
   0.100000E+01   0.100000E+01   0.192772E+03   0.432000E+05   0.100000E+01   0.100000E+01   0.192772E+03   0.432000E+05   0.237126E+03  -0.999900E+04  -0.999900E+04  -0.999900E+04  -0.999900E+04   0.237126E+03  -0.999900E+04  -0.999900E+04  -0.999900E+04  -0.999900E+04   0.237132E+03   0.114000E+02   0.913650E+00   0.282801E+02   0.300000E+02  -0.595801E-02  -0.999900E+04  -0.999900E+04  -0.999900E+04  -0.999900E+04  -0.118685E+00  -0.999900E+04  -0.999900E+04  -0.999900E+04  -0.999900E+04
   0.100000E+01   0.100000E+01   0.198304E+03   0.432000E+05   0.100000E+01   0.100000E+01   0.198304E+03   0.432000E+05   0.237105E+03  -0.999900E+04  -0.999900E+04  -0.999900E+04  -0.999900E+04   0.237105E+03  -0.999900E+04  -0.999900E+04  -0.999900E+04  -0.999900E+04   0.237099E+03   0.114000E+02   0.961690E+00   0.267215E+02   0.300000E+02   0.584839E-02  -0.999900E+04  -0.999900E+04  -0.999900E+04  -0.999900E+04   0.116502E+00  -0.999900E+04  -0.999900E+04  -0.999900E+04  -0.999900E+04
   0.100000E+01   0.100000E+01   0.207164E+03   0.432000E+05   0.100000E+01   0.100000E+01   0.207164E+03   0.432000E+05   0.237079E+03  -0.999900E+04  -0.999900E+04  -0.999900E+04  -0.999900E+04   0.237079E+03  -0.999900E+04  -0.999900E+04  -0.999900E+04  -0.999900E+04   0.237013E+03   0.114000E+02   0.111138E+01   0.250186E+02   0.300000E+02   0.658622E-01  -0.999900E+04  -0.999900E+04  -0.999900E+04  -0.999900E+04   0.131199E+01  -0.999900E+04  -0.999900E+04  -0.999900E+04  -0.999900E+04
   0.100000E+01   0.100000E+01   0.210440E+03   0.432000E+05   0.100000E+01   0.100000E+01   0.210440E+03   0.432000E+05   0.237033E+03  -0.999900E+04  -0.999900E+04  -0.999900E+04  -0.999900E+04   0.237033E+03  -0.999900E+04  -0.999900E+04  -0.999900E+04  -0.999900E+04   0.236999E+03   0.114000E+02   0.981539E+00   0.250186E+02   0.300000E+02   0.343123E-01  -0.999900E+04  -0.999900E+04  -0.999900E+04  -0.999900E+04   0.683510E+00  -0.999900E+04  -0.999900E+04  -0.999900E+04  -0.999900E+04
   0.100000E+01   0.100000E+01   0.222373E+03   0.432000E+05   0.100000E+01   0.100000E+01   0.222373E+03   0.432000E+05   0.236958E+03  -0.999900E+04  -0.999900E+04  -0.999900E+04  -0.999900E+04   0.236958E+03  -0.999900E+04  -0.999900E+04  -0.999900E+04  -0.999900E+04   0.236972E+03   0.114000E+02   0.677533E+00   0.232980E+02   0.300000E+02  -0.140001E-01  -0.999900E+04  -0.999900E+04  -0.999900E+04  -0.999900E+04  -0.278887E+00  -0.999900E+04  -0.999900E+04  -0.999900E+04  -0.999900E+04
   0.100000E+01   0.100000E+01   0.229058E+03   0.432000E+05   0.100000E+01   0.100000E+01   0.229058E+03   0.432000E+05   0.236974E+03  -0.999900E+04  -0.999900E+04  -0.999900E+04  -0.999900E+04   0.236974E+03  -0.999900E+04  -0.999900E+04  -0.999900E+04  -0.999900E+04   0.236962E+03   0.114000E+02   0.580578E+00   0.216803E+02   0.300000E+02   0.115366E-01  -0.999900E+04  -0.999900E+04  -0.999900E+04  -0.999900E+04   0.229813E+00  -0.999900E+04  -0.999900E+04  -0.999900E+04  -0.999900E+04
   0.100000E+01   0.100000E+01   0.235225E+03   0.432000E+05   0.100000E+01   0.100000E+01   0.235225E+03   0.432000E+05   0.236969E+03  -0.999900E+04  -0.999900E+04  -0.999900E+04  -0.999900E+04   0.236969E+03  -0.999900E+04  -0.999900E+04  -0.999900E+04  -0.999900E+04   0.236955E+03   0.114000E+02   0.520874E+00   0.216803E+02   0.300000E+02   0.137693E-01  -0.999900E+04  -0.999900E+04  -0.999900E+04  -0.999900E+04   0.274288E+00  -0.999900E+04  -0.999900E+04  -0.999900E+04  -0.999900E+04
   0.100000E+01   0.100000E+01   0.241845E+03   0.432000E+05   0.100000E+01   0.100000E+01   0.241845E+03   0.432000E+05   0.236983E+03  -0.999900E+04  -0.999900E+04  -0.999900E+04  -0.999900E+04   0.236983E+03  -0.999900E+04  -0.999900E+04  -0.999900E+04  -0.999900E+04   0.236949E+03   0.114000E+02   0.479096E+00   0.202753E+02   0.300000E+02   0.343458E-01  -0.999900E+04  -0.999900E+04  -0.999900E+04  -0.999900E+04   0.684179E+00  -0.999900E+04  -0.999900E+04  -0.999900E+04  -0.999900E+04
   0.100000E+01   0.100000E+01   0.248957E+03   0.432000E+05   0.100000E+01   0.100000E+01   0.248957E+03   0.432000E+05   0.236971E+03  -0.999900E+04  -0.999900E+04  -0.999900E+04  -0.999900E+04   0.236971E+03  -0.999900E+04  -0.999900E+04  -0.999900E+04  -0.999900E+04   0.236941E+03   0.114000E+02   0.462365E+00   0.202753E+02   0.300000E+02   0.295022E-01  -0.999900E+04  -0.999900E+04  -0.999900E+04  -0.999900E+04   0.587692E+00  -0.999900E+04  -0.999900E+04  -0.999900E+04  -0.999900E+04
   0.100000E+01   0.100000E+01   0.254375E+03   0.432000E+05   0.100000E+01   0.100000E+01   0.254375E+03   0.432000E+05   0.236938E+03  -0.999900E+04  -0.999900E+04  -0.999900E+04  -0.999900E+04   0.236938E+03  -0.999900E+04  -0.999900E+04  -0.999900E+04  -0.999900E+04   0.236935E+03   0.114000E+02   0.468978E+00   0.191771E+02   0.300000E+02   0.312451E-02  -0.999900E+04  -0.999900E+04  -0.999900E+04  -0.999900E+04   0.622412E-01  -0.999900E+04  -0.999900E+04  -0.999900E+04  -0.999900E+04
   0.100000E+01   0.100000E+01   0.259537E+03   0.432000E+05   0.100000E+01   0.100000E+01   0.259537E+03   0.432000E+05   0.236882E+03  -0.999900E+04  -0.999900E+04  -0.999900E+04  -0.999900E+04   0.236882E+03  -0.999900E+04  -0.999900E+04  -0.999900E+04  -0.999900E+04   0.236928E+03   0.114000E+02   0.474585E+00   0.191771E+02   0.300000E+02  -0.459785E-01  -0.999900E+04  -0.999900E+04  -0.999900E+04  -0.999900E+04  -0.915905E+00  -0.999900E+04  -0.999900E+04  -0.999900E+04  -0.999900E+04
   0.100000E+01   0.100000E+01   0.269946E+03   0.432000E+05   0.100000E+01   0.100000E+01   0.269946E+03   0.432000E+05   0.236883E+03  -0.999900E+04  -0.999900E+04  -0.999900E+04  -0.999900E+04   0.236883E+03  -0.999900E+04  -0.999900E+04  -0.999900E+04  -0.999900E+04   0.236913E+03   0.114000E+02   0.483035E+00   0.184613E+02   0.300000E+02  -0.296282E-01  -0.999900E+04  -0.999900E+04  -0.999900E+04  -0.999900E+04  -0.590202E+00  -0.999900E+04  -0.999900E+04  -0.999900E+04  -0.999900E+04
   0.100000E+01   0.100000E+01   0.280778E+03   0.432000E+05   0.100000E+01   0.100000E+01   0.280778E+03   0.432000E+05   0.236875E+03  -0.999900E+04  -0.999900E+04  -0.999900E+04  -0.999900E+04   0.236875E+03  -0.999900E+04  -0.999900E+04  -0.999900E+04  -0.999900E+04   0.236898E+03   0.114000E+02   0.467497E+00   0.181832E+02   0.300000E+02  -0.225372E-01  -0.999900E+04  -0.999900E+04  -0.999900E+04  -0.999900E+04  -0.448948E+00  -0.999900E+04  -0.999900E+04  -0.999900E+04  -0.999900E+04
   0.100000E+01   0.100000E+01   0.285062E+03   0.432000E+05   0.100000E+01   0.100000E+01   0.285062E+03   0.432000E+05   0.236870E+03  -0.999900E+04  -0.999900E+04  -0.999900E+04  -0.999900E+04   0.236870E+03  -0.999900E+04  -0.999900E+04  -0.999900E+04  -0.999900E+04   0.236892E+03   0.114000E+02   0.456090E+00   0.183757E+02   0.300000E+02  -0.223645E-01  -0.999900E+04  -0.999900E+04  -0.999900E+04  -0.999900E+04  -0.445507E+00  -0.999900E+04  -0.999900E+04  -0.999900E+04  -0.999900E+04
   0.100000E+01   0.100000E+01   0.289704E+03   0.432000E+05   0.100000E+01   0.100000E+01   0.289704E+03   0.432000E+05   0.236869E+03  -0.999900E+04  -0.999900E+04  -0.999900E+04  -0.999900E+04   0.236869E+03  -0.999900E+04  -0.999900E+04  -0.999900E+04  -0.999900E+04   0.236887E+03   0.114000E+02   0.444435E+00   0.183757E+02   0.300000E+02  -0.181460E-01  -0.999900E+04  -0.999900E+04  -0.999900E+04  -0.999900E+04  -0.361474E+00  -0.999900E+04  -0.999900E+04  -0.999900E+04  -0.999900E+04
   0.100000E+01   0.100000E+01   0.296273E+03   0.432000E+05   0.100000E+01   0.100000E+01   0.296273E+03   0.432000E+05   0.236861E+03  -0.999900E+04  -0.999900E+04  -0.999900E+04  -0.999900E+04   0.236861E+03  -0.999900E+04  -0.999900E+04  -0.999900E+04  -0.999900E+04   0.236880E+03   0.114000E+02   0.428960E+00   0.190501E+02   0.300000E+02  -0.193558E-01  -0.999900E+04  -0.999900E+04  -0.999900E+04  -0.999900E+04  -0.385574E+00  -0.999900E+04  -0.999900E+04  -0.999900E+04  -0.999900E+04
   0.100000E+01   0.100000E+01   0.303659E+03   0.432000E+05   0.100000E+01   0.100000E+01   0.303659E+03   0.432000E+05   0.236865E+03  -0.999900E+04  -0.999900E+04  -0.999900E+04  -0.999900E+04   0.236865E+03  -0.999900E+04  -0.999900E+04  -0.999900E+04  -0.999900E+04   0.236873E+03   0.114000E+02   0.420329E+00   0.190501E+02   0.300000E+02  -0.822998E-02  -0.999900E+04  -0.999900E+04  -0.999900E+04  -0.999900E+04  -0.163944E+00  -0.999900E+04  -0.999900E+04  -0.999900E+04  -0.999900E+04
   0.100000E+01   0.100000E+01   0.310056E+03   0.432000E+05   0.100000E+01   0.100000E+01   0.310056E+03   0.432000E+05   0.236853E+03  -0.999900E+04  -0.999900E+04  -0.999900E+04  -0.999900E+04   0.236853E+03  -0.999900E+04  -0.999900E+04  -0.999900E+04  -0.999900E+04   0.236866E+03   0.114000E+02   0.435391E+00   0.201959E+02   0.300000E+02  -0.131804E-01  -0.999900E+04  -0.999900E+04  -0.999900E+04  -0.999900E+04  -0.262558E+00  -0.999900E+04  -0.999900E+04  -0.999900E+04  -0.999900E+04
   0.100000E+01   0.100000E+01   0.316532E+03   0.432000E+05   0.100000E+01   0.100000E+01   0.316532E+03   0.432000E+05   0.236859E+03  -0.999900E+04  -0.999900E+04  -0.999900E+04  -0.999900E+04   0.236859E+03  -0.999900E+04  -0.999900E+04  -0.999900E+04  -0.999900E+04   0.236859E+03   0.114000E+02   0.452212E+00   0.217826E+02   0.300000E+02   0.372681E-03  -0.999900E+04  -0.999900E+04  -0.999900E+04  -0.999900E+04   0.742391E-02  -0.999900E+04  -0.999900E+04  -0.999900E+04  -0.999900E+04
   0.100000E+01   0.100000E+01   0.324277E+03   0.432000E+05   0.100000E+01   0.100000E+01   0.324277E+03   0.432000E+05   0.236836E+03  -0.999900E+04  -0.999900E+04  -0.999900E+04  -0.999900E+04   0.236836E+03  -0.999900E+04  -0.999900E+04  -0.999900E+04  -0.999900E+04   0.236849E+03   0.114000E+02   0.474727E+00   0.217826E+02   0.300000E+02  -0.130143E-01  -0.999900E+04  -0.999900E+04  -0.999900E+04  -0.999900E+04  -0.259248E+00  -0.999900E+04  -0.999900E+04  -0.999900E+04  -0.999900E+04
   0.100000E+01   0.100000E+01   0.328147E+03   0.432000E+05   0.100000E+01   0.100000E+01   0.328147E+03   0.432000E+05   0.236834E+03  -0.999900E+04  -0.999900E+04  -0.999900E+04  -0.999900E+04   0.236834E+03  -0.999900E+04  -0.999900E+04  -0.999900E+04  -0.999900E+04   0.236844E+03   0.114000E+02   0.487180E+00   0.237613E+02   0.300000E+02  -0.993311E-02  -0.999900E+04  -0.999900E+04  -0.999900E+04  -0.999900E+04  -0.197870E+00  -0.999900E+04  -0.999900E+04  -0.999900E+04  -0.999900E+04
   0.100000E+01   0.100000E+01   0.334669E+03   0.432000E+05   0.100000E+01   0.100000E+01   0.334669E+03   0.432000E+05   0.236815E+03  -0.999900E+04  -0.999900E+04  -0.999900E+04  -0.999900E+04   0.236815E+03  -0.999900E+04  -0.999900E+04  -0.999900E+04  -0.999900E+04   0.236835E+03   0.114000E+02   0.509077E+00   0.237613E+02   0.300000E+02  -0.200067E-01  -0.999900E+04  -0.999900E+04  -0.999900E+04  -0.999900E+04  -0.398540E+00  -0.999900E+04  -0.999900E+04  -0.999900E+04  -0.999900E+04
   0.100000E+01   0.100000E+01   0.336060E+03   0.432000E+05   0.100000E+01   0.100000E+01   0.336060E+03   0.432000E+05   0.236836E+03  -0.999900E+04  -0.999900E+04  -0.999900E+04  -0.999900E+04   0.236836E+03  -0.999900E+04  -0.999900E+04  -0.999900E+04  -0.999900E+04   0.236834E+03   0.114000E+02   0.506297E+00   0.237613E+02   0.300000E+02   0.242761E-02  -0.999900E+04  -0.999900E+04  -0.999900E+04  -0.999900E+04   0.483587E-01  -0.999900E+04  -0.999900E+04  -0.999900E+04  -0.999900E+04
   0.100000E+01   0.100000E+01   0.343576E+03   0.432000E+05   0.100000E+01   0.100000E+01   0.343576E+03   0.432000E+05   0.236822E+03  -0.999900E+04  -0.999900E+04  -0.999900E+04  -0.999900E+04   0.236822E+03  -0.999900E+04  -0.999900E+04  -0.999900E+04  -0.999900E+04   0.236827E+03   0.114000E+02   0.490217E+00   0.260676E+02   0.300000E+02  -0.450757E-02  -0.999900E+04  -0.999900E+04  -0.999900E+04  -0.999900E+04  -0.897921E-01  -0.999900E+04  -0.999900E+04  -0.999900E+04  -0.999900E+04
   0.100000E+01   0.100000E+01   0.349713E+03   0.432000E+05   0.100000E+01   0.100000E+01   0.349713E+03   0.432000E+05   0.236826E+03  -0.999900E+04  -0.999900E+04  -0.999900E+04  -0.999900E+04   0.236826E+03  -0.999900E+04  -0.999900E+04  -0.999900E+04  -0.999900E+04   0.236822E+03   0.114000E+02   0.475502E+00   0.286242E+02   0.300000E+02   0.391748E-02  -0.999900E+04  -0.999900E+04  -0.999900E+04  -0.999900E+04   0.780374E-01  -0.999900E+04  -0.999900E+04  -0.999900E+04  -0.999900E+04
   0.100000E+01   0.100000E+01   0.358995E+03   0.432000E+05   0.100000E+01   0.100000E+01   0.358995E+03   0.432000E+05   0.236815E+03  -0.999900E+04  -0.999900E+04  -0.999900E+04  -0.999900E+04   0.236815E+03  -0.999900E+04  -0.999900E+04  -0.999900E+04  -0.999900E+04   0.236817E+03   0.114000E+02   0.452130E+00   0.286242E+02   0.300000E+02  -0.219971E-02  -0.999900E+04  -0.999900E+04  -0.999900E+04  -0.999900E+04  -0.438188E-01  -0.999900E+04  -0.999900E+04  -0.999900E+04  -0.999900E+04
   0.100000E+01   0.100000E+01   0.365374E+03   0.432000E+05   0.100000E+01   0.100000E+01   0.365374E+03   0.432000E+05   0.236832E+03  -0.999900E+04  -0.999900E+04  -0.999900E+04  -0.999900E+04   0.236832E+03  -0.999900E+04  -0.999900E+04  -0.999900E+04  -0.999900E+04   0.236815E+03   0.114000E+02   0.435773E+00   0.313444E+02   0.300000E+02   0.171959E-01  -0.999900E+04  -0.999900E+04  -0.999900E+04  -0.999900E+04   0.342548E+00  -0.999900E+04  -0.999900E+04  -0.999900E+04  -0.999900E+04
   0.100000E+01   0.100000E+01   0.370819E+03   0.432000E+05   0.100000E+01   0.100000E+01   0.370819E+03   0.432000E+05   0.236819E+03  -0.999900E+04  -0.999900E+04  -0.999900E+04  -0.999900E+04   0.236819E+03  -0.999900E+04  -0.999900E+04  -0.999900E+04  -0.999900E+04   0.236813E+03   0.114000E+02   0.427632E+00   0.341351E+02   0.300000E+02   0.604224E-02  -0.999900E+04  -0.999900E+04  -0.999900E+04  -0.999900E+04   0.120363E+00  -0.999900E+04  -0.999900E+04  -0.999900E+04  -0.999900E+04
   0.100000E+01   0.100000E+01   0.377605E+03   0.432000E+05   0.100000E+01   0.100000E+01   0.377605E+03   0.432000E+05   0.236814E+03  -0.999900E+04  -0.999900E+04  -0.999900E+04  -0.999900E+04   0.236814E+03  -0.999900E+04  -0.999900E+04  -0.999900E+04  -0.999900E+04   0.236811E+03   0.114000E+02   0.427506E+00   0.341351E+02   0.300000E+02   0.339209E-02  -0.999900E+04  -0.999900E+04  -0.999900E+04  -0.999900E+04   0.675714E-01  -0.999900E+04  -0.999900E+04  -0.999900E+04  -0.999900E+04
   0.100000E+01   0.100000E+01   0.385766E+03   0.432000E+05   0.100000E+01   0.100000E+01   0.385766E+03   0.432000E+05   0.236826E+03  -0.999900E+04  -0.999900E+04  -0.999900E+04  -0.999900E+04   0.236826E+03  -0.999900E+04  -0.999900E+04  -0.999900E+04  -0.999900E+04   0.236808E+03   0.114000E+02   0.428350E+00   0.369009E+02   0.300000E+02   0.179708E-01  -0.999900E+04  -0.999900E+04  -0.999900E+04  -0.999900E+04   0.357984E+00  -0.999900E+04  -0.999900E+04  -0.999900E+04  -0.999900E+04
   0.100000E+01   0.100000E+01   0.392254E+03   0.432000E+05   0.100000E+01   0.100000E+01   0.392254E+03   0.432000E+05   0.236816E+03  -0.999900E+04  -0.999900E+04  -0.999900E+04  -0.999900E+04   0.236816E+03  -0.999900E+04  -0.999900E+04  -0.999900E+04  -0.999900E+04   0.236806E+03   0.114000E+02   0.422865E+00   0.369009E+02   0.300000E+02   0.955774E-02  -0.999900E+04  -0.999900E+04  -0.999900E+04  -0.999900E+04   0.190393E+00  -0.999900E+04  -0.999900E+04  -0.999900E+04  -0.999900E+04
   0.100000E+01   0.100000E+01   0.401554E+03   0.432000E+05   0.100000E+01   0.100000E+01   0.401554E+03   0.432000E+05   0.236814E+03  -0.999900E+04  -0.999900E+04  -0.999900E+04  -0.999900E+04   0.236814E+03  -0.999900E+04  -0.999900E+04  -0.999900E+04  -0.999900E+04   0.236806E+03   0.114000E+02   0.381086E+00   0.395469E+02   0.300000E+02   0.803076E-02  -0.999900E+04  -0.999900E+04  -0.999900E+04  -0.999900E+04   0.159975E+00  -0.999900E+04  -0.999900E+04  -0.999900E+04  -0.999900E+04
   0.100000E+01   0.100000E+01   0.404423E+03   0.432000E+05   0.100000E+01   0.100000E+01   0.404423E+03   0.432000E+05   0.236795E+03  -0.999900E+04  -0.999900E+04  -0.999900E+04  -0.999900E+04   0.236795E+03  -0.999900E+04  -0.999900E+04  -0.999900E+04  -0.999900E+04   0.236806E+03   0.114000E+02   0.361182E+00   0.419826E+02   0.300000E+02  -0.112592E-01  -0.999900E+04  -0.999900E+04  -0.999900E+04  -0.999900E+04  -0.224286E+00  -0.999900E+04  -0.999900E+04  -0.999900E+04  -0.999900E+04
   0.100000E+01   0.100000E+01   0.409978E+03   0.432000E+05   0.100000E+01   0.100000E+01   0.409978E+03   0.432000E+05   0.236821E+03  -0.999900E+04  -0.999900E+04  -0.999900E+04  -0.999900E+04   0.236821E+03  -0.999900E+04  -0.999900E+04  -0.999900E+04  -0.999900E+04   0.236807E+03   0.114000E+02   0.329607E+00   0.419826E+02   0.300000E+02   0.142983E-01  -0.999900E+04  -0.999900E+04  -0.999900E+04  -0.999900E+04   0.284827E+00  -0.999900E+04  -0.999900E+04  -0.999900E+04  -0.999900E+04
   0.100000E+01   0.100000E+01   0.415930E+03   0.432000E+05   0.100000E+01   0.100000E+01   0.415930E+03   0.432000E+05   0.236798E+03  -0.999900E+04  -0.999900E+04  -0.999900E+04  -0.999900E+04   0.236798E+03  -0.999900E+04  -0.999900E+04  -0.999900E+04  -0.999900E+04   0.236807E+03   0.114000E+02   0.303048E+00   0.441249E+02   0.300000E+02  -0.906787E-02  -0.999900E+04  -0.999900E+04  -0.999900E+04  -0.999900E+04  -0.180635E+00  -0.999900E+04  -0.999900E+04  -0.999900E+04  -0.999900E+04
   0.100000E+01   0.100000E+01   0.418991E+03   0.432000E+05   0.100000E+01   0.100000E+01   0.418991E+03   0.432000E+05   0.236792E+03  -0.999900E+04  -0.999900E+04  -0.999900E+04  -0.999900E+04   0.236792E+03  -0.999900E+04  -0.999900E+04  -0.999900E+04  -0.999900E+04   0.236807E+03   0.114000E+02   0.291372E+00   0.441249E+02   0.300000E+02  -0.152510E-01  -0.999900E+04  -0.999900E+04  -0.999900E+04  -0.999900E+04  -0.303804E+00  -0.999900E+04  -0.999900E+04  -0.999900E+04  -0.999900E+04
   0.100000E+01   0.100000E+01   0.425012E+03   0.432000E+05   0.100000E+01   0.100000E+01   0.425012E+03   0.432000E+05   0.236793E+03  -0.999900E+04  -0.999900E+04  -0.999900E+04  -0.999900E+04   0.236793E+03  -0.999900E+04  -0.999900E+04  -0.999900E+04  -0.999900E+04   0.236807E+03   0.114000E+02   0.271737E+00   0.441249E+02   0.300000E+02  -0.144951E-01  -0.999900E+04  -0.999900E+04  -0.999900E+04  -0.999900E+04  -0.288747E+00  -0.999900E+04  -0.999900E+04  -0.999900E+04  -0.999900E+04
   0.100000E+01   0.100000E+01   0.430597E+03   0.432000E+05   0.100000E+01   0.100000E+01   0.430597E+03   0.432000E+05   0.236795E+03  -0.999900E+04  -0.999900E+04  -0.999900E+04  -0.999900E+04   0.236795E+03  -0.999900E+04  -0.999900E+04  -0.999900E+04  -0.999900E+04   0.236808E+03   0.114000E+02   0.262064E+00   0.459006E+02   0.300000E+02  -0.125256E-01  -0.999900E+04  -0.999900E+04  -0.999900E+04  -0.999900E+04  -0.249514E+00  -0.999900E+04  -0.999900E+04  -0.999900E+04  -0.999900E+04
   0.100000E+01   0.100000E+01   0.435800E+03   0.432000E+05   0.100000E+01   0.100000E+01   0.435800E+03   0.432000E+05   0.236787E+03  -0.999900E+04  -0.999900E+04  -0.999900E+04  -0.999900E+04   0.236787E+03  -0.999900E+04  -0.999900E+04  -0.999900E+04  -0.999900E+04   0.236808E+03   0.114000E+02   0.250900E+00   0.459006E+02   0.300000E+02  -0.206477E-01  -0.999900E+04  -0.999900E+04  -0.999900E+04  -0.999900E+04  -0.411308E+00  -0.999900E+04  -0.999900E+04  -0.999900E+04  -0.999900E+04
   0.100000E+01   0.100000E+01   0.446512E+03   0.432000E+05   0.100000E+01   0.100000E+01   0.446512E+03   0.432000E+05   0.236816E+03  -0.999900E+04  -0.999900E+04  -0.999900E+04  -0.999900E+04   0.236816E+03  -0.999900E+04  -0.999900E+04  -0.999900E+04  -0.999900E+04   0.236808E+03   0.114000E+02   0.226932E+00   0.472494E+02   0.300000E+02   0.806238E-02  -0.999900E+04  -0.999900E+04  -0.999900E+04  -0.999900E+04   0.160605E+00  -0.999900E+04  -0.999900E+04  -0.999900E+04  -0.999900E+04
   0.100000E+01   0.100000E+01   0.447926E+03   0.432000E+05   0.100000E+01   0.100000E+01   0.447926E+03   0.432000E+05   0.236778E+03  -0.999900E+04  -0.999900E+04  -0.999900E+04  -0.999900E+04   0.236778E+03  -0.999900E+04  -0.999900E+04  -0.999900E+04  -0.999900E+04   0.236808E+03   0.114000E+02   0.224437E+00   0.481255E+02   0.300000E+02  -0.299681E-01  -0.999900E+04  -0.999900E+04  -0.999900E+04  -0.999900E+04  -0.596974E+00  -0.999900E+04  -0.999900E+04  -0.999900E+04  -0.999900E+04
   0.100000E+01   0.100000E+01   0.451560E+03   0.432000E+05   0.100000E+01   0.100000E+01   0.451560E+03   0.432000E+05   0.236804E+03  -0.999900E+04  -0.999900E+04  -0.999900E+04  -0.999900E+04   0.236804E+03  -0.999900E+04  -0.999900E+04  -0.999900E+04  -0.999900E+04   0.236808E+03   0.114000E+02   0.218154E+00   0.481255E+02   0.300000E+02  -0.401392E-02  -0.999900E+04  -0.999900E+04  -0.999900E+04  -0.999900E+04  -0.799584E-01  -0.999900E+04  -0.999900E+04  -0.999900E+04  -0.999900E+04
   0.100000E+01   0.100000E+01   0.454584E+03   0.432000E+05   0.100000E+01   0.100000E+01   0.454584E+03   0.432000E+05   0.236815E+03  -0.999900E+04  -0.999900E+04  -0.999900E+04  -0.999900E+04   0.236815E+03  -0.999900E+04  -0.999900E+04  -0.999900E+04  -0.999900E+04   0.236808E+03   0.114000E+02   0.213723E+00   0.481255E+02   0.300000E+02   0.695557E-02  -0.999900E+04  -0.999900E+04  -0.999900E+04  -0.999900E+04   0.138557E+00  -0.999900E+04  -0.999900E+04  -0.999900E+04  -0.999900E+04
   0.100000E+01   0.100000E+01   0.462210E+03   0.432000E+05   0.100000E+01   0.100000E+01   0.462210E+03   0.432000E+05   0.236806E+03  -0.999900E+04  -0.999900E+04  -0.999900E+04  -0.999900E+04   0.236806E+03  -0.999900E+04  -0.999900E+04  -0.999900E+04  -0.999900E+04   0.236808E+03   0.114000E+02   0.215700E+00   0.484993E+02   0.300000E+02  -0.183081E-02  -0.999900E+04  -0.999900E+04  -0.999900E+04  -0.999900E+04  -0.364703E-01  -0.999900E+04  -0.999900E+04  -0.999900E+04  -0.999900E+04
   0.100000E+01   0.100000E+01   0.466431E+03   0.432000E+05   0.100000E+01   0.100000E+01   0.466431E+03   0.432000E+05   0.236798E+03  -0.999900E+04  -0.999900E+04  -0.999900E+04  -0.999900E+04   0.236798E+03  -0.999900E+04  -0.999900E+04  -0.999900E+04  -0.999900E+04   0.236808E+03   0.114000E+02   0.219147E+00   0.484993E+02   0.300000E+02  -0.967822E-02  -0.999900E+04  -0.999900E+04  -0.999900E+04  -0.999900E+04  -0.192793E+00  -0.999900E+04  -0.999900E+04  -0.999900E+04  -0.999900E+04
   0.100000E+01   0.100000E+01   0.476247E+03   0.432000E+05   0.100000E+01   0.100000E+01   0.476247E+03   0.432000E+05   0.236801E+03  -0.999900E+04  -0.999900E+04  -0.999900E+04  -0.999900E+04   0.236801E+03  -0.999900E+04  -0.999900E+04  -0.999900E+04  -0.999900E+04   0.236807E+03   0.114000E+02   0.228016E+00   0.483586E+02   0.300000E+02  -0.622046E-02  -0.999900E+04  -0.999900E+04  -0.999900E+04  -0.999900E+04  -0.123913E+00  -0.999900E+04  -0.999900E+04  -0.999900E+04  -0.999900E+04
   0.100000E+01   0.100000E+01   0.476328E+03   0.432000E+05   0.100000E+01   0.100000E+01   0.476328E+03   0.432000E+05   0.236791E+03  -0.999900E+04  -0.999900E+04  -0.999900E+04  -0.999900E+04   0.236791E+03  -0.999900E+04  -0.999900E+04  -0.999900E+04  -0.999900E+04   0.236807E+03   0.114000E+02   0.228094E+00   0.483586E+02   0.300000E+02  -0.162205E-01  -0.999900E+04  -0.999900E+04  -0.999900E+04  -0.999900E+04  -0.323116E+00  -0.999900E+04  -0.999900E+04  -0.999900E+04  -0.999900E+04
   0.100000E+01   0.100000E+01   0.476328E+03   0.432000E+05   0.100000E+01   0.100000E+01   0.476328E+03   0.432000E+05   0.236801E+03  -0.999900E+04  -0.999900E+04  -0.999900E+04  -0.999900E+04   0.236801E+03  -0.999900E+04  -0.999900E+04  -0.999900E+04  -0.999900E+04   0.236807E+03   0.114000E+02   0.228094E+00   0.483586E+02   0.300000E+02  -0.622046E-02  -0.999900E+04  -0.999900E+04  -0.999900E+04  -0.999900E+04  -0.123913E+00  -0.999900E+04  -0.999900E+04  -0.999900E+04  -0.999900E+04
   0.100000E+01   0.100000E+01   0.490482E+03   0.432000E+05   0.100000E+01   0.100000E+01   0.490482E+03   0.432000E+05   0.236779E+03  -0.999900E+04  -0.999900E+04  -0.999900E+04  -0.999900E+04   0.236779E+03  -0.999900E+04  -0.999900E+04  -0.999900E+04  -0.999900E+04   0.236806E+03   0.114000E+02   0.242127E+00   0.477087E+02   0.300000E+02  -0.274423E-01  -0.999900E+04  -0.999900E+04  -0.999900E+04  -0.999900E+04  -0.546658E+00  -0.999900E+04  -0.999900E+04  -0.999900E+04  -0.999900E+04
   0.100000E+01   0.100000E+01   0.496578E+03   0.432000E+05   0.100000E+01   0.100000E+01   0.496578E+03   0.432000E+05   0.236804E+03  -0.999900E+04  -0.999900E+04  -0.999900E+04  -0.999900E+04   0.236804E+03  -0.999900E+04  -0.999900E+04  -0.999900E+04  -0.999900E+04   0.236806E+03   0.114000E+02   0.262883E+00   0.465727E+02   0.300000E+02  -0.164880E-02  -0.999900E+04  -0.999900E+04  -0.999900E+04  -0.999900E+04  -0.328447E-01  -0.999900E+04  -0.999900E+04  -0.999900E+04  -0.999900E+04
   0.100000E+01   0.100000E+01   0.502968E+03   0.432000E+05   0.100000E+01   0.100000E+01   0.502968E+03   0.432000E+05   0.236802E+03  -0.999900E+04  -0.999900E+04  -0.999900E+04  -0.999900E+04   0.236802E+03  -0.999900E+04  -0.999900E+04  -0.999900E+04  -0.999900E+04   0.236805E+03   0.114000E+02   0.286066E+00   0.449905E+02   0.300000E+02  -0.267224E-02  -0.999900E+04  -0.999900E+04  -0.999900E+04  -0.999900E+04  -0.532318E-01  -0.999900E+04  -0.999900E+04  -0.999900E+04  -0.999900E+04
   0.100000E+01   0.100000E+01   0.506325E+03   0.432000E+05   0.100000E+01   0.100000E+01   0.506325E+03   0.432000E+05   0.236808E+03  -0.999900E+04  -0.999900E+04  -0.999900E+04  -0.999900E+04   0.236808E+03  -0.999900E+04  -0.999900E+04  -0.999900E+04  -0.999900E+04   0.236804E+03   0.114000E+02   0.298628E+00   0.449905E+02   0.300000E+02   0.392285E-02  -0.999900E+04  -0.999900E+04  -0.999900E+04  -0.999900E+04   0.781443E-01  -0.999900E+04  -0.999900E+04  -0.999900E+04  -0.999900E+04
   0.100000E+01   0.100000E+01   0.516895E+03   0.432000E+05   0.100000E+01   0.100000E+01   0.516895E+03   0.432000E+05   0.236822E+03  -0.999900E+04  -0.999900E+04  -0.999900E+04  -0.999900E+04   0.236822E+03  -0.999900E+04  -0.999900E+04  -0.999900E+04  -0.999900E+04   0.236802E+03   0.114000E+02   0.340535E+00   0.430180E+02   0.300000E+02   0.203032E-01  -0.999900E+04  -0.999900E+04  -0.999900E+04  -0.999900E+04   0.404446E+00  -0.999900E+04  -0.999900E+04  -0.999900E+04  -0.999900E+04
   0.100000E+01   0.100000E+01   0.523063E+03   0.432000E+05   0.100000E+01   0.100000E+01   0.523063E+03   0.432000E+05   0.236791E+03  -0.999900E+04  -0.999900E+04  -0.999900E+04  -0.999900E+04   0.236791E+03  -0.999900E+04  -0.999900E+04  -0.999900E+04  -0.999900E+04   0.236800E+03   0.114000E+02   0.368276E+00   0.430180E+02   0.300000E+02  -0.880469E-02  -0.999900E+04  -0.999900E+04  -0.999900E+04  -0.999900E+04  -0.175392E+00  -0.999900E+04  -0.999900E+04  -0.999900E+04  -0.999900E+04
   0.100000E+01   0.100000E+01   0.530080E+03   0.432000E+05   0.100000E+01   0.100000E+01   0.530080E+03   0.432000E+05   0.236816E+03  -0.999900E+04  -0.999900E+04  -0.999900E+04  -0.999900E+04   0.236816E+03  -0.999900E+04  -0.999900E+04  -0.999900E+04  -0.999900E+04   0.236798E+03   0.114000E+02   0.387119E+00   0.407250E+02   0.300000E+02   0.182095E-01  -0.999900E+04  -0.999900E+04  -0.999900E+04  -0.999900E+04   0.362738E+00  -0.999900E+04  -0.999900E+04  -0.999900E+04  -0.999900E+04
   0.100000E+01   0.100000E+01   0.535966E+03   0.432000E+05   0.100000E+01   0.100000E+01   0.535966E+03   0.432000E+05   0.236801E+03  -0.999900E+04  -0.999900E+04  -0.999900E+04  -0.999900E+04   0.236801E+03  -0.999900E+04  -0.999900E+04  -0.999900E+04  -0.999900E+04   0.236795E+03   0.114000E+02   0.409759E+00   0.381934E+02   0.300000E+02   0.555933E-02  -0.999900E+04  -0.999900E+04  -0.999900E+04  -0.999900E+04   0.110743E+00  -0.999900E+04  -0.999900E+04  -0.999900E+04  -0.999900E+04
   0.100000E+01   0.100000E+01   0.546780E+03   0.432000E+05   0.100000E+01   0.100000E+01   0.546780E+03   0.432000E+05   0.236800E+03  -0.999900E+04  -0.999900E+04  -0.999900E+04  -0.999900E+04   0.236800E+03  -0.999900E+04  -0.999900E+04  -0.999900E+04  -0.999900E+04   0.236790E+03   0.114000E+02   0.449599E+00   0.355144E+02   0.300000E+02   0.980835E-02  -0.999900E+04  -0.999900E+04  -0.999900E+04  -0.999900E+04   0.195385E+00  -0.999900E+04  -0.999900E+04  -0.999900E+04  -0.999900E+04
   0.100000E+01   0.100000E+01   0.548608E+03   0.432000E+05   0.100000E+01   0.100000E+01   0.548608E+03   0.432000E+05   0.236804E+03  -0.999900E+04  -0.999900E+04  -0.999900E+04  -0.999900E+04   0.236804E+03  -0.999900E+04  -0.999900E+04  -0.999900E+04  -0.999900E+04   0.236789E+03   0.114000E+02   0.456101E+00   0.355144E+02   0.300000E+02   0.148002E-01  -0.999900E+04  -0.999900E+04  -0.999900E+04  -0.999900E+04   0.294824E+00  -0.999900E+04  -0.999900E+04  -0.999900E+04  -0.999900E+04
   0.100000E+01   0.100000E+01   0.560218E+03   0.432000E+05   0.100000E+01   0.100000E+01   0.560218E+03   0.432000E+05   0.236822E+03  -0.999900E+04  -0.999900E+04  -0.999900E+04  -0.999900E+04   0.236822E+03  -0.999900E+04  -0.999900E+04  -0.999900E+04  -0.999900E+04   0.236784E+03   0.114000E+02   0.454012E+00   0.327854E+02   0.300000E+02   0.378203E-01  -0.999900E+04  -0.999900E+04  -0.999900E+04  -0.999900E+04   0.753392E+00  -0.999900E+04  -0.999900E+04  -0.999900E+04  -0.999900E+04
   0.100000E+01   0.100000E+01   0.564534E+03   0.432000E+05   0.100000E+01   0.100000E+01   0.564534E+03   0.432000E+05   0.236789E+03  -0.999900E+04  -0.999900E+04  -0.999900E+04  -0.999900E+04   0.236789E+03  -0.999900E+04  -0.999900E+04  -0.999900E+04  -0.999900E+04   0.236782E+03   0.114000E+02   0.452159E+00   0.327854E+02   0.300000E+02   0.683447E-02  -0.999900E+04  -0.999900E+04  -0.999900E+04  -0.999900E+04   0.136145E+00  -0.999900E+04  -0.999900E+04  -0.999900E+04  -0.999900E+04
   0.100000E+01   0.100000E+01   0.567623E+03   0.432000E+05   0.100000E+01   0.100000E+01   0.567623E+03   0.432000E+05   0.236780E+03  -0.999900E+04  -0.999900E+04  -0.999900E+04  -0.999900E+04   0.236780E+03  -0.999900E+04  -0.999900E+04  -0.999900E+04  -0.999900E+04   0.236781E+03   0.114000E+02   0.450823E+00   0.301070E+02   0.300000E+02  -0.670166E-03  -0.999900E+04  -0.999900E+04  -0.999900E+04  -0.999900E+04  -0.133499E-01  -0.999900E+04  -0.999900E+04  -0.999900E+04  -0.999900E+04
   0.100000E+01   0.100000E+01   0.577139E+03   0.432000E+05   0.100000E+01   0.100000E+01   0.577139E+03   0.432000E+05   0.236796E+03  -0.999900E+04  -0.999900E+04  -0.999900E+04  -0.999900E+04   0.236796E+03  -0.999900E+04  -0.999900E+04  -0.999900E+04  -0.999900E+04   0.236776E+03   0.114000E+02   0.446744E+00   0.301070E+02   0.300000E+02   0.202737E-01  -0.999900E+04  -0.999900E+04  -0.999900E+04  -0.999900E+04   0.403858E+00  -0.999900E+04  -0.999900E+04  -0.999900E+04  -0.999900E+04
   0.100000E+01   0.100000E+01   0.579335E+03   0.432000E+05   0.100000E+01   0.100000E+01   0.579335E+03   0.432000E+05   0.236787E+03  -0.999900E+04  -0.999900E+04  -0.999900E+04  -0.999900E+04   0.236787E+03  -0.999900E+04  -0.999900E+04  -0.999900E+04  -0.999900E+04   0.236774E+03   0.114000E+02   0.445833E+00   0.275797E+02   0.300000E+02   0.125096E-01  -0.999900E+04  -0.999900E+04  -0.999900E+04  -0.999900E+04   0.249196E+00  -0.999900E+04  -0.999900E+04  -0.999900E+04  -0.999900E+04
   0.100000E+01   0.100000E+01   0.583101E+03   0.432000E+05   0.100000E+01   0.100000E+01   0.583101E+03   0.432000E+05   0.236769E+03  -0.999900E+04  -0.999900E+04  -0.999900E+04  -0.999900E+04   0.236769E+03  -0.999900E+04  -0.999900E+04  -0.999900E+04  -0.999900E+04   0.236773E+03   0.114000E+02   0.435988E+00   0.275797E+02   0.300000E+02  -0.378137E-02  -0.999900E+04  -0.999900E+04  -0.999900E+04  -0.999900E+04  -0.753260E-01  -0.999900E+04  -0.999900E+04  -0.999900E+04  -0.999900E+04
   0.100000E+01   0.100000E+01   0.589673E+03   0.432000E+05   0.100000E+01   0.100000E+01   0.589673E+03   0.432000E+05   0.236776E+03  -0.999900E+04  -0.999900E+04  -0.999900E+04  -0.999900E+04   0.236776E+03  -0.999900E+04  -0.999900E+04  -0.999900E+04  -0.999900E+04   0.236771E+03   0.114000E+02   0.397444E+00   0.252999E+02   0.300000E+02   0.500391E-02  -0.999900E+04  -0.999900E+04  -0.999900E+04  -0.999900E+04   0.996793E-01  -0.999900E+04  -0.999900E+04  -0.999900E+04  -0.999900E+04
   0.100000E+01   0.100000E+01   0.599275E+03   0.432000E+05   0.100000E+01   0.100000E+01   0.599275E+03   0.432000E+05   0.236788E+03  -0.999900E+04  -0.999900E+04  -0.999900E+04  -0.999900E+04   0.236788E+03  -0.999900E+04  -0.999900E+04  -0.999900E+04  -0.999900E+04   0.236769E+03   0.114000E+02   0.352891E+00   0.252999E+02   0.300000E+02   0.193385E-01  -0.999900E+04  -0.999900E+04  -0.999900E+04  -0.999900E+04   0.385229E+00  -0.999900E+04  -0.999900E+04  -0.999900E+04  -0.999900E+04
   0.100000E+01   0.100000E+01   0.604179E+03   0.432000E+05   0.100000E+01   0.100000E+01   0.604179E+03   0.432000E+05   0.236778E+03  -0.999900E+04  -0.999900E+04  -0.999900E+04  -0.999900E+04   0.236778E+03  -0.999900E+04  -0.999900E+04  -0.999900E+04  -0.999900E+04   0.236768E+03   0.114000E+02   0.334487E+00   0.233566E+02   0.300000E+02   0.104677E-01  -0.999900E+04  -0.999900E+04  -0.999900E+04  -0.999900E+04   0.208519E+00  -0.999900E+04  -0.999900E+04  -0.999900E+04  -0.999900E+04
   0.100000E+01   0.100000E+01   0.609244E+03   0.432000E+05   0.100000E+01   0.100000E+01   0.609244E+03   0.432000E+05   0.236764E+03  -0.999900E+04  -0.999900E+04  -0.999900E+04  -0.999900E+04   0.236764E+03  -0.999900E+04  -0.999900E+04  -0.999900E+04  -0.999900E+04   0.236766E+03   0.114000E+02   0.318121E+00   0.233566E+02   0.300000E+02  -0.244897E-02  -0.999900E+04  -0.999900E+04  -0.999900E+04  -0.999900E+04  -0.487843E-01  -0.999900E+04  -0.999900E+04  -0.999900E+04  -0.999900E+04
   0.100000E+01   0.100000E+01   0.616768E+03   0.432000E+05   0.100000E+01   0.100000E+01   0.616768E+03   0.432000E+05   0.236763E+03  -0.999900E+04  -0.999900E+04  -0.999900E+04  -0.999900E+04   0.236763E+03  -0.999900E+04  -0.999900E+04  -0.999900E+04  -0.999900E+04   0.236765E+03   0.114000E+02   0.299095E+00   0.218280E+02   0.300000E+02  -0.187732E-02  -0.999900E+04  -0.999900E+04  -0.999900E+04  -0.999900E+04  -0.373967E-01  -0.999900E+04  -0.999900E+04  -0.999900E+04  -0.999900E+04
   0.100000E+01   0.100000E+01   0.620755E+03   0.432000E+05   0.100000E+01   0.100000E+01   0.620755E+03   0.432000E+05   0.236768E+03  -0.999900E+04  -0.999900E+04  -0.999900E+04  -0.999900E+04   0.236768E+03  -0.999900E+04  -0.999900E+04  -0.999900E+04  -0.999900E+04   0.236764E+03   0.114000E+02   0.292688E+00   0.218280E+02   0.300000E+02   0.403821E-02  -0.999900E+04  -0.999900E+04  -0.999900E+04  -0.999900E+04   0.804423E-01  -0.999900E+04  -0.999900E+04  -0.999900E+04  -0.999900E+04
   0.100000E+01   0.100000E+01   0.625320E+03   0.432000E+05   0.100000E+01   0.100000E+01   0.625320E+03   0.432000E+05   0.236772E+03  -0.999900E+04  -0.999900E+04  -0.999900E+04  -0.999900E+04   0.236772E+03  -0.999900E+04  -0.999900E+04  -0.999900E+04  -0.999900E+04   0.236763E+03   0.114000E+02   0.285994E+00   0.207782E+02   0.300000E+02   0.903003E-02  -0.999900E+04  -0.999900E+04  -0.999900E+04  -0.999900E+04   0.179881E+00  -0.999900E+04  -0.999900E+04  -0.999900E+04  -0.999900E+04
   0.100000E+01   0.100000E+01   0.637896E+03   0.432000E+05   0.100000E+01   0.100000E+01   0.637896E+03   0.432000E+05   0.236771E+03  -0.999900E+04  -0.999900E+04  -0.999900E+04  -0.999900E+04   0.236771E+03  -0.999900E+04  -0.999900E+04  -0.999900E+04  -0.999900E+04   0.236761E+03   0.114000E+02   0.267866E+00   0.202540E+02   0.300000E+02   0.103036E-01  -0.999900E+04  -0.999900E+04  -0.999900E+04  -0.999900E+04   0.205250E+00  -0.999900E+04  -0.999900E+04  -0.999900E+04  -0.999900E+04
   0.100000E+01   0.100000E+01   0.640287E+03   0.432000E+05   0.100000E+01   0.100000E+01   0.640287E+03   0.432000E+05   0.236757E+03  -0.999900E+04  -0.999900E+04  -0.999900E+04  -0.999900E+04   0.236757E+03  -0.999900E+04  -0.999900E+04  -0.999900E+04  -0.999900E+04   0.236760E+03   0.114000E+02   0.264425E+00   0.202540E+02   0.300000E+02  -0.334546E-02  -0.999900E+04  -0.999900E+04  -0.999900E+04  -0.999900E+04  -0.666425E-01  -0.999900E+04  -0.999900E+04  -0.999900E+04  -0.999900E+04
   0.100000E+01   0.100000E+01   0.648934E+03   0.432000E+05   0.100000E+01   0.100000E+01   0.648934E+03   0.432000E+05   0.236765E+03  -0.999900E+04  -0.999900E+04  -0.999900E+04  -0.999900E+04   0.236765E+03  -0.999900E+04  -0.999900E+04  -0.999900E+04  -0.999900E+04   0.236759E+03   0.114000E+02   0.263247E+00   0.202829E+02   0.300000E+02   0.608887E-02  -0.999900E+04  -0.999900E+04  -0.999900E+04  -0.999900E+04   0.121292E+00  -0.999900E+04  -0.999900E+04  -0.999900E+04  -0.999900E+04
   0.100000E+01   0.100000E+01   0.654674E+03   0.432000E+05   0.100000E+01   0.100000E+01   0.654674E+03   0.432000E+05   0.236757E+03  -0.999900E+04  -0.999900E+04  -0.999900E+04  -0.999900E+04   0.236757E+03  -0.999900E+04  -0.999900E+04  -0.999900E+04  -0.999900E+04   0.236758E+03   0.114000E+02   0.272485E+00   0.208705E+02   0.300000E+02  -0.705688E-03  -0.999900E+04  -0.999900E+04  -0.999900E+04  -0.999900E+04  -0.140575E-01  -0.999900E+04  -0.999900E+04  -0.999900E+04  -0.999900E+04
   0.100000E+01   0.100000E+01   0.657559E+03   0.432000E+05   0.100000E+01   0.100000E+01   0.657559E+03   0.432000E+05   0.236747E+03  -0.999900E+04  -0.999900E+04  -0.999900E+04  -0.999900E+04   0.236747E+03  -0.999900E+04  -0.999900E+04  -0.999900E+04  -0.999900E+04   0.236757E+03   0.114000E+02   0.277370E+00   0.208705E+02   0.300000E+02  -0.100496E-01  -0.999900E+04  -0.999900E+04  -0.999900E+04  -0.999900E+04  -0.200190E+00  -0.999900E+04  -0.999900E+04  -0.999900E+04  -0.999900E+04
   0.100000E+01   0.100000E+01   0.663277E+03   0.432000E+05   0.100000E+01   0.100000E+01   0.663277E+03   0.432000E+05   0.236785E+03  -0.999900E+04  -0.999900E+04  -0.999900E+04  -0.999900E+04   0.236785E+03  -0.999900E+04  -0.999900E+04  -0.999900E+04  -0.999900E+04   0.236756E+03   0.114000E+02   0.287417E+00   0.208705E+02   0.300000E+02   0.292932E-01  -0.999900E+04  -0.999900E+04  -0.999900E+04  -0.999900E+04   0.583529E+00  -0.999900E+04  -0.999900E+04  -0.999900E+04  -0.999900E+04
   0.100000E+01   0.100000E+01   0.668185E+03   0.432000E+05   0.100000E+01   0.100000E+01   0.668185E+03   0.432000E+05   0.236781E+03  -0.999900E+04  -0.999900E+04  -0.999900E+04  -0.999900E+04   0.236781E+03  -0.999900E+04  -0.999900E+04  -0.999900E+04  -0.999900E+04   0.236755E+03   0.114000E+02   0.296507E+00   0.219996E+02   0.300000E+02   0.264834E-01  -0.999900E+04  -0.999900E+04  -0.999900E+04  -0.999900E+04   0.527557E+00  -0.999900E+04  -0.999900E+04  -0.999900E+04  -0.999900E+04
   0.100000E+01   0.100000E+01   0.676249E+03   0.432000E+05   0.100000E+01   0.100000E+01   0.676249E+03   0.432000E+05   0.236751E+03  -0.999900E+04  -0.999900E+04  -0.999900E+04  -0.999900E+04   0.236751E+03  -0.999900E+04  -0.999900E+04  -0.999900E+04  -0.999900E+04   0.236752E+03   0.114000E+02   0.310639E+00   0.236294E+02   0.300000E+02  -0.141089E-02  -0.999900E+04  -0.999900E+04  -0.999900E+04  -0.999900E+04  -0.281053E-01  -0.999900E+04  -0.999900E+04  -0.999900E+04  -0.999900E+04
   0.100000E+01   0.100000E+01   0.680808E+03   0.432000E+05   0.100000E+01   0.100000E+01   0.680808E+03   0.432000E+05   0.236774E+03  -0.999900E+04  -0.999900E+04  -0.999900E+04  -0.999900E+04   0.236774E+03  -0.999900E+04  -0.999900E+04  -0.999900E+04  -0.999900E+04   0.236751E+03   0.114000E+02   0.310572E+00   0.236294E+02   0.300000E+02   0.225352E-01  -0.999900E+04  -0.999900E+04  -0.999900E+04  -0.999900E+04   0.448907E+00  -0.999900E+04  -0.999900E+04  -0.999900E+04  -0.999900E+04
   0.100000E+01   0.100000E+01   0.688130E+03   0.432000E+05   0.100000E+01   0.100000E+01   0.688130E+03   0.432000E+05   0.236766E+03  -0.999900E+04  -0.999900E+04  -0.999900E+04  -0.999900E+04   0.236766E+03  -0.999900E+04  -0.999900E+04  -0.999900E+04  -0.999900E+04   0.236750E+03   0.114000E+02   0.316362E+00   0.256955E+02   0.300000E+02   0.162136E-01  -0.999900E+04  -0.999900E+04  -0.999900E+04  -0.999900E+04   0.322980E+00  -0.999900E+04  -0.999900E+04  -0.999900E+04  -0.999900E+04
   0.100000E+01   0.100000E+01   0.694363E+03   0.432000E+05   0.100000E+01   0.100000E+01   0.694363E+03   0.432000E+05   0.236772E+03  -0.999900E+04  -0.999900E+04  -0.999900E+04  -0.999900E+04   0.236772E+03  -0.999900E+04  -0.999900E+04  -0.999900E+04  -0.999900E+04   0.236748E+03   0.114000E+02   0.326584E+00   0.256955E+02   0.300000E+02   0.238311E-01  -0.999900E+04  -0.999900E+04  -0.999900E+04  -0.999900E+04   0.474722E+00  -0.999900E+04  -0.999900E+04  -0.999900E+04  -0.999900E+04
   0.100000E+01   0.100000E+01   0.700816E+03   0.432000E+05   0.100000E+01   0.100000E+01   0.700816E+03   0.432000E+05   0.236757E+03  -0.999900E+04  -0.999900E+04  -0.999900E+04  -0.999900E+04   0.236757E+03  -0.999900E+04  -0.999900E+04  -0.999900E+04  -0.999900E+04   0.236746E+03   0.114000E+02   0.343327E+00   0.281115E+02   0.300000E+02   0.107994E-01  -0.999900E+04  -0.999900E+04  -0.999900E+04  -0.999900E+04   0.215128E+00  -0.999900E+04  -0.999900E+04  -0.999900E+04  -0.999900E+04
   0.100000E+01   0.100000E+01   0.707817E+03   0.432000E+05   0.100000E+01   0.100000E+01   0.707817E+03   0.432000E+05   0.236789E+03  -0.999900E+04  -0.999900E+04  -0.999900E+04  -0.999900E+04   0.236789E+03  -0.999900E+04  -0.999900E+04  -0.999900E+04  -0.999900E+04   0.236744E+03   0.114000E+02   0.359117E+00   0.281115E+02   0.300000E+02   0.450272E-01  -0.999900E+04  -0.999900E+04  -0.999900E+04  -0.999900E+04   0.896955E+00  -0.999900E+04  -0.999900E+04  -0.999900E+04  -0.999900E+04
   0.100000E+01   0.100000E+01   0.714310E+03   0.432000E+05   0.100000E+01   0.100000E+01   0.714310E+03   0.432000E+05   0.236758E+03  -0.999900E+04  -0.999900E+04  -0.999900E+04  -0.999900E+04   0.236758E+03  -0.999900E+04  -0.999900E+04  -0.999900E+04  -0.999900E+04   0.236743E+03   0.114000E+02   0.345007E+00   0.307700E+02   0.300000E+02   0.148970E-01  -0.999900E+04  -0.999900E+04  -0.999900E+04  -0.999900E+04   0.296752E+00  -0.999900E+04  -0.999900E+04  -0.999900E+04  -0.999900E+04
   0.100000E+01   0.100000E+01   0.723056E+03   0.432000E+05   0.100000E+01   0.100000E+01   0.723056E+03   0.432000E+05   0.236761E+03  -0.999900E+04  -0.999900E+04  -0.999900E+04  -0.999900E+04   0.236761E+03  -0.999900E+04  -0.999900E+04  -0.999900E+04  -0.999900E+04   0.236742E+03   0.114000E+02   0.327926E+00   0.335466E+02   0.300000E+02   0.187362E-01  -0.999900E+04  -0.999900E+04  -0.999900E+04  -0.999900E+04   0.373231E+00  -0.999900E+04  -0.999900E+04  -0.999900E+04  -0.999900E+04
   0.100000E+01   0.100000E+01   0.728027E+03   0.432000E+05   0.100000E+01   0.100000E+01   0.728027E+03   0.432000E+05   0.236762E+03  -0.999900E+04  -0.999900E+04  -0.999900E+04  -0.999900E+04   0.236762E+03  -0.999900E+04  -0.999900E+04  -0.999900E+04  -0.999900E+04   0.236742E+03   0.114000E+02   0.319234E+00   0.335466E+02   0.300000E+02   0.200566E-01  -0.999900E+04  -0.999900E+04  -0.999900E+04  -0.999900E+04   0.399534E+00  -0.999900E+04  -0.999900E+04  -0.999900E+04  -0.999900E+04
   0.100000E+01   0.100000E+01   0.735156E+03   0.432000E+05   0.100000E+01   0.100000E+01   0.735156E+03   0.432000E+05   0.236761E+03  -0.999900E+04  -0.999900E+04  -0.999900E+04  -0.999900E+04   0.236761E+03  -0.999900E+04  -0.999900E+04  -0.999900E+04  -0.999900E+04   0.236742E+03   0.114000E+02   0.307669E+00   0.363030E+02   0.300000E+02   0.194381E-01  -0.999900E+04  -0.999900E+04  -0.999900E+04  -0.999900E+04   0.387213E+00  -0.999900E+04  -0.999900E+04  -0.999900E+04  -0.999900E+04
   0.100000E+01   0.100000E+01   0.737473E+03   0.432000E+05   0.100000E+01   0.100000E+01   0.737473E+03   0.432000E+05   0.236758E+03  -0.999900E+04  -0.999900E+04  -0.999900E+04  -0.999900E+04   0.236758E+03  -0.999900E+04  -0.999900E+04  -0.999900E+04  -0.999900E+04   0.236741E+03   0.114000E+02   0.304242E+00   0.363030E+02   0.300000E+02   0.165144E-01  -0.999900E+04  -0.999900E+04  -0.999900E+04  -0.999900E+04   0.328972E+00  -0.999900E+04  -0.999900E+04  -0.999900E+04  -0.999900E+04
   0.100000E+01   0.100000E+01   0.743355E+03   0.432000E+05   0.100000E+01   0.100000E+01   0.743355E+03   0.432000E+05   0.236764E+03  -0.999900E+04  -0.999900E+04  -0.999900E+04  -0.999900E+04   0.236764E+03  -0.999900E+04  -0.999900E+04  -0.999900E+04  -0.999900E+04   0.236741E+03   0.114000E+02   0.299704E+00   0.388924E+02   0.300000E+02   0.228806E-01  -0.999900E+04  -0.999900E+04  -0.999900E+04  -0.999900E+04   0.455789E+00  -0.999900E+04  -0.999900E+04  -0.999900E+04  -0.999900E+04
   0.100000E+01   0.100000E+01   0.748141E+03   0.432000E+05   0.100000E+01   0.100000E+01   0.748141E+03   0.432000E+05   0.236766E+03  -0.999900E+04  -0.999900E+04  -0.999900E+04  -0.999900E+04   0.236766E+03  -0.999900E+04  -0.999900E+04  -0.999900E+04  -0.999900E+04   0.236741E+03   0.114000E+02   0.300726E+00   0.388924E+02   0.300000E+02   0.252621E-01  -0.999900E+04  -0.999900E+04  -0.999900E+04  -0.999900E+04   0.503228E+00  -0.999900E+04  -0.999900E+04  -0.999900E+04  -0.999900E+04
   0.100000E+01   0.100000E+01   0.759598E+03   0.432000E+05   0.100000E+01   0.100000E+01   0.759598E+03   0.432000E+05   0.236755E+03  -0.999900E+04  -0.999900E+04  -0.999900E+04  -0.999900E+04   0.236755E+03  -0.999900E+04  -0.999900E+04  -0.999900E+04  -0.999900E+04   0.236740E+03   0.114000E+02   0.304521E+00   0.411651E+02   0.300000E+02   0.152386E-01  -0.999900E+04  -0.999900E+04  -0.999900E+04  -0.999900E+04   0.303558E+00  -0.999900E+04  -0.999900E+04  -0.999900E+04  -0.999900E+04
   0.100000E+01   0.100000E+01   0.762921E+03   0.432000E+05   0.100000E+01   0.100000E+01   0.762921E+03   0.432000E+05   0.236764E+03  -0.999900E+04  -0.999900E+04  -0.999900E+04  -0.999900E+04   0.236764E+03  -0.999900E+04  -0.999900E+04  -0.999900E+04  -0.999900E+04   0.236739E+03   0.114000E+02   0.305985E+00   0.411651E+02   0.300000E+02   0.245286E-01  -0.999900E+04  -0.999900E+04  -0.999900E+04  -0.999900E+04   0.488616E+00  -0.999900E+04  -0.999900E+04  -0.999900E+04  -0.999900E+04
   0.100000E+01   0.100000E+01   0.767216E+03   0.432000E+05   0.100000E+01   0.100000E+01   0.767216E+03   0.432000E+05   0.236822E+03  -0.999900E+04  -0.999900E+04  -0.999900E+04  -0.999900E+04   0.236822E+03  -0.999900E+04  -0.999900E+04  -0.999900E+04  -0.999900E+04   0.236739E+03   0.114000E+02   0.308959E+00   0.429751E+02   0.300000E+02   0.829406E-01  -0.999900E+04  -0.999900E+04  -0.999900E+04  -0.999900E+04   0.165220E+01  -0.999900E+04  -0.999900E+04  -0.999900E+04  -0.999900E+04
   0.100000E+01   0.100000E+01   0.775480E+03   0.432000E+05   0.100000E+01   0.100000E+01   0.775480E+03   0.432000E+05   0.236758E+03  -0.999900E+04  -0.999900E+04  -0.999900E+04  -0.999900E+04   0.236758E+03  -0.999900E+04  -0.999900E+04  -0.999900E+04  -0.999900E+04   0.236738E+03   0.114000E+02   0.332957E+00   0.441872E+02   0.300000E+02   0.204512E-01  -0.999900E+04  -0.999900E+04  -0.999900E+04  -0.999900E+04   0.407393E+00  -0.999900E+04  -0.999900E+04  -0.999900E+04  -0.999900E+04
   0.100000E+01   0.100000E+01   0.781353E+03   0.432000E+05   0.100000E+01   0.100000E+01   0.781353E+03   0.432000E+05   0.236751E+03  -0.999900E+04  -0.999900E+04  -0.999900E+04  -0.999900E+04   0.236751E+03  -0.999900E+04  -0.999900E+04  -0.999900E+04  -0.999900E+04   0.236736E+03   0.114000E+02   0.350604E+00   0.441872E+02   0.300000E+02   0.146719E-01  -0.999900E+04  -0.999900E+04  -0.999900E+04  -0.999900E+04   0.292268E+00  -0.999900E+04  -0.999900E+04  -0.999900E+04  -0.999900E+04
   0.100000E+01   0.100000E+01   0.792534E+03   0.432000E+05   0.100000E+01   0.100000E+01   0.792534E+03   0.432000E+05   0.236716E+03  -0.999900E+04  -0.999900E+04  -0.999900E+04  -0.999900E+04   0.236716E+03  -0.999900E+04  -0.999900E+04  -0.999900E+04  -0.999900E+04   0.236734E+03   0.114000E+02   0.385175E+00   0.446857E+02   0.300000E+02  -0.175052E-01  -0.999900E+04  -0.999900E+04  -0.999900E+04  -0.999900E+04  -0.348710E+00  -0.999900E+04  -0.999900E+04  -0.999900E+04  -0.999900E+04
   0.100000E+01   0.100000E+01   0.795218E+03   0.432000E+05   0.100000E+01   0.100000E+01   0.795218E+03   0.432000E+05   0.236742E+03  -0.999900E+04  -0.999900E+04  -0.999900E+04  -0.999900E+04   0.236742E+03  -0.999900E+04  -0.999900E+04  -0.999900E+04  -0.999900E+04   0.236733E+03   0.114000E+02   0.393562E+00   0.446857E+02   0.300000E+02   0.930347E-02  -0.999900E+04  -0.999900E+04  -0.999900E+04  -0.999900E+04   0.185328E+00  -0.999900E+04  -0.999900E+04  -0.999900E+04  -0.999900E+04
   0.100000E+01   0.100000E+01   0.802777E+03   0.432000E+05   0.100000E+01   0.100000E+01   0.802777E+03   0.432000E+05   0.236753E+03  -0.999900E+04  -0.999900E+04  -0.999900E+04  -0.999900E+04   0.236753E+03  -0.999900E+04  -0.999900E+04  -0.999900E+04  -0.999900E+04   0.236730E+03   0.114000E+02   0.415878E+00   0.443815E+02   0.300000E+02   0.227144E-01  -0.999900E+04  -0.999900E+04  -0.999900E+04  -0.999900E+04   0.452477E+00  -0.999900E+04  -0.999900E+04  -0.999900E+04  -0.999900E+04
   0.100000E+01   0.100000E+01   0.806374E+03   0.432000E+05   0.100000E+01   0.100000E+01   0.806374E+03   0.432000E+05   0.236740E+03  -0.999900E+04  -0.999900E+04  -0.999900E+04  -0.999900E+04   0.236740E+03  -0.999900E+04  -0.999900E+04  -0.999900E+04  -0.999900E+04   0.236729E+03   0.114000E+02   0.421689E+00   0.443815E+02   0.300000E+02   0.107825E-01  -0.999900E+04  -0.999900E+04  -0.999900E+04  -0.999900E+04   0.214790E+00  -0.999900E+04  -0.999900E+04  -0.999900E+04  -0.999900E+04
   0.100000E+01   0.100000E+01   0.812545E+03   0.432000E+05   0.100000E+01   0.100000E+01   0.812545E+03   0.432000E+05   0.236756E+03  -0.999900E+04  -0.999900E+04  -0.999900E+04  -0.999900E+04   0.236756E+03  -0.999900E+04  -0.999900E+04  -0.999900E+04  -0.999900E+04   0.236727E+03   0.114000E+02   0.431774E+00   0.432215E+02   0.300000E+02   0.287356E-01  -0.999900E+04  -0.999900E+04  -0.999900E+04  -0.999900E+04   0.572421E+00  -0.999900E+04  -0.999900E+04  -0.999900E+04  -0.999900E+04
   0.100000E+01   0.100000E+01   0.824506E+03   0.432000E+05   0.100000E+01   0.100000E+01   0.824506E+03   0.432000E+05   0.236708E+03  -0.999900E+04  -0.999900E+04  -0.999900E+04  -0.999900E+04   0.236708E+03  -0.999900E+04  -0.999900E+04  -0.999900E+04  -0.999900E+04   0.236723E+03   0.114000E+02   0.446369E+00   0.411960E+02   0.300000E+02  -0.149309E-01  -0.999900E+04  -0.999900E+04  -0.999900E+04  -0.999900E+04  -0.297428E+00  -0.999900E+04  -0.999900E+04  -0.999900E+04  -0.999900E+04
   0.100000E+01   0.100000E+01   0.828824E+03   0.432000E+05   0.100000E+01   0.100000E+01   0.828824E+03   0.432000E+05   0.236715E+03  -0.999900E+04  -0.999900E+04  -0.999900E+04  -0.999900E+04   0.236715E+03  -0.999900E+04  -0.999900E+04  -0.999900E+04  -0.999900E+04   0.236721E+03   0.114000E+02   0.452044E+00   0.383464E+02   0.300000E+02  -0.600830E-02  -0.999900E+04  -0.999900E+04  -0.999900E+04  -0.999900E+04  -0.119687E+00  -0.999900E+04  -0.999900E+04  -0.999900E+04  -0.999900E+04
   0.100000E+01   0.100000E+01   0.834252E+03   0.432000E+05   0.100000E+01   0.100000E+01   0.834252E+03   0.432000E+05   0.236727E+03  -0.999900E+04  -0.999900E+04  -0.999900E+04  -0.999900E+04   0.236727E+03  -0.999900E+04  -0.999900E+04  -0.999900E+04  -0.999900E+04   0.236718E+03   0.114000E+02   0.459153E+00   0.383464E+02   0.300000E+02   0.867725E-02  -0.999900E+04  -0.999900E+04  -0.999900E+04  -0.999900E+04   0.172853E+00  -0.999900E+04  -0.999900E+04  -0.999900E+04  -0.999900E+04
   0.100000E+01   0.100000E+01   0.839766E+03   0.432000E+05   0.100000E+01   0.100000E+01   0.839766E+03   0.432000E+05   0.236727E+03  -0.999900E+04  -0.999900E+04  -0.999900E+04  -0.999900E+04   0.236727E+03  -0.999900E+04  -0.999900E+04  -0.999900E+04  -0.999900E+04   0.236715E+03   0.114000E+02   0.467028E+00   0.347719E+02   0.300000E+02   0.118511E-01  -0.999900E+04  -0.999900E+04  -0.999900E+04  -0.999900E+04   0.236077E+00  -0.999900E+04  -0.999900E+04  -0.999900E+04  -0.999900E+04
   0.100000E+01   0.100000E+01   0.845928E+03   0.432000E+05   0.100000E+01   0.100000E+01   0.845928E+03   0.432000E+05   0.236700E+03  -0.999900E+04  -0.999900E+04  -0.999900E+04  -0.999900E+04   0.236700E+03  -0.999900E+04  -0.999900E+04  -0.999900E+04  -0.999900E+04   0.236711E+03   0.114000E+02   0.477039E+00   0.347719E+02   0.300000E+02  -0.109375E-01  -0.999900E+04  -0.999900E+04  -0.999900E+04  -0.999900E+04  -0.217878E+00  -0.999900E+04  -0.999900E+04  -0.999900E+04  -0.999900E+04
   0.100000E+01   0.100000E+01   0.853796E+03   0.432000E+05   0.100000E+01   0.100000E+01   0.853796E+03   0.432000E+05   0.236681E+03  -0.999900E+04  -0.999900E+04  -0.999900E+04  -0.999900E+04   0.236681E+03  -0.999900E+04  -0.999900E+04  -0.999900E+04  -0.999900E+04   0.236704E+03   0.114000E+02   0.492447E+00   0.306338E+02   0.300000E+02  -0.231321E-01  -0.999900E+04  -0.999900E+04  -0.999900E+04  -0.999900E+04  -0.460798E+00  -0.999900E+04  -0.999900E+04  -0.999900E+04  -0.999900E+04
   0.100000E+01   0.100000E+01   0.862250E+03   0.432000E+05   0.100000E+01   0.100000E+01   0.862250E+03   0.432000E+05   0.236691E+03  -0.999900E+04  -0.999900E+04  -0.999900E+04  -0.999900E+04   0.236691E+03  -0.999900E+04  -0.999900E+04  -0.999900E+04  -0.999900E+04   0.236694E+03   0.114000E+02   0.513281E+00   0.261587E+02   0.300000E+02  -0.287817E-02  -0.999900E+04  -0.999900E+04  -0.999900E+04  -0.999900E+04  -0.573341E-01  -0.999900E+04  -0.999900E+04  -0.999900E+04  -0.999900E+04
   0.100000E+01   0.100000E+01   0.864604E+03   0.432000E+05   0.100000E+01   0.100000E+01   0.864604E+03   0.432000E+05   0.236650E+03  -0.999900E+04  -0.999900E+04  -0.999900E+04  -0.999900E+04   0.236650E+03  -0.999900E+04  -0.999900E+04  -0.999900E+04  -0.999900E+04   0.236691E+03   0.114000E+02   0.518899E+00   0.261587E+02   0.300000E+02  -0.406281E-01  -0.999900E+04  -0.999900E+04  -0.999900E+04  -0.999900E+04  -0.809323E+00  -0.999900E+04  -0.999900E+04  -0.999900E+04  -0.999900E+04
   0.100000E+01   0.100000E+01   0.876099E+03   0.432000E+05   0.100000E+01   0.100000E+01   0.876099E+03   0.432000E+05   0.236667E+03  -0.999900E+04  -0.999900E+04  -0.999900E+04  -0.999900E+04   0.236667E+03  -0.999900E+04  -0.999900E+04  -0.999900E+04  -0.999900E+04   0.236670E+03   0.114000E+02   0.546168E+00   0.216384E+02   0.300000E+02  -0.312024E-02  -0.999900E+04  -0.999900E+04  -0.999900E+04  -0.999900E+04  -0.621561E-01  -0.999900E+04  -0.999900E+04  -0.999900E+04  -0.999900E+04
   0.100000E+01   0.100000E+01   0.883313E+03   0.432000E+05   0.100000E+01   0.100000E+01   0.883313E+03   0.432000E+05   0.236638E+03  -0.999900E+04  -0.999900E+04  -0.999900E+04  -0.999900E+04   0.236638E+03  -0.999900E+04  -0.999900E+04  -0.999900E+04  -0.999900E+04   0.236649E+03   0.114000E+02   0.575738E+00   0.174256E+02   0.300000E+02  -0.109868E-01  -0.999900E+04  -0.999900E+04  -0.999900E+04  -0.999900E+04  -0.218861E+00  -0.999900E+04  -0.999900E+04  -0.999900E+04  -0.999900E+04
   0.100000E+01   0.100000E+01   0.894028E+03   0.432000E+05   0.100000E+01   0.100000E+01   0.894028E+03   0.432000E+05   0.236590E+03  -0.999900E+04  -0.999900E+04  -0.999900E+04  -0.999900E+04   0.236590E+03  -0.999900E+04  -0.999900E+04  -0.999900E+04  -0.999900E+04   0.236593E+03   0.114000E+02   0.644825E+00   0.139264E+02   0.300000E+02  -0.262085E-02  -0.999900E+04  -0.999900E+04  -0.999900E+04  -0.999900E+04  -0.522081E-01  -0.999900E+04  -0.999900E+04  -0.999900E+04  -0.999900E+04
   0.100000E+01   0.100000E+01   0.900196E+03   0.432000E+05   0.100000E+01   0.100000E+01   0.900196E+03   0.432000E+05   0.236539E+03  -0.999900E+04  -0.999900E+04  -0.999900E+04  -0.999900E+04   0.236539E+03  -0.999900E+04  -0.999900E+04  -0.999900E+04  -0.999900E+04   0.236549E+03   0.114000E+02   0.623380E+00   0.139264E+02   0.300000E+02  -0.102859E-01  -0.999900E+04  -0.999900E+04  -0.999900E+04  -0.999900E+04  -0.204898E+00  -0.999900E+04  -0.999900E+04  -0.999900E+04  -0.999900E+04
   0.100000E+01   0.100000E+01   0.913897E+03   0.432000E+05   0.100000E+01   0.100000E+01   0.913897E+03   0.432000E+05   0.236452E+03  -0.999900E+04  -0.999900E+04  -0.999900E+04  -0.999900E+04   0.236452E+03  -0.999900E+04  -0.999900E+04  -0.999900E+04  -0.999900E+04   0.236420E+03   0.114000E+02   0.639189E+00   0.115862E+02   0.300000E+02   0.315135E-01  -0.999900E+04  -0.999900E+04  -0.999900E+04  -0.999900E+04   0.627759E+00  -0.999900E+04  -0.999900E+04  -0.999900E+04  -0.999900E+04
   0.100000E+01   0.100000E+01   0.920278E+03   0.432000E+05   0.100000E+01   0.100000E+01   0.920278E+03   0.432000E+05   0.236388E+03  -0.999900E+04  -0.999900E+04  -0.999900E+04  -0.999900E+04   0.236388E+03  -0.999900E+04  -0.999900E+04  -0.999900E+04  -0.999900E+04   0.236337E+03   0.114000E+02   0.689377E+00   0.108700E+02   0.300000E+02   0.511165E-01  -0.999900E+04  -0.999900E+04  -0.999900E+04  -0.999900E+04   0.101825E+01  -0.999900E+04  -0.999900E+04  -0.999900E+04  -0.999900E+04
   0.100000E+01   0.100000E+01   0.921538E+03   0.432000E+05   0.100000E+01   0.100000E+01   0.921538E+03   0.432000E+05   0.236330E+03  -0.999900E+04  -0.999900E+04  -0.999900E+04  -0.999900E+04   0.236330E+03  -0.999900E+04  -0.999900E+04  -0.999900E+04  -0.999900E+04   0.236318E+03   0.114000E+02   0.703833E+00   0.108700E+02   0.300000E+02   0.120068E-01  -0.999900E+04  -0.999900E+04  -0.999900E+04  -0.999900E+04   0.239180E+00  -0.999900E+04  -0.999900E+04  -0.999900E+04  -0.999900E+04
   0.100000E+01   0.100000E+01   0.925000E+03   0.432000E+05   0.100000E+01   0.100000E+01   0.925000E+03   0.432000E+05   0.236254E+03  -0.999900E+04  -0.999900E+04  -0.999900E+04  -0.999900E+04   0.236254E+03  -0.999900E+04  -0.999900E+04  -0.999900E+04  -0.999900E+04   0.236261E+03   0.114000E+02   0.755991E+00   0.108700E+02   0.300000E+02  -0.738306E-02  -0.999900E+04  -0.999900E+04  -0.999900E+04  -0.999900E+04  -0.147073E+00  -0.999900E+04  -0.999900E+04  -0.999900E+04  -0.999900E+04
   0.100000E+01   0.100000E+01   0.933614E+03   0.432000E+05   0.100000E+01   0.100000E+01   0.933614E+03   0.432000E+05   0.236181E+03  -0.999900E+04  -0.999900E+04  -0.999900E+04  -0.999900E+04   0.236181E+03  -0.999900E+04  -0.999900E+04  -0.999900E+04  -0.999900E+04   0.236098E+03   0.114000E+02   0.904270E+00   0.122343E+02   0.300000E+02   0.830386E-01  -0.999900E+04  -0.999900E+04  -0.999900E+04  -0.999900E+04   0.165415E+01  -0.999900E+04  -0.999900E+04  -0.999900E+04  -0.999900E+04
   0.100000E+01   0.100000E+01   0.937871E+03   0.432000E+05   0.100000E+01   0.100000E+01   0.937871E+03   0.432000E+05   0.236033E+03  -0.999900E+04  -0.999900E+04  -0.999900E+04  -0.999900E+04   0.236033E+03  -0.999900E+04  -0.999900E+04  -0.999900E+04  -0.999900E+04   0.236013E+03   0.114000E+02   0.987295E+00   0.160904E+02   0.300000E+02   0.198774E-01  -0.999900E+04  -0.999900E+04  -0.999900E+04  -0.999900E+04   0.395964E+00  -0.999900E+04  -0.999900E+04  -0.999900E+04  -0.999900E+04
   0.100000E+01   0.100000E+01   0.944325E+03   0.432000E+05   0.100000E+01   0.100000E+01   0.944325E+03   0.432000E+05   0.235866E+03  -0.999900E+04  -0.999900E+04  -0.999900E+04  -0.999900E+04   0.235866E+03  -0.999900E+04  -0.999900E+04  -0.999900E+04  -0.999900E+04   0.235891E+03   0.114000E+02   0.111582E+01   0.160904E+02   0.300000E+02  -0.246860E-01  -0.999900E+04  -0.999900E+04  -0.999900E+04  -0.999900E+04  -0.491753E+00  -0.999900E+04  -0.999900E+04  -0.999900E+04  -0.999900E+04
   0.100000E+01   0.100000E+01   0.951420E+03   0.432000E+05   0.100000E+01   0.100000E+01   0.951420E+03   0.432000E+05   0.235700E+03  -0.999900E+04  -0.999900E+04  -0.999900E+04  -0.999900E+04   0.235700E+03  -0.999900E+04  -0.999900E+04  -0.999900E+04  -0.999900E+04   0.235792E+03   0.114000E+02   0.116318E+01   0.227574E+02   0.300000E+02  -0.921448E-01  -0.999900E+04  -0.999900E+04  -0.999900E+04  -0.999900E+04  -0.183555E+01  -0.999900E+04  -0.999900E+04  -0.999900E+04  -0.999900E+04
   0.100000E+01   0.100000E+01   0.957414E+03   0.432000E+05   0.100000E+01   0.100000E+01   0.957414E+03   0.432000E+05   0.235725E+03  -0.999900E+04  -0.999900E+04  -0.999900E+04  -0.999900E+04   0.235725E+03  -0.999900E+04  -0.999900E+04  -0.999900E+04  -0.999900E+04   0.235749E+03   0.114000E+02   0.108009E+01   0.227574E+02   0.300000E+02  -0.238251E-01  -0.999900E+04  -0.999900E+04  -0.999900E+04  -0.999900E+04  -0.474602E+00  -0.999900E+04  -0.999900E+04  -0.999900E+04  -0.999900E+04
   0.100000E+01   0.100000E+01   0.962893E+03   0.432000E+05   0.100000E+01   0.100000E+01   0.962893E+03   0.432000E+05   0.235728E+03  -0.999900E+04  -0.999900E+04  -0.999900E+04  -0.999900E+04   0.235728E+03  -0.999900E+04  -0.999900E+04  -0.999900E+04  -0.999900E+04   0.235725E+03   0.114000E+02   0.102918E+01   0.324033E+02   0.300000E+02   0.331433E-02  -0.999900E+04  -0.999900E+04  -0.999900E+04  -0.999900E+04   0.660224E-01  -0.999900E+04  -0.999900E+04  -0.999900E+04  -0.999900E+04
   0.100000E+01   0.100000E+01   0.967659E+03   0.432000E+05   0.100000E+01   0.100000E+01   0.967659E+03   0.432000E+05   0.235728E+03  -0.999900E+04  -0.999900E+04  -0.999900E+04  -0.999900E+04   0.235728E+03  -0.999900E+04  -0.999900E+04  -0.999900E+04  -0.999900E+04   0.235715E+03   0.114000E+02   0.989158E+00   0.324033E+02   0.300000E+02   0.131257E-01  -0.999900E+04  -0.999900E+04  -0.999900E+04  -0.999900E+04   0.261468E+00  -0.999900E+04  -0.999900E+04  -0.999900E+04  -0.999900E+04
   0.100000E+01   0.100000E+01   0.973707E+03   0.432000E+05   0.100000E+01   0.100000E+01   0.973707E+03   0.432000E+05   0.235753E+03  -0.999900E+04  -0.999900E+04  -0.999900E+04  -0.999900E+04   0.235753E+03  -0.999900E+04  -0.999900E+04  -0.999900E+04  -0.999900E+04   0.235708E+03   0.114000E+02   0.931165E+00   0.449719E+02   0.300000E+02   0.445955E-01  -0.999900E+04  -0.999900E+04  -0.999900E+04  -0.999900E+04   0.888355E+00  -0.999900E+04  -0.999900E+04  -0.999900E+04  -0.999900E+04
   0.100000E+01   0.100000E+01   0.980498E+03   0.432000E+05   0.100000E+01   0.100000E+01   0.980498E+03   0.432000E+05   0.235734E+03  -0.999900E+04  -0.999900E+04  -0.999900E+04  -0.999900E+04   0.235734E+03  -0.999900E+04  -0.999900E+04  -0.999900E+04  -0.999900E+04   0.235708E+03   0.114000E+02   0.857762E+00   0.449719E+02   0.300000E+02   0.257938E-01  -0.999900E+04  -0.999900E+04  -0.999900E+04  -0.999900E+04   0.513820E+00  -0.999900E+04  -0.999900E+04  -0.999900E+04  -0.999900E+04
   0.100000E+01   0.100000E+01   0.985340E+03   0.432000E+05   0.100000E+01   0.100000E+01   0.985340E+03   0.432000E+05   0.235736E+03  -0.999900E+04  -0.999900E+04  -0.999900E+04  -0.999900E+04   0.235736E+03  -0.999900E+04  -0.999900E+04  -0.999900E+04  -0.999900E+04   0.235710E+03   0.114000E+02   0.806924E+00   0.600945E+02   0.300000E+02   0.259475E-01  -0.999900E+04  -0.999900E+04  -0.999900E+04  -0.999900E+04   0.516882E+00  -0.999900E+04  -0.999900E+04  -0.999900E+04  -0.999900E+04
   0.100000E+01   0.100000E+01   0.990341E+03   0.432000E+05   0.100000E+01   0.100000E+01   0.990341E+03   0.432000E+05   0.235706E+03  -0.999900E+04  -0.999900E+04  -0.999900E+04  -0.999900E+04   0.235706E+03  -0.999900E+04  -0.999900E+04  -0.999900E+04  -0.999900E+04   0.235712E+03   0.114000E+02   0.757831E+00   0.600945E+02   0.300000E+02  -0.615820E-02  -0.999900E+04  -0.999900E+04  -0.999900E+04  -0.999900E+04  -0.122673E+00  -0.999900E+04  -0.999900E+04  -0.999900E+04  -0.999900E+04
   0.100000E+01   0.100000E+01   0.996731E+03   0.432000E+05   0.100000E+01   0.100000E+01   0.996731E+03   0.432000E+05   0.235709E+03  -0.999900E+04  -0.999900E+04  -0.999900E+04  -0.999900E+04   0.235709E+03  -0.999900E+04  -0.999900E+04  -0.999900E+04  -0.999900E+04   0.235714E+03   0.114000E+02   0.718525E+00   0.769847E+02   0.300000E+02  -0.456201E-02  -0.999900E+04  -0.999900E+04  -0.999900E+04  -0.999900E+04  -0.908766E-01  -0.999900E+04  -0.999900E+04  -0.999900E+04  -0.999900E+04
   0.100000E+01   0.100000E+01   0.100255E+04   0.432000E+05   0.100000E+01   0.100000E+01   0.100255E+04   0.432000E+05   0.235735E+03  -0.999900E+04  -0.999900E+04  -0.999900E+04  -0.999900E+04   0.235735E+03  -0.999900E+04  -0.999900E+04  -0.999900E+04  -0.999900E+04   0.235714E+03   0.114000E+02   0.692951E+00   0.769847E+02   0.300000E+02   0.205835E-01  -0.999900E+04  -0.999900E+04  -0.999900E+04  -0.999900E+04   0.410029E+00  -0.999900E+04  -0.999900E+04  -0.999900E+04  -0.999900E+04
   0.100000E+01   0.100000E+01   0.100924E+04   0.432000E+05   0.100000E+01   0.100000E+01   0.100924E+04   0.432000E+05   0.235718E+03  -0.999900E+04  -0.999900E+04  -0.999900E+04  -0.999900E+04   0.235718E+03  -0.999900E+04  -0.999900E+04  -0.999900E+04  -0.999900E+04   0.235716E+03   0.114000E+02   0.660135E+00   0.943125E+02   0.300000E+02   0.213391E-02  -0.999900E+04  -0.999900E+04  -0.999900E+04  -0.999900E+04   0.425081E-01  -0.999900E+04  -0.999900E+04  -0.999900E+04  -0.999900E+04
   0.100000E+01   0.100000E+01   0.101458E+04   0.432000E+05   0.100000E+01   0.100000E+01   0.101458E+04   0.432000E+05   0.235723E+03  -0.999900E+04  -0.999900E+04  -0.999900E+04  -0.999900E+04   0.235723E+03  -0.999900E+04  -0.999900E+04  -0.999900E+04  -0.999900E+04   0.235717E+03   0.114000E+02   0.632667E+00   0.110057E+03   0.300000E+02   0.579114E-02  -0.999900E+04  -0.999900E+04  -0.999900E+04  -0.999900E+04   0.115361E+00  -0.999900E+04  -0.999900E+04  -0.999900E+04  -0.999900E+04
   0.100000E+01   0.100000E+01   0.101971E+04   0.432000E+05   0.100000E+01   0.100000E+01   0.101971E+04   0.432000E+05   0.235749E+03  -0.999900E+04  -0.999900E+04  -0.999900E+04  -0.999900E+04   0.235749E+03  -0.999900E+04  -0.999900E+04  -0.999900E+04  -0.999900E+04   0.235719E+03   0.114000E+02   0.606245E+00   0.110057E+03   0.300000E+02   0.304636E-01  -0.999900E+04  -0.999900E+04  -0.999900E+04  -0.999900E+04   0.606844E+00  -0.999900E+04  -0.999900E+04  -0.999900E+04  -0.999900E+04
   0.100000E+01   0.100000E+01   0.102562E+04   0.432000E+05   0.100000E+01   0.100000E+01   0.102562E+04   0.432000E+05   0.235734E+03  -0.999900E+04  -0.999900E+04  -0.999900E+04  -0.999900E+04   0.235734E+03  -0.999900E+04  -0.999900E+04  -0.999900E+04  -0.999900E+04   0.235719E+03   0.114000E+02   0.586422E+00   0.121334E+03   0.300000E+02   0.145634E-01  -0.999900E+04  -0.999900E+04  -0.999900E+04  -0.999900E+04   0.290106E+00  -0.999900E+04  -0.999900E+04  -0.999900E+04  -0.999900E+04
   0.100000E+01   0.100000E+01   0.103119E+04   0.432000E+05   0.100000E+01   0.100000E+01   0.103119E+04   0.432000E+05   0.235719E+03  -0.999900E+04  -0.999900E+04  -0.999900E+04  -0.999900E+04   0.235719E+03  -0.999900E+04  -0.999900E+04  -0.999900E+04  -0.999900E+04   0.235720E+03   0.114000E+02   0.571815E+00   0.121334E+03   0.300000E+02  -0.106226E-02  -0.999900E+04  -0.999900E+04  -0.999900E+04  -0.999900E+04  -0.211604E-01  -0.999900E+04  -0.999900E+04  -0.999900E+04  -0.999900E+04
   0.100000E+01   0.100000E+01   0.103694E+04   0.432000E+05   0.100000E+01   0.100000E+01   0.103694E+04   0.432000E+05   0.235745E+03  -0.999900E+04  -0.999900E+04  -0.999900E+04  -0.999900E+04   0.235745E+03  -0.999900E+04  -0.999900E+04  -0.999900E+04  -0.999900E+04   0.235721E+03   0.114000E+02   0.556746E+00   0.124197E+03   0.300000E+02   0.243121E-01  -0.999900E+04  -0.999900E+04  -0.999900E+04  -0.999900E+04   0.484305E+00  -0.999900E+04  -0.999900E+04  -0.999900E+04  -0.999900E+04
   0.100000E+01   0.100000E+01   0.104365E+04   0.432000E+05   0.100000E+01   0.100000E+01   0.104365E+04   0.432000E+05   0.235700E+03  -0.999900E+04  -0.999900E+04  -0.999900E+04  -0.999900E+04   0.235700E+03  -0.999900E+04  -0.999900E+04  -0.999900E+04  -0.999900E+04   0.235721E+03   0.114000E+02   0.539297E+00   0.124197E+03   0.300000E+02  -0.214203E-01  -0.999900E+04  -0.999900E+04  -0.999900E+04  -0.999900E+04  -0.426698E+00  -0.999900E+04  -0.999900E+04  -0.999900E+04  -0.999900E+04
   0.100000E+01   0.100000E+01   0.105003E+04   0.432000E+05   0.100000E+01   0.100000E+01   0.105003E+04   0.432000E+05   0.235727E+03  -0.999900E+04  -0.999900E+04  -0.999900E+04  -0.999900E+04   0.235727E+03  -0.999900E+04  -0.999900E+04  -0.999900E+04  -0.999900E+04   0.235722E+03   0.114000E+02   0.525768E+00   0.113410E+03   0.300000E+02   0.509143E-02  -0.999900E+04  -0.999900E+04  -0.999900E+04  -0.999900E+04   0.101423E+00  -0.999900E+04  -0.999900E+04  -0.999900E+04  -0.999900E+04
   0.100000E+01   0.100000E+01   0.105693E+04   0.432000E+05   0.100000E+01   0.100000E+01   0.105693E+04   0.432000E+05   0.235724E+03  -0.999900E+04  -0.999900E+04  -0.999900E+04  -0.999900E+04   0.235724E+03  -0.999900E+04  -0.999900E+04  -0.999900E+04  -0.999900E+04   0.235722E+03   0.114000E+02   0.521143E+00   0.113410E+03   0.300000E+02   0.218298E-02  -0.999900E+04  -0.999900E+04  -0.999900E+04  -0.999900E+04   0.434857E-01  -0.999900E+04  -0.999900E+04  -0.999900E+04  -0.999900E+04
   0.100000E+01   0.100000E+01   0.106299E+04   0.432000E+05   0.100000E+01   0.100000E+01   0.106299E+04   0.432000E+05   0.235732E+03  -0.999900E+04  -0.999900E+04  -0.999900E+04  -0.999900E+04   0.235732E+03  -0.999900E+04  -0.999900E+04  -0.999900E+04  -0.999900E+04   0.235722E+03   0.114000E+02   0.517371E+00   0.821796E+02   0.300000E+02   0.104119E-01  -0.999900E+04  -0.999900E+04  -0.999900E+04  -0.999900E+04   0.207407E+00  -0.999900E+04  -0.999900E+04  -0.999900E+04  -0.999900E+04
   0.100000E+01   0.100000E+01   0.106879E+04   0.432000E+05   0.100000E+01   0.100000E+01   0.106879E+04   0.432000E+05   0.235712E+03  -0.999900E+04  -0.999900E+04  -0.999900E+04  -0.999900E+04   0.235712E+03  -0.999900E+04  -0.999900E+04  -0.999900E+04  -0.999900E+04   0.235719E+03   0.114000E+02   0.516197E+00   0.218616E+02   0.300000E+02  -0.667371E-02  -0.999900E+04  -0.999900E+04  -0.999900E+04  -0.999900E+04  -0.132942E+00  -0.999900E+04  -0.999900E+04  -0.999900E+04  -0.999900E+04
   0.100000E+01   0.100000E+01   0.107788E+04   0.432000E+05   0.100000E+01   0.100000E+01   0.107788E+04   0.432000E+05   0.235707E+03  -0.999900E+04  -0.999900E+04  -0.999900E+04  -0.999900E+04   0.235707E+03  -0.999900E+04  -0.999900E+04  -0.999900E+04  -0.999900E+04   0.235708E+03   0.114000E+02   0.519806E+00   0.218616E+02   0.300000E+02  -0.135876E-02  -0.999900E+04  -0.999900E+04  -0.999900E+04  -0.999900E+04  -0.270670E-01  -0.999900E+04  -0.999900E+04  -0.999900E+04  -0.999900E+04
