1 -5.08691301339482e-15 0.958460738186894 -4.97052002542682e-15 0.957152046568273 -4.68958073489614e-15 0.926028258258659 -3.04385482289007e-15 -0.885501869924057 4.5699614359337e-15 -0.954250051488636 4.98883572069613e-15 -0.955419443804985 4.84233757591924e-15 0 0 0 0 0 0 0
-5.0823226764721e-15 1 -2.55067566999814e-15 0.998828330079953 1.26390464064006e-15 0.99835624627989 6.17385976501795e-15 0.945285010070925 3.48622562648098e-15 -0.997490469242098 -1.66127763993299e-15 -0.99836622421254 -1.80164521281866e-15 -0.995996668434746 0 0 0 0 0 0 0
0.958460738186894 -2.55006112339652e-15 1 -2.40740749489931e-15 0.980759437156036 -2.05286968715857e-15 0.94823949412857 -1.40313873549667e-15 -0.909207605111706 2.16760997744965e-15 -0.97850561045103 2.20380410312955e-15 -0.978836775948883 2.31415769250485e-15 0 0 0 0 0 0 0
-4.98746983376525e-15 0.998828330079953 -2.41249813380105e-15 1 1.46961905959649e-15 0.9985301951673 6.32612139901948e-15 0.944917900596491 3.47397058723295e-15 -0.997833888672716 -1.76606384635325e-15 -0.998634426627031 -1.97565839739481e-15 -0.996073629153344 0 0 0 0 0 0 0
0.957152046568273 1.26014102112276e-15 0.980759437156036 1.5531664024345e-15 1 1.79686626375082e-15 0.944255308164293 2.18984369835244e-15 -0.913549431829502 -1.66589943884391e-15 -0.978955551748553 -1.59028836285567e-15 -0.977097979591373 -1.56087421731451e-15 0 0 0 0 0 0 0
-4.68968553585116e-15 0.99835624627989 -2.04029829112201e-15 0.9985301951673 1.80189776881738e-15 1 6.67729724203521e-15 0.942665056534268 3.007551021817e-15 -0.997738544605908 -2.09686046908921e-15 -0.998321076681031 -2.33798637484207e-15 -0.995465699721807 0 0 0 0 0 0 0
0.92602825825866 6.1666796516275e-15 0.948239494128569 6.33611649005452e-15 0.944255308164293 6.6979879740012e-15 1 6.82730884420368e-15 -0.907381695451056 -6.56569167958639e-15 -0.954746642480263 -6.51693226272498e-15 -0.947932594500744 -6.48717714717481e-15 0 0 0 0 0 0 0
-3.09049592698943e-15 0.945285010070925 -1.4713871036733e-15 0.944917900596491 2.21658797689335e-15 0.942665056534268 6.82730884420368e-15 1 2.37630554042562e-15 -0.949566802637207 -2.48047959327636e-15 -0.947328464530168 -2.59412155287931e-15 -0.94535430368391 0 0 0 0 0 0 0
-0.885501869924057 3.49207527438003e-15 -0.909207605111706 3.42249869678599e-15 -0.913549431829502 2.96272429231026e-15 -0.907381695451056 2.36608661557601e-15 1 -3.17389562378829e-15 0.8826988302388 -3.24307192599426e-15 0.882930110685089 -3.2261773911855e-15 0 0 0 0 0 0 0
4.56996143593371e-15 -0.997490469242098 2.23016459984333e-15 -0.997833888672717 -1.73354659119456e-15 -0.997738544605908 -6.56315396135062e-15 -0.949566802637207 -3.24419002577428e-15 1 1.95830252654496e-15 0.996774794906782 2.18898989309625e-15 0.992527737847825 0 0 0 0 0 0 0
-0.954250051488636 -1.51460083002336e-15 -0.978505610451029 -1.79655752623439e-15 -0.978955551748553 -2.09686046908921e-15 -0.954746642480263 -2.48144799865652e-15 0.8826988302388 1.93855310663077e-15 1 1.90199937452109e-15 0.953939201416946 1.84396695566882e-15 0 0 0 0 0 0 0
4.94733339647907e-15 -0.99836622421254 2.2048676063069e-15 -0.998634426627031 -1.57657102588749e-15 -0.998321076681031 -6.50800140582156e-15 -0.947328464530168 -3.24741039911345e-15 0.996774794906782 1.90728765263562e-15 1 2.12175816797636e-15 0.993027951804043 0 0 0 0 0 0 0
-0.955419443804985 -1.80170777900149e-15 -0.978836775948883 -1.96258227940001e-15 -0.977097979591373 -2.33861646829627e-15 -0.947932594500744 -2.59412155287931e-15 0.882930110685089 2.12349669372603e-15 0.953939201416946 2.11051862715559e-15 1 2.03250512654207e-15 0 0 0 0 0 0 0
4.81532114251365e-15 -0.995996668434745 2.31884018051573e-15 -0.996073629153344 -1.55057881891517e-15 -0.995465699721807 -6.38777386597559e-15 -0.94535430368391 -3.2933328688755e-15 0.992527737847825 1.8439907406933e-15 0.993027951804043 2.04604155736615e-15 1 0 0 0 0 0 0 0
0 0 0 0 0 0 0 0 0 0 0 0 0 0 1 0 0 0 0 0 0
0 0 0 0 0 0 0 0 0 0 0 0 0 0 0 1 0 0 0 0 0
0 0 0 0 0 0 0 0 0 0 0 0 0 0 0 0 1 0 0 0 0
0 0 0 0 0 0 0 0 0 0 0 0 0 0 0 0 0 1 0 0 0
0 0 0 0 0 0 0 0 0 0 0 0 0 0 0 0 0 0 1 0 0
0 0 0 0 0 0 0 0 0 0 0 0 0 0 0 0 0 0 0 1 0
0 0 0 0 0 0 0 0 0 0 0 0 0 0 0 0 0 0 0 0 1
