"Durance" "SU1" "Km_a0" "Gaussian" 30.0000000000001 13.0783126077839 0 -1 1 -5.1787197518492e-15 0.958460738186894 -4.97570038573238e-15 0.957152046568273 -4.74100307016081e-15 0.92602825825866 -3.03121717480077e-15 -0.885501869924057 4.61013261783212e-15 -0.954250051488636 5.01304372108885e-15 -0.955419443804985 4.80342988087905e-15 0 0 0 0 0 0 0
"Durance" "SU1" "Km_a1" "Gaussian" 3.25295346215171e-13 155.343554664211 83.0048796923077 -0.846153846153846 -5.19183500019983e-15 1 -2.57976420914119e-15 0.998828330079953 1.28979188802536e-15 0.99835624627989 6.16846533086914e-15 0.945285010070925 3.63090082446736e-15 -0.997490469242098 -1.59929005855374e-15 -0.99836622421254 -1.79924299224998e-15 -0.995996668434745 0 0 0 0 0 0 0
"Durance" "SU1" "Km_a2" "Gaussian" -1.64313007644523e-14 55.8217448140742 166.009759384615 -0.692307692307692 0.958460738186894 -2.59205514117347e-15 1 -2.4093437683405e-15 0.980759437156036 -2.06324763649084e-15 0.94823949412857 -1.43369855412258e-15 -0.909207605111706 2.16659636088308e-15 -0.97850561045103 2.28199611687246e-15 -0.978836775948883 2.36090667750179e-15 0 0 0 0 0 0 0
"Durance" "SU1" "Km_a3" "Gaussian" 6.17284001691587e-14 282.470323986212 249.014639076923 -0.538461538461538 -4.93721770917677e-15 0.998828330079953 -2.29397003522295e-15 1 1.55251941437662e-15 0.9985301951673 6.3510371454988e-15 0.944917900596491 3.4104952910841e-15 -0.997833888672716 -1.83512758608653e-15 -0.998634426627031 -1.94510016639359e-15 -0.996073629153344 0 0 0 0 0 0 0
"Durance" "SU1" "Km_a4" "Gaussian" 1.81632486828676e-13 68.6466867428618 332.019518769231 -0.384615384615385 0.957152046568273 1.30978123649903e-15 0.980759437156036 1.45724612868415e-15 1 1.78581159455034e-15 0.944255308164293 2.1692889419609e-15 -0.913549431829502 -1.68374586448037e-15 -0.978955551748553 -1.62129682840106e-15 -0.977097979591374 -1.63668098918877e-15 0 0 0 0 0 0 0
"Durance" "SU1" "Km_a5" "Gaussian" 3.42392780794398e-13 243.004619881705 415.024398461538 -0.230769230769231 -4.74100307016081e-15 0.99835624627989 -1.95010507216175e-15 0.9985301951673 1.80109246178953e-15 1 6.7300938700501e-15 0.942665056534268 3.03438161904001e-15 -0.997738544605907 -2.07683438954987e-15 -0.998321076681031 -2.3705395624408e-15 -0.995465699721807 0 0 0 0 0 0 0
"Durance" "SU1" "Km_a6" "Gaussian" 1.28785870856518e-14 38.2223084301725 498.029278153846 -0.0769230769230769 0.92602825825866 6.16846533086914e-15 0.94823949412857 6.32356092816791e-15 0.944255308164293 6.76069368162313e-15 1 6.90586947647699e-15 -0.907381695451056 -6.50974953149827e-15 -0.954746642480263 -6.4594641400421e-15 -0.947932594500744 -6.39188451101058e-15 0 0 0 0 0 0 0
"Durance" "SU1" "Km_a7" "Gaussian" 6.21724893790088e-15 35.0137257755073 581.034157846154 0.0769230769230769 -3.02939880816921e-15 0.945285010070925 -1.44096929163952e-15 0.944917900596491 2.1921994120063e-15 0.942665056534268 6.90653313546135e-15 1 2.42723795951733e-15 -0.949566802637207 -2.52794154446026e-15 -0.947328464530167 -2.5706165861545e-15 -0.94535430368391 0 0 0 0 0 0 0
"Durance" "SU1" "Km_a8" "Gaussian" -3.86357612569554e-14 29.3223320135813 664.039037538461 0.230769230769231 -0.885501869924057 3.60438242065838e-15 -0.909207605111706 3.42419432026035e-15 -0.913549431829502 3.03039286591045e-15 -0.907381695451056 2.42723795951734e-15 1 -3.15432345696081e-15 0.8826988302388 -3.25377650585015e-15 0.882930110685089 -3.30438031106792e-15 0 0 0 0 0 0 0
"Durance" "SU1" "Km_a9" "Gaussian" -1.93400850889702e-13 219.761264516972 747.043917230769 0.384615384615385 4.61013261783211e-15 -0.997490469242098 2.14805260780371e-15 -0.997833888672716 -1.61027010631361e-15 -0.997738544605908 -6.57742201778562e-15 -0.949566802637207 -3.26901704373061e-15 1 1.95737516527457e-15 0.996774794906782 2.11745831364225e-15 0.992527737847825 0 0 0 0 0 0 0
"Durance" "SU1" "Km_a10" "Gaussian" -1.13686837721616e-13 78.5825200238864 830.048796923077 0.538461538461538 -0.954250051488636 -1.63625114584791e-15 -0.97850561045103 -1.81448086274222e-15 -0.978955551748553 -2.08274134173799e-15 -0.954746642480263 -2.51821714043448e-15 0.8826988302388 1.95079523972699e-15 1 1.85942333949691e-15 0.953939201416946 1.91117989758e-15 0 0 0 0 0 0 0
"Durance" "SU1" "Km_a11" "Gaussian" -2.82662782069565e-13 314.17911551125 913.053676615384 0.692307692307692 4.99921299048429e-15 -0.99836622421254 2.28928871008862e-15 -0.99863442662703 -1.61602300844651e-15 -0.998321076681031 -6.46892659557072e-15 -0.947328464530167 -3.2661110259543e-15 0.996774794906782 1.85028577050989e-15 1 2.08567409873492e-15 0.993027951804043 0 0 0 0 0 0 0
"Durance" "SU1" "Km_a12" "Gaussian" -3.19189119579733e-14 69.6084502257088 996.058556307692 0.846153846153846 -0.955419443804985 -1.80449983501707e-15 -0.978836775948883 -1.89884445328494e-15 -0.977097979591374 -2.38734205455286e-15 -0.947932594500744 -2.57098100424326e-15 0.882930110685089 2.17691313292869e-15 0.953939201416946 2.09087251327894e-15 1 2.02446346435004e-15 0 0 0 0 0 0 0
"Durance" "SU1" "Km_a13" "Gaussian" -1.02640118626596e-13 180.981970586844 1079.063436 1 4.82144230227773e-15 -0.995996668434745 2.36090667750179e-15 -0.996073629153343 -1.56401028273954e-15 -0.995465699721807 -6.37188498912001e-15 -0.94535430368391 -3.32588549295202e-15 0.992527737847825 1.86371743012187e-15 0.993027951804043 2.04251210763198e-15 1 0 0 0 0 0 0 0
"Durance" "SU1" "Kf_SU1_Rh_a0" "FIX" 30 NA 1079.063436 1 0 0 0 0 0 0 0 0 0 0 0 0 0 0 1 0 0 0 0 0 0
"event_1" "node_1" "Q_mult_e1_n1" "FIX" 1 NA NA NA 0 0 0 0 0 0 0 0 0 0 0 0 0 0 0 1 0 0 0 0 0
"Y_1" NA "intercept" "Uniform" -10 10 NA NA 0 0 0 0 0 0 0 0 0 0 0 0 0 0 0 0 1 0 0 0 0
"Y_2" NA "intercept" "Exponential" 0 0.01 NA NA 0 0 0 0 0 0 0 0 0 0 0 0 0 0 0 0 0 1 0 0 0
"Y_3" NA "intercept" "Exponential" 0 0.01 NA NA 0 0 0 0 0 0 0 0 0 0 0 0 0 0 0 0 0 0 1 0 0
"Y_4" NA "intercept" "Exponential" 0 0.01 NA NA 0 0 0 0 0 0 0 0 0 0 0 0 0 0 0 0 0 0 0 1 0
"Y_5" NA "intercept" "Exponential" 0 0.01 NA NA 0 0 0 0 0 0 0 0 0 0 0 0 0 0 0 0 0 0 0 0 1
