"X2" "X3" "X4" "X5" "X6" "X7" "X8" "X9" "X10" "X11" "X12" "X13" "X14" "X15"
1 1 1 1 1 0 0 0 0 0 0 0 0 0
1 0.986200862884973 0.958888212932599 0.918626729750617 0.866247169011755 0 0 0 0 0 0 0 0 0
1 0.972401725769947 0.918347674420556 0.840070288592311 0.740789391376219 0 0 0 0 0 0 0 0 0
1 0.958602588654921 0.878378384463873 0.764291262839379 0.623356481979388 0 0 0 0 0 0 0 0 0
1 0.944803451539894 0.838980343062546 0.6912502388061 0.513682062831205 0 0 0 0 0 0 0 0 0
1 0.931004314424867 0.800153550216576 0.620907802806767 0.411503563065607 0 0 0 0 0 0 0 0 0
1 0.917205177309842 0.761898005925967 0.553224541155674 0.316562218940505 0 0 0 0 0 0 0 0 0
1 0.903406040194815 0.724213710190713 0.488161040167102 0.228603073837766 0 0 0 0 0 0 0 0 0
1 0.889606903079788 0.687100663010817 0.425677886155345 0.14737497826325 0 0 0 0 0 0 0 0 0
1 0.875807765964762 0.65055886438628 0.365735665434692 0.0726305898467787 0 0 0 0 0 0 0 0 0
1 0.862008628849736 0.614588314317102 0.308294964319435 0.00412637334215321 0 0 0 0 0 0 0 0 0
1 0.848209491734709 0.57918901280328 0.253316369123857 -0.0583773993728596 0 0 0 0 0 0 0 0 0
1 0.834410354619682 0.544360959844816 0.200760466162251 -0.115116649296512 0 0 0 0 0 0 0 0 0
1 0.820611217504656 0.510104155441711 0.150587841748908 -0.166323490303086 0 0 0 0 0 0 0 0 0
1 0.80681208038963 0.476418599593963 0.102759082198113 -0.212226229142893 0 0 0 0 0 0 0 0 0
1 0.793012943274603 0.443304292301573 0.0572347738241573 -0.253049365442265 0 0 0 0 0 0 0 0 0
1 0.779213806159576 0.410761233564541 0.01397550294133 -0.289013591703566 0 0 0 0 0 0 0 0 0
1 0.76541466904455 0.378789423382867 -0.0270581441360787 -0.320335793305184 0 0 0 0 0 0 0 0 0
1 0.751615531929524 0.347388861756551 -0.065905581093779 -0.347229048501532 0 0 0 0 0 0 0 0 0
1 0.737816394814497 0.316559548685593 -0.102606221617484 -0.369902628423056 0 0 0 0 0 0 0 0 0
1 0.724017257699471 0.286301484169994 -0.137199479392902 -0.388561997076222 0 0 0 0 0 0 0 0 0
1 0.710218120584444 0.256614668209751 -0.169724768105746 -0.403408811343527 0 0 0 0 0 0 0 0 0
1 0.696418983469418 0.227499100804866 -0.200221501441726 -0.414640920983493 0 0 0 0 0 0 0 0 0
1 0.682619846354391 0.198954781955339 -0.228729093086552 -0.422452368630667 0 0 0 0 0 0 0 0 0
1 0.668820709239365 0.17098171166117 -0.255286956725936 -0.427033389795627 0 0 0 0 0 0 0 0 0
1 0.655021572124339 0.14357988992236 -0.279934506045586 -0.428570412864973 0 0 0 0 0 0 0 0 0
1 0.641222435009312 0.116749316738907 -0.302711154731216 -0.427246059101334 0 0 0 0 0 0 0 0 0
1 0.627423297894285 0.0904899921108117 -0.323656316468535 -0.423239142643367 0 0 0 0 0 0 0 0 0
1 0.613624160779259 0.0648019160380756 -0.342809404943253 -0.416724670505753 0 0 0 0 0 0 0 0 0
1 0.599825023664233 0.0396850885206959 -0.360209833841082 -0.407873842579201 0 0 0 0 0 0 0 0 0
1 0.586025886549206 0.0151395095586744 -0.375897016847734 -0.396854051630447 0 0 0 0 0 0 0 0 0
1 0.57222674943418 -0.00883482084798914 -0.389910367648917 -0.383828883302253 0 0 0 0 0 0 0 0 0
1 0.558427612319153 -0.032237902699294 -0.402289299930342 -0.368958116113408 0 0 0 0 0 0 0 0 0
1 0.544628475204127 -0.0550697359952417 -0.413073227377722 -0.352397721458727 0 0 0 0 0 0 0 0 0
1 0.5308293380891 -0.0773303207358315 -0.422301563676766 -0.334299863609053 0 0 0 0 0 0 0 0 0
1 0.517030200974073 -0.0990196569210638 -0.430013722513185 -0.314812899711254 0 0 0 0 0 0 0 0 0
1 0.503231063859048 -0.120137744550937 -0.436249117572689 -0.294081379788229 0 0 0 0 0 0 0 0 0
1 0.489431926744021 -0.140684583625453 -0.44104716254099 -0.272246046738896 0 0 0 0 0 0 0 0 0
1 0.475632789628994 -0.160660174144611 -0.444447271103799 -0.249443836338205 0 0 0 0 0 0 0 0 0
1 0.461833652513968 -0.180064516108411 -0.446488856946825 -0.225807877237135 0 0 0 0 0 0 0 0 0
1 0.448034515398942 -0.198897609516853 -0.44721133375578 -0.201467490962684 0 0 0 0 0 0 0 0 0
1 0.434235378283915 -0.217159454369938 -0.446654115216374 -0.176548191917883 0 0 0 0 0 0 0 0 0
1 0.420436241168888 -0.234850050667664 -0.444856615014319 -0.151171687381789 0 0 0 0 0 0 0 0 0
1 0.406637104053862 -0.251969398410033 -0.441858246835324 -0.125455877509483 0 0 0 0 0 0 0 0 0
1 0.392837966938836 -0.268517497597043 -0.437698424365101 -0.099514855332074 0 0 0 0 0 0 0 0 0
1 0.379038829823809 -0.284494348228696 -0.43241656128936 -0.0734589067566983 0 0 0 0 0 0 0 0 0
1 0.365239692708782 -0.299899950304991 -0.426052071293812 -0.0473945105665177 0 0 0 0 0 0 0 0 0
1 0.351440555593757 -0.314734303825928 -0.418644368064168 -0.0214243384207238 0 0 0 0 0 0 0 0 0
1 0.33764141847873 -0.328997408791507 -0.410232865286138 0.00435274514547054 0 0 0 0 0 0 0 0 0
1 0.323842281363703 -0.342689265201728 -0.400856976645433 0.0298416827208219 0 0 0 0 0 0 0 0 0
1 0.310043144248677 -0.355809873056591 -0.390556115827765 0.0549512240180602 0 0 0 0 0 0 0 0 0
1 0.296244007133651 -0.368359232356096 -0.379369696518843 0.0795939258738889 0 0 0 0 0 0 0 0 0
1 0.282444870018624 -0.380337343100244 -0.367337132404378 0.103686152248988 0 0 0 0 0 0 0 0 0
1 0.268645732903597 -0.391744205289034 -0.354497837170081 0.127148074228006 0 0 0 0 0 0 0 0 0
1 0.254846595788571 -0.402579818922465 -0.340891224501664 0.149903670019567 0 0 0 0 0 0 0 0 0
1 0.241047458673545 -0.412844184000539 -0.326556708084835 0.17188072495627 0 0 0 0 0 0 0 0 0
1 0.227248321558518 -0.422537300523254 -0.311533701605307 0.193010831494684 0 0 0 0 0 0 0 0 0
1 0.213449184443491 -0.431659168490613 -0.295861618748789 0.213229389215354 0 0 0 0 0 0 0 0 0
1 0.199650047328465 -0.440209787902612 -0.279579873200994 0.232475604822796 0 0 0 0 0 0 0 0 0
1 0.185850910213439 -0.448189158759254 -0.262727878647631 0.250692492145502 0 0 0 0 0 0 0 0 0
1 0.172051773098412 -0.455597281060539 -0.24534504877441 0.267826872135935 0 0 0 0 0 0 0 0 0
1 0.158252635983386 -0.462434154806465 -0.227470797267044 0.283829372870533 0 0 0 0 0 0 0 0 0
1 0.14445349886836 -0.468699779997033 -0.209144537811243 0.298654429549705 0 0 0 0 0 0 0 0 0
1 0.130654361753333 -0.474394156632244 -0.190405684092716 0.312260284497837 0 0 0 0 0 0 0 0 0
1 0.116855224638306 -0.479517284712096 -0.171293649797175 0.324608987163285 0 0 0 0 0 0 0 0 0
1 0.10305608752328 -0.484069164236591 -0.151847848610332 0.335666394118379 0 0 0 0 0 0 0 0 0
1 0.0892569504082537 -0.488049795205728 -0.132107694217896 0.345402169059424 0 0 0 0 0 0 0 0 0
1 0.0754578132932271 -0.491459177619507 -0.112112600305578 0.353789782806696 0 0 0 0 0 0 0 0 0
1 0.0616586761782003 -0.494297311477928 -0.0919019805590878 0.360806513304447 0 0 0 0 0 0 0 0 0
1 0.0478595390631744 -0.496564196780991 -0.071515248664139 0.366433445620899 0 0 0 0 0 0 0 0 0
1 0.0340604019481479 -0.498259833528696 -0.0509918183064396 0.370655471948249 0 0 0 0 0 0 0 0 0
1 0.0202612648331211 -0.499384221721043 -0.0303711031717009 0.37346129160267 0 0 0 0 0 0 0 0 0
1 0.00646212771809451 -0.499937361358033 -0.0096925169456343 0.374843411024303 0 0 0 0 0 0 0 0 0
1 -0.00733700939693149 -0.499919252439664 0.011004526686049 0.374798143777265 0 0 0 0 0 0 0 0 0
1 -0.0211361465119582 -0.499329894965938 0.03168061403764 0.373325610549649 0 0 0 0 0 0 0 0 0
1 -0.0349352836269847 -0.498169288936853 0.0522963314234269 0.370429739153516 0 0 0 0 0 0 0 0 0
1 -0.0487344207420107 -0.496437434352411 0.0728122651576984 0.366118264524904 0 0 0 0 0 0 0 0 0
1 -0.0625335578570374 -0.494134331212611 0.0931890015547454 0.360402728723822 0 0 0 0 0 0 0 0 0
1 -0.0763326949720641 -0.491259979517453 0.113387126928856 0.353298480934256 0 0 0 0 0 0 0 0 0
1 -0.0901318320870906 -0.487814379266937 0.13336722759432 0.344824677464161 0 0 0 0 0 0 0 0 0
1 -0.103930969202117 -0.483797530461063 0.153089889865426 0.335004281745469 0 0 0 0 0 0 0 0 0
1 -0.117730106317143 -0.479209433099831 0.172515700056464 0.323864064334082 0 0 0 0 0 0 0 0 0
1 -0.13152924343217 -0.474050087183241 0.191605244481723 0.311434602909876 0 0 0 0 0 0 0 0 0
1 -0.145328380547197 -0.468319492711294 0.210319109455493 0.297750282276704 0 0 0 0 0 0 0 0 0
1 -0.159127517662223 -0.462017649683989 0.228617881292061 0.282849294362387 0 0 0 0 0 0 0 0 0
1 -0.172926654777249 -0.455144558101325 0.246462146305719 0.266773638218723 0 0 0 0 0 0 0 0 0
1 -0.186725791892276 -0.447700217963304 0.263812490810754 0.249569120021482 0 0 0 0 0 0 0 0 0
1 -0.200524929007302 -0.439684629269924 0.280629501121458 0.231285353070407 0 0 0 0 0 0 0 0 0
1 -0.214324066122328 -0.431097792021188 0.296873763552117 0.211975757789216 0 0 0 0 0 0 0 0 0
1 -0.228123203237355 -0.421939706217093 0.312505864417023 0.191697561725597 0 0 0 0 0 0 0 0 0
1 -0.241922340352382 -0.41221037185764 0.327486390030464 0.170511799551215 0 0 0 0 0 0 0 0 0
1 -0.255721477467408 -0.401909788942829 0.341775926706729 0.148483313061707 0 0 0 0 0 0 0 0 0
1 -0.269520614582434 -0.39103795747266 0.355335060760108 0.125680751176681 0 0 0 0 0 0 0 0 0
1 -0.283319751697461 -0.379594877447134 0.368124378504891 0.102176569939721 0 0 0 0 0 0 0 0 0
1 -0.297118888812488 -0.367580548866249 0.380104466255365 0.0780470325183855 0 0 0 0 0 0 0 0 0
1 -0.310918025927514 -0.354994971730007 0.391235910325821 0.0533722092042036 0 0 0 0 0 0 0 0 0
1 -0.32471716304254 -0.341838146038406 0.401479297030548 0.028235977412677 0 0 0 0 0 0 0 0 0
1 -0.338516300157567 -0.328110071791448 0.410795212683836 0.00272602168328362 0 0 0 0 0 0 0 0 0
1 -0.352315437272593 -0.313810748989133 0.419144243599972 -0.0230661663205257 0 0 0 0 0 0 0 0 0
1 -0.36611457438762 -0.298940177631458 0.426486976093248 -0.0490452878113301 0 0 0 0 0 0 0 0 0
1 -0.379913711502646 -0.283498357718426 0.432783996477951 -0.0751122368777318 0 0 0 0 0 0 0 0 0
1 -0.393712848617673 -0.267485289250036 0.437995891068372 -0.101164100484361 0 0 0 0 0 0 0 0 0
1 -0.407511985732699 -0.250900972226288 0.442083246178799 -0.127094158471874 0 0 0 0 0 0 0 0 0
1 -0.421311122847725 -0.233745406647183 0.445006648123522 -0.152791883556954 0 0 0 0 0 0 0 0 0
1 -0.435110259962752 -0.216018592512719 0.44672668321683 -0.178142941332313 0 0 0 0 0 0 0 0 0
1 -0.448909397077779 -0.197720529822898 0.447203937773013 -0.203029190266687 0 0 0 0 0 0 0 0 0
1 -0.462708534192805 -0.178851218577719 0.446398998106359 -0.227328681704838 0 0 0 0 0 0 0 0 0
1 -0.476507671307831 -0.159410658777182 0.444272450531158 -0.250915659867559 0 0 0 0 0 0 0 0 0
1 -0.490306808422858 -0.139398850421286 0.440784881361699 -0.273660561851665 0 0 0 0 0 0 0 0 0
1 -0.504105945537885 -0.118815793510033 0.435896876912272 -0.295430017630001 0 0 0 0 0 0 0 0 0
1 -0.517905082652911 -0.0976614880434228 0.429569023497166 -0.316086850051435 0 0 0 0 0 0 0 0 0
1 -0.531704219767937 -0.0759359340214538 0.421761907430669 -0.335490074840866 0 0 0 0 0 0 0 0 0
1 -0.545503356882964 -0.0536391314441266 0.412436115027072 -0.353494900599218 0 0 0 0 0 0 0 0 0
1 -0.55930249399799 -0.0307710803114429 0.401552232600664 -0.369952728803439 0 0 0 0 0 0 0 0 0
1 -0.573101631113016 -0.00733178062340017 0.389070846465733 -0.384711153806509 0 0 0 0 0 0 0 0 0
1 -0.586900768228043 0.0166787676200009 0.37495254293657 -0.39761396283743 0 0 0 0 0 0 0 0 0
1 -0.60069990534307 0.0412605644187594 0.359157908327463 -0.408501136001232 0 0 0 0 0 0 0 0 0
1 -0.614499042458096 0.066413609772876 0.341647528952701 -0.417208846278974 0 0 0 0 0 0 0 0 0
1 -0.628298179573122 0.0921379036823493 0.322381991126575 -0.423569459527737 0 0 0 0 0 0 0 0 0
1 -0.642097316688149 0.118433446147182 0.301321881163373 -0.427411534480634 0 0 0 0 0 0 0 0 0
1 -0.655896453803176 0.145300237167372 0.278427785377384 -0.428559822746801 0 0 0 0 0 0 0 0 0
1 -0.669695590918202 0.172738276742919 0.253660290082899 -0.426835268811401 0 0 0 0 0 0 0 0 0
1 -0.683494728033228 0.200747564873825 0.226979981594206 -0.422055010035627 0 0 0 0 0 0 0 0 0
1 -0.697293865148255 0.229328101560089 0.198347446225593 -0.414032376656693 0 0 0 0 0 0 0 0 0
1 -0.711093002263282 0.258479886801711 0.167723270291351 -0.402576891787846 0 0 0 0 0 0 0 0 0
1 -0.724892139378307 0.288202920598689 0.135068040105771 -0.387494271418355 0 0 0 0 0 0 0 0 0
1 -0.738691276493334 0.318497202951027 0.100342341983138 -0.368586424413517 0 0 0 0 0 0 0 0 0
1 -0.752490413608361 0.349362733858723 0.0635067622377438 -0.345651452514656 0 0 0 0 0 0 0 0 0
1 -0.766289550723387 0.380799513321775 0.0245218871838792 -0.318483650339124 0 0 0 0 0 0 0 0 0
1 -0.780088687838413 0.412807541340186 -0.0166516968641705 -0.286873505380296 0 0 0 0 0 0 0 0 0
1 -0.79388782495344 0.445386817913956 -0.0600534035921136 -0.250607698007577 0 0 0 0 0 0 0 0 0
1 -0.807686962068467 0.478537343043083 -0.105722646685661 -0.209469101466398 0 0 0 0 0 0 0 0 0
1 -0.821486099183493 0.512259116727568 -0.153698839830524 -0.163236781878216 0 0 0 0 0 0 0 0 0
1 -0.835285236298519 0.54655213896741 -0.20402139671241 -0.111685998240518 0 0 0 0 0 0 0 0 0
1 -0.849046335079684 0.581319518668364 -0.256581121339645 -0.054753432734166 0 0 0 0 0 0 0 0 0
1 -0.862769395526985 0.616556544786999 -0.311397265405485 0.0077446446843828 0 0 0 0 0 0 0 0 0
1 -0.876492455974286 0.652358538069754 -0.368650591364731 0.0761901553355655 0 0 0 0 0 0 0 0 0
1 -0.890215516421588 0.688725498516633 -0.428379864610109 0.150819080309896 0 0 0 0 0 0 0 0 0
1 -0.90393857686889 0.72565742612763 -0.490623850534326 0.23187112455666 0 0 0 0 0 0 0 0 0
1 -0.917661637316191 0.763154320902748 -0.555421314530108 0.319589716883956 0 0 0 0 0 0 0 0 0
1 -0.931384697763493 0.80121618284199 -0.622811021990183 0.41422200995868 0 0 0 0 0 0 0 0 0
1 -0.945107758210794 0.83984301194535 -0.692831738307255 0.516018880306488 0 0 0 0 0 0 0 0 0
1 -0.958830818658095 0.87903480821283 -0.765522228874053 0.625234928311863 0 0 0 0 0 0 0 0 0
1 -0.972553879105398 0.918791571644435 -0.840921259083302 0.74212847821808 0 0 0 0 0 0 0 0 0
1 -0.986276939552699 0.959113302240157 -0.919067594327709 0.866961578127172 0 0 0 0 0 0 0 0 0
1 -1 1 -1 1 0 0 0 0 0 0 0 0 0
0 0 0 0 0 1 1 0 0 0 0 0 0 0
0 0 0 0 0 1 0.961538461538462 0 0 0 0 0 0 0
0 0 0 0 0 1 0.923076923076922 0 0 0 0 0 0 0
0 0 0 0 0 1 0.884615384615384 0 0 0 0 0 0 0
0 0 0 0 0 1 0.846153846153845 0 0 0 0 0 0 0
0 0 0 0 0 1 0.807692307692307 0 0 0 0 0 0 0
0 0 0 0 0 1 0.769230769230769 0 0 0 0 0 0 0
0 0 0 0 0 1 0.730769230769231 0 0 0 0 0 0 0
0 0 0 0 0 1 0.692307692307693 0 0 0 0 0 0 0
0 0 0 0 0 1 0.653846153846153 0 0 0 0 0 0 0
0 0 0 0 0 1 0.615384615384616 0 0 0 0 0 0 0
0 0 0 0 0 1 0.576923076923078 0 0 0 0 0 0 0
0 0 0 0 0 1 0.538461538461538 0 0 0 0 0 0 0
0 0 0 0 0 1 0.5 0 0 0 0 0 0 0
0 0 0 0 0 1 0.461538461538462 0 0 0 0 0 0 0
0 0 0 0 0 1 0.423076923076922 0 0 0 0 0 0 0
0 0 0 0 0 1 0.384615384615384 0 0 0 0 0 0 0
0 0 0 0 0 1 0.346153846153847 0 0 0 0 0 0 0
0 0 0 0 0 1 0.307692307692307 0 0 0 0 0 0 0
0 0 0 0 0 1 0.269230769230769 0 0 0 0 0 0 0
0 0 0 0 0 1 0.230769230769231 0 0 0 0 0 0 0
0 0 0 0 0 1 0.192307692307692 0 0 0 0 0 0 0
0 0 0 0 0 1 0.153846153846153 0 0 0 0 0 0 0
0 0 0 0 0 1 0.115384615384616 0 0 0 0 0 0 0
0 0 0 0 0 1 0.0769230769230778 0 0 0 0 0 0 0
0 0 0 0 0 1 0.0384615384615379 0 0 0 0 0 0 0
0 0 0 0 0 1 0 0 0 0 0 0 0 0
0 0 0 0 0 1 -0.0384615384615379 0 0 0 0 0 0 0
0 0 0 0 0 1 -0.0769230769230776 0 0 0 0 0 0 0
0 0 0 0 0 1 -0.115384615384616 0 0 0 0 0 0 0
0 0 0 0 0 1 -0.153846153846153 0 0 0 0 0 0 0
0 0 0 0 0 1 -0.192307692307692 0 0 0 0 0 0 0
0 0 0 0 0 1 -0.230769230769231 0 0 0 0 0 0 0
0 0 0 0 0 1 -0.269230769230769 0 0 0 0 0 0 0
0 0 0 0 0 1 -0.307692307692308 0 0 0 0 0 0 0
0 0 0 0 0 1 -0.346153846153847 0 0 0 0 0 0 0
0 0 0 0 0 1 -0.384615384615384 0 0 0 0 0 0 0
0 0 0 0 0 1 -0.423076923076922 0 0 0 0 0 0 0
0 0 0 0 0 1 -0.461538461538462 0 0 0 0 0 0 0
0 0 0 0 0 1 -0.5 0 0 0 0 0 0 0
0 0 0 0 0 1 -0.538461538461538 0 0 0 0 0 0 0
0 0 0 0 0 1 -0.576923076923077 0 0 0 0 0 0 0
0 0 0 0 0 1 -0.615384615384616 0 0 0 0 0 0 0
0 0 0 0 0 1 -0.653846153846153 0 0 0 0 0 0 0
0 0 0 0 0 1 -0.692307692307692 0 0 0 0 0 0 0
0 0 0 0 0 1 -0.730769230769231 0 0 0 0 0 0 0
0 0 0 0 0 1 -0.769230769230769 0 0 0 0 0 0 0
0 0 0 0 0 1 -0.807692307692307 0 0 0 0 0 0 0
0 0 0 0 0 1 -0.846153846153847 0 0 0 0 0 0 0
0 0 0 0 0 1 -0.884615384615384 0 0 0 0 0 0 0
0 0 0 0 0 1 -0.923076923076922 0 0 0 0 0 0 0
0 0 0 0 0 1 -0.961538461538461 0 0 0 0 0 0 0
0 0 0 0 0 1 -1 0 0 0 0 0 0 0
0 0 0 0 0 0 0 1 0.614040049068242 0.065567772789594 -0.342257968677132 -0.416956004383076 0 0
0 0 0 0 0 0 0 1 0.624196889882235 0.0844326360079829 -0.328293611920254 -0.421934217181436 0 0
0 0 0 0 0 0 0 1 0.634353730696229 0.103606983472336 -0.313363359644388 -0.425575866048615 0 0
0 0 0 0 0 0 0 1 0.644510571510223 0.123090815182651 -0.297451494938432 -0.427811719135832 0 0
0 0 0 0 0 0 0 1 0.654667412324216 0.142884131138928 -0.280542300891285 -0.428571427155159 0 0
0 0 0 0 0 0 0 1 0.66482425313821 0.162986931341169 -0.262620060591838 -0.427783523379517 0 0
0 0 0 0 0 0 0 1 0.674981093952204 0.18339921578937 -0.243669057128993 -0.42537542364268 0 0
0 0 0 0 0 0 0 1 0.685137934766197 0.204120984483534 -0.223673573591646 -0.421273426339272 0 0
0 0 0 0 0 0 0 1 0.695294775580191 0.225152237423663 -0.202617893068688 -0.415402712424765 0 0
0 0 0 0 0 0 0 1 0.705451616394184 0.246492974609751 -0.180486298649024 -0.407687345415488 0 0
0 0 0 0 0 0 0 1 0.715608457208178 0.268143196041803 -0.157263073421544 -0.398050271388615 0 0
0 0 0 0 0 0 0 1 0.725765298022172 0.290102901719818 -0.132932500475147 -0.386413318982174 0 0
0 0 0 0 0 0 0 1 0.735922138836165 0.312372091643793 -0.107478862898732 -0.372697199395044 0 0
0 0 0 0 0 0 0 1 0.74607897965016 0.334950765813735 -0.0808864437811882 -0.356821506386949 0 0
0 0 0 0 0 0 0 1 0.756235820464153 0.357838924229635 -0.053139526211422 -0.338704716278476 0 0
0 0 0 0 0 0 0 1 0.766392661278147 0.3810365668915 -0.0242223932783224 -0.318264187951049 0 0
0 0 0 0 0 0 0 1 0.77654950209214 0.404543693799327 0.00588067192921068 -0.295416162846953 0 0
0 0 0 0 0 0 0 1 0.786706342906133 0.428360304953114 0.0371853863222784 -0.270075764969321 0 0
0 0 0 0 0 0 0 1 0.796863183720128 0.452486400352868 0.0697074668119926 -0.242157000882129 0 0
0 0 0 0 0 0 0 1 0.807020024534121 0.47692197999858 0.103462630309445 -0.211572759710222 0 0
0 0 0 0 0 0 0 1 0.817176865348114 0.501667043890255 0.138466593725746 -0.178234813139278 0 0
0 0 0 0 0 0 0 1 0.827333706162109 0.526721592027896 0.174735073972003 -0.142053815415829 0 0
0 0 0 0 0 0 0 1 0.837490546976102 0.552085624411495 0.212283787959309 -0.102939303347271 0 0
0 0 0 0 0 0 0 1 0.847647387790096 0.577759141041059 0.251128452598775 -0.0607996963018336 0 0
0 0 0 0 0 0 0 1 0.857804228604089 0.603742141916586 0.291284784801503 -0.015542296208607 0 0
0 0 0 0 0 0 0 1 0.867961069418083 0.630034627038072 0.332768501478592 0.0329267124424657 0 0
0 0 0 0 0 0 0 1 0.878117910232077 0.656636596405525 0.375595319541155 0.0847022626006051 0 0
0 0 0 0 0 0 0 1 0.88827475104607 0.683548050018937 0.419780955900283 0.139880404654157 0 0
0 0 0 0 0 0 0 1 0.898431591860064 0.710768987878313 0.465341127467089 0.19855830643064 0 0
0 0 0 0 0 0 0 1 0.908588432674058 0.738299409983652 0.512291551152674 0.260834253196709 0 0
0 0 0 0 0 0 0 1 0.918745273488051 0.76613931633495 0.560647943868136 0.326807647658165 0 0
0 0 0 0 0 0 0 1 0.928902114302046 0.794288706932216 0.610426022524591 0.39657900995998 0 0
0 0 0 0 0 0 0 1 0.939058955116039 0.822747581775439 0.661641504033127 0.470249977686237 0 0
0 0 0 0 0 0 0 1 0.949215795930032 0.851515940864625 0.714310105304854 0.547923305860201 0 0
0 0 0 0 0 0 0 1 0.959372636744026 0.880593784199778 0.768447543250884 0.629702866944289 0 0
0 0 0 0 0 0 0 1 0.969529477558019 0.909981111780888 0.824069534782304 0.715693650840027 0 0
0 0 0 0 0 0 0 1 0.979686318372013 0.939677923607964 0.881191796810231 0.806001764888137 0 0
0 0 0 0 0 0 0 1 0.989843159186007 0.969684219681002 0.939830046245763 0.900734433868463 0 0
0 0 0 0 0 0 0 1 1 1 1 1 0 0
0 0 0 0 0 0 0 0 0 0 0 0 1 -1
0 0 0 0 0 0 0 0 0 0 0 0 1 0
0 0 0 0 0 0 0 0 0 0 0 0 1 1
0 0 0 0 0 0 0 1 -1 1 -1 1 0 0
0 0 0 0 0 0 0 1 -0.989784370611674 0.969509650460723 -0.939486251564235 0.900173176509407 0 0
0 0 0 0 0 0 0 1 -0.979568741223349 0.939332378172844 -0.880521897979614 0.804931239011465 0 0
0 0 0 0 0 0 0 1 -0.969353111835024 0.909468183136366 -0.823090947840287 0.714163962969113 0 0
0 0 0 0 0 0 0 1 -0.959137482446698 0.879917065351286 -0.7671774097404 0.627762267381212 0 0
0 0 0 0 0 0 0 1 -0.948921853058373 0.850679024817605 -0.712765292274103 0.545618214782557 0 0
0 0 0 0 0 0 0 1 -0.938706223670047 0.821754061535322 -0.659838604035544 0.467625011243871 0 0
0 0 0 0 0 0 0 1 -0.928490594281722 0.793142175504439 -0.608381353618875 0.39367700637181 0 0
0 0 0 0 0 0 0 1 -0.918274964893397 0.764843366724954 -0.558377549618243 0.323669693308953 0 0
0 0 0 0 0 0 0 1 -0.908059335505071 0.736857635196868 -0.509811200627796 0.257499708733808 0 0
0 0 0 0 0 0 0 1 -0.897843706116746 0.70918498092018 -0.462666315241684 0.195064832860815 0 0
0 0 0 0 0 0 0 1 -0.887628076728421 0.681825403894893 -0.416926902054056 0.136263989440347 0 0
0 0 0 0 0 0 0 1 -0.877412447340095 0.654778904121004 -0.372576969659063 0.0809972457586977 0 0
0 0 0 0 0 0 0 1 -0.86719681795177 0.628045481598513 -0.329600526650849 0.0291658126380915 0 0
0 0 0 0 0 0 0 1 -0.856981188563444 0.601625136327421 -0.287981581623566 -0.0193279555633131 0 0
0 0 0 0 0 0 0 1 -0.846765559175119 0.575517868307728 -0.247704143171364 -0.0645805609514314 0 0
0 0 0 0 0 0 0 1 -0.836549929786794 0.549723677539435 -0.208752219888392 -0.106687362096251 0 0
0 0 0 0 0 0 0 1 -0.826334300398468 0.524242564022539 -0.171109820368795 -0.145742574031832 0 0
0 0 0 0 0 0 0 1 -0.816118671010143 0.499074527757044 -0.134760953206727 -0.181839268256299 0 0
0 0 0 0 0 0 0 1 -0.805903041621818 0.474219568742947 -0.0996896269963339 -0.215069372731853 0 0
0 0 0 0 0 0 0 1 -0.795687412233492 0.449677686980248 -0.0658798503317644 -0.245523671884766 0 0
0 0 0 0 0 0 0 1 -0.785471782845167 0.425448882468948 -0.0333156318071692 -0.273291806605378 0 0
0 0 0 0 0 0 0 1 -0.775256153456842 0.401533155209047 -0.00198098001669707 -0.298462274248101 0 0
0 0 0 0 0 0 0 1 -0.765040524068517 0.377930505200546 0.0281400964455033 -0.321122428631421 0 0
0 0 0 0 0 0 0 1 -0.754824894680191 0.354640932443442 0.0570635889852842 -0.341358480037891 0 0
0 0 0 0 0 0 0 1 -0.744609265291865 0.331664436937738 0.0848054890084953 -0.359255495214136 0 0
0 0 0 0 0 0 0 1 -0.73439363590354 0.309001018683432 0.111381787920987 -0.374897397370853 0 0
0 0 0 0 0 0 0 1 -0.724178006515215 0.286650677680526 0.136808477128612 -0.388366966182811 0 0
0 0 0 0 0 0 0 1 -0.713962377126889 0.264613413929018 0.161101548037221 -0.399745837788846 0 0
0 0 0 0 0 0 0 1 -0.703746747738564 0.242889227428909 0.184276992052664 -0.40911450479187 0 0
0 0 0 0 0 0 0 1 -0.693531118350239 0.221478118180199 0.206350800580793 -0.416552316258862 0 0
0 0 0 0 0 0 0 1 -0.683315488961914 0.200380086182888 0.227338965027458 -0.422137477720873 0 0
0 0 0 0 0 0 0 1 -0.673099859573588 0.179595131436976 0.247257476798511 -0.425947051173028 0 0
0 0 0 0 0 0 0 1 -0.662884230185263 0.159123253942463 0.266122327299803 -0.428056955074518 0 0
0 0 0 0 0 0 0 1 -0.652668600796938 0.138964453699349 0.283949507937184 -0.428541964348608 0 0
0 0 0 0 0 0 0 1 -0.642452971408612 0.119118730707632 0.300755010116507 -0.427475710382634 0 0
0 0 0 0 0 0 0 1 -0.632237342020286 0.099586084967315 0.316554825243622 -0.424930681028002 0 0
0 0 0 0 0 0 0 1 -0.622021712631961 0.0803665164783975 0.331364944724378 -0.420978220600191 0 0
0 0 0 0 0 0 0 1 -0.611806083243636 0.0614600252408787 0.345201359964629 -0.415688529878747 0 0
0 0 0 0 0 0 0 1 -0.601590453855311 0.0428666112547578 0.358080062370226 -0.409130666107292 0 0
0 0 0 0 0 0 0 1 -0.591374824466985 0.0245862745200359 0.370017043347018 -0.401372542993514 0 0
0 0 0 0 0 0 0 1 -0.58115919507866 0.0066190150367138 0.381028294300856 -0.392480930709176 0 0
0 0 0 0 0 0 0 1 -0.570943565690335 -0.0110351671952098 0.391129806637593 -0.38252145589011 0 0
0 0 0 0 0 0 0 1 -0.560727936302009 -0.0283762721757352 0.400337571763079 -0.371558601636219 0 0
0 0 0 0 0 0 0 1 -0.550512306913684 -0.0454042999048608 0.408667581083165 -0.359655707511479 0 0
0 0 0 0 0 0 0 1 -0.540296677525358 -0.0621192503825884 0.416135826003703 -0.346874969543933 0 0
0 0 0 0 0 0 0 1 -0.530081048137033 -0.0785211236089164 0.422758297930542 -0.3332774402257 0 0
0 0 0 0 0 0 0 1 -0.519865418748708 -0.0946099195838465 0.428550988269535 -0.318923028512965 0 0
0 0 0 0 0 0 0 1 -0.509649789360382 -0.110385638307377 0.433529888426532 -0.303870499825988 0 0
0 0 0 0 0 0 0 1 -0.499434159972057 -0.125848279779509 0.437710989807384 -0.288177476049098 0 0
0 0 0 0 0 0 0 1 -0.489218530583732 -0.140997844000242 0.441110283817942 -0.271900435530695 0 0
0 0 0 0 0 0 0 1 -0.479002901195406 -0.155834330969576 0.443743761864057 -0.25509471308325 0 0
0 0 0 0 0 0 0 1 -0.468787271807081 -0.170357740687511 0.445627415351581 -0.237814499983307 0 0
0 0 0 0 0 0 0 1 -0.458571642418756 -0.184568073154047 0.446777235686365 -0.220112843971478 0 0
0 0 0 0 0 0 0 1 -0.44835601303043 -0.198465328369185 0.447209214274258 -0.202041649252447 0 0
0 0 0 0 0 0 0 1 -0.438140383642105 -0.212049506332924 0.446939342521114 -0.183651676494971 0 0
0 0 0 0 0 0 0 1 -0.427924754253779 -0.225320607045264 0.445983611832781 -0.164992542831875 0 0
0 0 0 0 0 0 0 1 -0.417709124865454 -0.238278630506205 0.444358013615112 -0.146112721860057 0 0
0 0 0 0 0 0 0 1 -0.407493495477129 -0.250923576715747 0.442078539273958 -0.127059543640484 0 0
0 0 0 0 0 0 0 1 -0.397277866088803 -0.263255445673891 0.439161180215169 -0.107879194698197 0 0
0 0 0 0 0 0 0 1 -0.387062236700478 -0.275274237380635 0.435621927844597 -0.0886167180223055 0 0
0 0 0 0 0 0 0 1 -0.376846607312153 -0.28697995183598 0.431476773568092 -0.0693160130659912 0 0
0 0 0 0 0 0 0 1 -0.366630977923827 -0.298372589039927 0.426741708791506 -0.0500198357465057 0 0
0 0 0 0 0 0 0 1 -0.356415348535502 -0.309452148992475 0.42143272492069 -0.0307697984451732 0 0
0 0 0 0 0 0 0 1 -0.346199719147176 -0.320218631693624 0.415565813361494 -0.0116063700073868 0 0
0 0 0 0 0 0 0 1 -0.335984089758851 -0.330672037143374 0.40915696551977 0.00743112425738687 0 0
0 0 0 0 0 0 0 1 -0.325768460370526 -0.340812365341726 0.402222172801369 0.0263045025756128 0 0
0 0 0 0 0 0 0 1 -0.3155528309822 -0.350639616288678 0.394777426612142 0.0449767267096826 0 0
0 0 0 0 0 0 0 1 -0.305337201593875 -0.360153789984232 0.38683871835794 0.0634119019579183 0 0
0 0 0 0 0 0 0 1 -0.29512157220555 -0.369354886428387 0.378422039444613 0.081575277154572 0 0
0 0 0 0 0 0 0 1 -0.284905942817224 -0.378242905621143 0.369543381278013 0.0994332446698221 0 0
0 0 0 0 0 0 0 1 -0.274690313428899 -0.3868178475625 0.360218735263991 0.116953340409777 0 0
0 0 0 0 0 0 0 1 -0.264474684040574 -0.395079712252458 0.350464092808399 0.134104243816475 0 0
0 0 0 0 0 0 0 1 -0.254259054652248 -0.403028499691018 0.340295445317085 0.150855777867884 0 0
0 0 0 0 0 0 0 1 -0.244043425263923 -0.410664209878178 0.329728784195904 0.167178909077899 0 0
0 0 0 0 0 0 0 1 -0.233827795875597 -0.41798684281394 0.318780100850704 0.183045747496344 0 0
0 0 0 0 0 0 0 1 -0.223612166487272 -0.424996398498303 0.307465386687338 0.198429546708973 0 0
0 0 0 0 0 0 0 1 -0.213396537098947 -0.431692876931267 0.295800633111655 0.21330470383747 0 0
0 0 0 0 0 0 0 1 -0.203180907710622 -0.438076278112832 0.283801831529507 0.227646759539445 0 0
0 0 0 0 0 0 0 1 -0.192965278322296 -0.444146602042998 0.271484973346746 0.241432398008441 0 0
0 0 0 0 0 0 0 1 -0.182749648933971 -0.449903848721766 0.258866049969222 0.254639446973926 0 0
0 0 0 0 0 0 0 1 -0.172534019545645 -0.455348018149134 0.245961052802786 0.2672468777013 0 0
0 0 0 0 0 0 0 1 -0.16231839015732 -0.460479110325104 0.23278597325329 0.27923480499189 0 0
0 0 0 0 0 0 0 1 -0.152102760768994 -0.465297125249675 0.219356802726583 0.290584487182954 0 0
0 0 0 0 0 0 0 1 -0.141887131380669 -0.469802062922847 0.205689532628519 0.301278326147676 0 0
0 0 0 0 0 0 0 1 -0.131671501992344 -0.47399392334462 0.191800154364946 0.311299867295173 0 0
0 0 0 0 0 0 0 1 -0.121455872604019 -0.477872706514995 0.177704659341717 0.320633799570487 0 0
0 0 0 0 0 0 0 1 -0.111240243215693 -0.48143841243397 0.163419038964682 0.329265955454592 0 0
0 0 0 0 0 0 0 1 -0.101024613827368 -0.484691041101547 0.148959284639693 0.33718331096439 0 0
0 0 0 0 0 0 0 1 -0.0908089844390426 -0.487630592517725 0.1343413877726 0.344373985652711 0 0
0 0 0 0 0 0 0 1 -0.0805933550507171 -0.490257066682504 0.119581339769255 0.350827242608316 0 0
0 0 0 0 0 0 0 1 -0.0703777256623919 -0.492570463595884 0.104695132035508 0.356533488455893 0 0
0 0 0 0 0 0 0 1 -0.0601620962740663 -0.494570783257865 0.089698755977211 0.36148427335606 0 0
0 0 0 0 0 0 0 1 -0.0499464668857411 -0.496258025668447 0.0746082030002147 0.365672291005364 0 0
0 0 0 0 0 0 0 1 -0.0397308374974156 -0.497632190827631 0.0594394645103695 0.369091378636282 0 0
0 0 0 0 0 0 0 1 -0.0295152081090904 -0.498693278735416 0.0442085319135276 0.371736517017218 0 0
0 0 0 0 0 0 0 1 -0.0192995787207648 -0.499441289391801 0.0289313966155388 0.373603830452505 0 0
0 0 0 0 0 0 0 1 -0.00908394933243961 -0.499876222796789 0.0136240500222553 0.374690586782408 0 0
0 0 0 0 0 0 0 1 0.00113168005588604 -0.499998078950377 -0.00169751646047315 0.374995197383118 0 0
0 0 0 0 0 0 0 1 0.0113473094442111 -0.499806857852566 -0.017017311426794 0.374517217166755 0 0
0 0 0 0 0 0 0 1 0.0215629388325367 -0.499302559503356 -0.0323193434708576 0.37325734458137 0 0
0 0 0 0 0 0 0 1 0.0317785682208618 -0.498485183902748 -0.0475876211868117 0.371217421610942 0 0
0 0 0 0 0 0 0 1 0.0419941976091875 -0.497354731050741 -0.0628061531688069 0.368400433775379 0 0
0 0 0 0 0 0 0 1 0.0522098269975126 -0.495911200947335 -0.0779589480109902 0.364810510130518 0 0
0 0 0 0 0 0 0 1 0.0624254563858382 -0.49415459359253 -0.0930300143075122 0.360452923268124 0 0
0 0 0 0 0 0 0 1 0.0726410857741633 -0.492084908986326 -0.108003360652521 0.355334089315894 0 0
0 0 0 0 0 0 0 1 0.0828567151624886 -0.489702147128723 -0.122862995640165 0.34946156793745 0 0
0 0 0 0 0 0 0 1 0.0930723445508141 -0.487006308019722 -0.137592927864595 0.342844062332346 0 0
0 0 0 0 0 0 0 1 0.103287973939139 -0.483997391659322 -0.152177165919958 0.335491419236064 0 0
0 0 0 0 0 0 0 1 0.113503603327465 -0.480675398047522 -0.166599718400406 0.327414628920014 0 0
0 0 0 0 0 0 0 1 0.12371923271579 -0.477040327184324 -0.180844593900084 0.318625825191538 0 0
0 0 0 0 0 0 0 1 0.133934862104116 -0.473092179069727 -0.194895801013143 0.309138285393904 0 0
0 0 0 0 0 0 0 1 0.144150491492441 -0.468830953703731 -0.208737348333732 0.29896643040631 0 0
0 0 0 0 0 0 0 1 0.154366120880766 -0.464256651086337 -0.222353244455999 0.288125824643883 0 0
0 0 0 0 0 0 0 1 0.164581750269092 -0.459369271217544 -0.235727497974095 0.27663317605768 0 0
0 0 0 0 0 0 0 1 0.174797379657417 -0.454168814097351 -0.248844117482167 0.264506336134684 0 0
0 0 0 0 0 0 0 1 0.185013009045742 -0.44865527972576 -0.261687111574365 0.251764299897812 0 0
0 0 0 0 0 0 0 1 0.195228638434068 -0.44282866810277 -0.274240488844838 0.238427205905903 0 0
0 0 0 0 0 0 0 1 0.205444267822393 -0.436688979228381 -0.286488257887734 0.224516336253734 0 0
0 0 0 0 0 0 0 1 0.215659897210719 -0.430236213102593 -0.298414427297203 0.210054116572002 0 0
0 0 0 0 0 0 0 1 0.225875526599044 -0.423470369725407 -0.310003005667393 0.195064116027339 0 0
0 0 0 0 0 0 0 1 0.236091155987369 -0.416391449096822 -0.321238001592453 0.179571047322306 0 0
0 0 0 0 0 0 0 1 0.246306785375695 -0.408999451216837 -0.332103423666534 0.163600766695387 0 0
0 0 0 0 0 0 0 1 0.25652241476402 -0.401294376085454 -0.342583280483783 0.147180273921001 0 0
0 0 0 0 0 0 0 1 0.266738044152345 -0.393276223702672 -0.352661580638348 0.130337712309496 0 0
0 0 0 0 0 0 0 1 0.276953673540671 -0.384944994068491 -0.362322332724381 0.113102368707144 0 0
0 0 0 0 0 0 0 1 0.287169302928996 -0.376300687182912 -0.371549545336029 0.0955046734961512 0 0
0 0 0 0 0 0 0 1 0.297384932317321 -0.367343303045934 -0.380327227067441 0.0775762005946514 0 0
0 0 0 0 0 0 0 1 0.307600561705647 -0.358072841657555 -0.388639386512767 0.0593496674567023 0 0
0 0 0 0 0 0 0 1 0.317816191093972 -0.34848930301778 -0.396470032266154 0.0408589350723014 0 0
0 0 0 0 0 0 0 1 0.328031820482298 -0.338592687126605 -0.403803172921754 0.0221390079673644 0 0
0 0 0 0 0 0 0 1 0.338247449870623 -0.32838299398403 -0.410622817073713 0.00322603420374196 0 0
0 0 0 0 0 0 0 1 0.348463079258948 -0.317860223590058 -0.416912973316181 -0.0158426946207861 0 0
0 0 0 0 0 0 0 1 0.358678708647274 -0.307024375944686 -0.422657650243308 -0.0350287433725163 0 0
0 0 0 0 0 0 0 1 0.368894338035599 -0.295875451047916 -0.427840856449241 -0.0542925333818099 0 0
0 0 0 0 0 0 0 1 0.379109967423924 -0.284413448899747 -0.432446600528131 -0.0735933424431005 0 0
0 0 0 0 0 0 0 1 0.389325596812249 -0.272638369500179 -0.436458891074126 -0.0928893048148972 0 0
0 0 0 0 0 0 0 1 0.399541226200575 -0.260550212849211 -0.439861736681375 -0.112137411219776 0 0
0 0 0 0 0 0 0 1 0.4097568555889 -0.248148978946846 -0.442639145944026 -0.131293508844381 0 0
0 0 0 0 0 0 0 1 0.419972484977226 -0.23543466779308 -0.44477512745623 -0.150312301339437 0 0
0 0 0 0 0 0 0 1 0.430188114365551 -0.222407279387918 -0.446253689812135 -0.169147348819727 0 0
0 0 0 0 0 0 0 1 0.440403743753877 -0.209066813731355 -0.447058841605889 -0.187751067864118 0 0
0 0 0 0 0 0 0 1 0.450619373142202 -0.195413270823393 -0.447174591431643 -0.206074731515538 0 0
0 0 0 0 0 0 0 1 0.460835002530527 -0.181446650664034 -0.446584947883544 -0.224068469280989 0 0
0 0 0 0 0 0 0 1 0.471050631918852 -0.167166953253275 -0.445273919555742 -0.241681267131548 0 0
0 0 0 0 0 0 0 1 0.481266261307178 -0.152574178591116 -0.443225515042386 -0.258860967502358 0 0
0 0 0 0 0 0 0 1 0.491481890695503 -0.137668326677561 -0.440423742937625 -0.275554269292634 0 0
0 0 0 0 0 0 0 1 0.501697520083829 -0.122449397512604 -0.436852611835607 -0.291706727865665 0 0
0 0 0 0 0 0 0 1 0.511913149472154 -0.10691739109625 -0.432496130330482 -0.307262755048805 0 0
0 0 0 0 0 0 0 1 0.52212877886048 -0.0910723074284966 -0.427338307016398 -0.322165619133487 0 0
0 0 0 0 0 0 0 1 0.532344408248805 -0.0749141465093442 -0.421363150487505 -0.336357444875207 0 0
0 0 0 0 0 0 0 1 0.54256003763713 -0.0584429083387945 -0.414554669337953 -0.349779213493537 0 0
0 0 0 0 0 0 0 1 0.552775667025455 -0.0416585929168444 -0.406896872161888 -0.36237076267212 0 0
0 0 0 0 0 0 0 1 0.562991296413781 -0.0245612002434951 -0.39837376755346 -0.374070786558667 0 0
0 0 0 0 0 0 0 1 0.573206925802106 -0.00715073031874885 -0.38896936410682 -0.384816835764962 0 0
0 0 0 0 0 0 0 1 0.583422555190431 0.0105728168573977 -0.378667670416115 -0.39454531736686 0 0
0 0 0 0 0 0 0 1 0.593638184578757 0.0286094412849432 -0.367452695075494 -0.403191494904286 0 0
0 0 0 0 0 0 0 1 0.603853813967082 0.0469591429638864 -0.355308446679107 -0.410689488381237 0 0
