X1_obs         X2_obs         X3_obs         X4_obs         X1_true        X2_true        X3_true        X4_true        Y1_obs         Y2_obs         Y3_obs         Y4_obs         Y5_obs         Y1_unbiased    Y2_unbiased    Y3_unbiased    Y4_unbiased    Y5_unbiased    Y1_sim         Y2_sim         Y3_sim         Y4_sim         Y5_sim         Y1_res         Y2_res         Y3_res         Y4_res         Y5_res         Y1_stdres      Y2_stdres      Y3_stdres      Y4_stdres      Y5_stdres      
   0.100000E+01   0.100000E+01   0.356140E-04   0.432000E+05   0.100000E+01   0.100000E+01   0.356140E-04   0.432000E+05   0.237876E+03  -0.999900E+04  -0.999900E+04   0.350000E+02   0.250000E+02   0.237876E+03  -0.999900E+04  -0.999900E+04   0.350000E+02   0.250000E+02   0.237826E+03   0.114000E+02   0.701577E+00   0.440943E+02   0.300000E+02   0.500570E-01  -0.999900E+04  -0.999900E+04  -0.909427E+01  -0.500000E+01   0.100002E+01  -0.999900E+04  -0.999900E+04  -0.113678E+01  -0.625000E+00
   0.100000E+01   0.100000E+01   0.119855E+02   0.432000E+05   0.100000E+01   0.100000E+01   0.119855E+02   0.432000E+05   0.237858E+03  -0.999900E+04  -0.999900E+04   0.350000E+02   0.250000E+02   0.237858E+03  -0.999900E+04  -0.999900E+04   0.350000E+02   0.250000E+02   0.237819E+03   0.114000E+02   0.652074E+00   0.294568E+02   0.300000E+02   0.389998E-01  -0.999900E+04  -0.999900E+04   0.554317E+01  -0.500000E+01   0.779126E+00  -0.999900E+04  -0.999900E+04   0.692896E+00  -0.625000E+00
   0.100000E+01   0.100000E+01   0.119855E+02   0.432000E+05   0.100000E+01   0.100000E+01   0.119855E+02   0.432000E+05   0.237838E+03  -0.999900E+04  -0.999900E+04   0.350000E+02   0.250000E+02   0.237838E+03  -0.999900E+04  -0.999900E+04   0.350000E+02   0.250000E+02   0.237819E+03   0.114000E+02   0.652074E+00   0.294568E+02   0.300000E+02   0.189998E-01  -0.999900E+04  -0.999900E+04   0.554317E+01  -0.500000E+01   0.379572E+00  -0.999900E+04  -0.999900E+04   0.692896E+00  -0.625000E+00
   0.100000E+01   0.100000E+01   0.144059E+02   0.432000E+05   0.100000E+01   0.100000E+01   0.144059E+02   0.432000E+05   0.237829E+03  -0.999900E+04  -0.999900E+04   0.350000E+02   0.250000E+02   0.237829E+03  -0.999900E+04  -0.999900E+04   0.350000E+02   0.250000E+02   0.237817E+03   0.114000E+02   0.644156E+00   0.294568E+02   0.300000E+02   0.122275E-01  -0.999900E+04  -0.999900E+04   0.554317E+01  -0.500000E+01   0.244278E+00  -0.999900E+04  -0.999900E+04   0.692896E+00  -0.625000E+00
   0.100000E+01   0.100000E+01   0.198431E+02   0.432000E+05   0.100000E+01   0.100000E+01   0.198431E+02   0.432000E+05   0.237816E+03  -0.999900E+04  -0.999900E+04   0.350000E+02   0.250000E+02   0.237816E+03  -0.999900E+04  -0.999900E+04   0.350000E+02   0.250000E+02   0.237810E+03   0.114000E+02   0.629753E+00   0.294568E+02   0.300000E+02   0.603296E-02  -0.999900E+04  -0.999900E+04   0.554317E+01  -0.500000E+01   0.120525E+00  -0.999900E+04  -0.999900E+04   0.692896E+00  -0.625000E+00
   0.100000E+01   0.100000E+01   0.249191E+02   0.432000E+05   0.100000E+01   0.100000E+01   0.249191E+02   0.432000E+05   0.237810E+03  -0.999900E+04  -0.999900E+04   0.350000E+02   0.250000E+02   0.237810E+03  -0.999900E+04  -0.999900E+04   0.350000E+02   0.250000E+02   0.237800E+03   0.114000E+02   0.621599E+00   0.211889E+02   0.300000E+02   0.970703E-02  -0.999900E+04  -0.999900E+04   0.138111E+02  -0.500000E+01   0.193924E+00  -0.999900E+04  -0.999900E+04   0.172639E+01  -0.625000E+00
   0.100000E+01   0.100000E+01   0.319369E+02   0.432000E+05   0.100000E+01   0.100000E+01   0.319369E+02   0.432000E+05   0.237795E+03  -0.999900E+04  -0.999900E+04   0.350000E+02   0.250000E+02   0.237795E+03  -0.999900E+04  -0.999900E+04   0.350000E+02   0.250000E+02   0.237781E+03   0.114000E+02   0.619015E+00   0.211889E+02   0.300000E+02   0.140094E-01  -0.999900E+04  -0.999900E+04   0.138111E+02  -0.500000E+01   0.279876E+00  -0.999900E+04  -0.999900E+04   0.172639E+01  -0.625000E+00
   0.100000E+01   0.100000E+01   0.379737E+02   0.432000E+05   0.100000E+01   0.100000E+01   0.379737E+02   0.432000E+05   0.237788E+03  -0.999900E+04  -0.999900E+04   0.350000E+02   0.250000E+02   0.237788E+03  -0.999900E+04  -0.999900E+04   0.350000E+02   0.250000E+02   0.237758E+03   0.114000E+02   0.625499E+00   0.173741E+02   0.300000E+02   0.295161E-01  -0.999900E+04  -0.999900E+04   0.176259E+02  -0.500000E+01   0.589665E+00  -0.999900E+04  -0.999900E+04   0.220324E+01  -0.625000E+00
   0.100000E+01   0.100000E+01   0.445311E+02   0.432000E+05   0.100000E+01   0.100000E+01   0.445311E+02   0.432000E+05   0.237780E+03  -0.999900E+04  -0.999900E+04   0.350000E+02   0.250000E+02   0.237780E+03  -0.999900E+04  -0.999900E+04   0.350000E+02   0.250000E+02   0.237729E+03   0.114000E+02   0.640762E+00   0.165277E+02   0.300000E+02   0.513318E-01  -0.999900E+04  -0.999900E+04   0.184723E+02  -0.500000E+01   0.102549E+01  -0.999900E+04  -0.999900E+04   0.230903E+01  -0.625000E+00
   0.100000E+01   0.100000E+01   0.506607E+02   0.432000E+05   0.100000E+01   0.100000E+01   0.506607E+02   0.432000E+05   0.237750E+03  -0.999900E+04  -0.999900E+04   0.350000E+02   0.250000E+02   0.237750E+03  -0.999900E+04  -0.999900E+04   0.350000E+02   0.250000E+02   0.237697E+03   0.114000E+02   0.662089E+00   0.165277E+02   0.300000E+02   0.532990E-01  -0.999900E+04  -0.999900E+04   0.184723E+02  -0.500000E+01   0.106479E+01  -0.999900E+04  -0.999900E+04   0.230903E+01  -0.625000E+00
   0.100000E+01   0.100000E+01   0.559866E+02   0.432000E+05   0.100000E+01   0.100000E+01   0.559866E+02   0.432000E+05   0.237697E+03  -0.999900E+04  -0.999900E+04   0.350000E+02   0.250000E+02   0.237697E+03  -0.999900E+04  -0.999900E+04   0.350000E+02   0.250000E+02   0.237668E+03   0.114000E+02   0.682647E+00   0.175224E+02   0.300000E+02   0.289244E-01  -0.999900E+04  -0.999900E+04   0.174776E+02  -0.500000E+01   0.577844E+00  -0.999900E+04  -0.999900E+04   0.218470E+01  -0.625000E+00
   0.100000E+01   0.100000E+01   0.660172E+02   0.432000E+05   0.100000E+01   0.100000E+01   0.660172E+02   0.432000E+05   0.237652E+03  -0.999900E+04  -0.999900E+04   0.350000E+02   0.250000E+02   0.237652E+03  -0.999900E+04  -0.999900E+04   0.350000E+02   0.250000E+02   0.237614E+03   0.114000E+02   0.723283E+00   0.195236E+02   0.300000E+02   0.376964E-01  -0.999900E+04  -0.999900E+04   0.154764E+02  -0.500000E+01   0.753088E+00  -0.999900E+04  -0.999900E+04   0.193455E+01  -0.625000E+00
   0.100000E+01   0.100000E+01   0.710619E+02   0.432000E+05   0.100000E+01   0.100000E+01   0.710619E+02   0.432000E+05   0.237654E+03  -0.999900E+04  -0.999900E+04   0.350000E+02   0.250000E+02   0.237654E+03  -0.999900E+04  -0.999900E+04   0.350000E+02   0.250000E+02   0.237588E+03   0.114000E+02   0.742708E+00   0.195236E+02   0.300000E+02   0.655295E-01  -0.999900E+04  -0.999900E+04   0.154764E+02  -0.500000E+01   0.130913E+01  -0.999900E+04  -0.999900E+04   0.193455E+01  -0.625000E+00
   0.100000E+01   0.100000E+01   0.742142E+02   0.432000E+05   0.100000E+01   0.100000E+01   0.742142E+02   0.432000E+05   0.237606E+03  -0.999900E+04  -0.999900E+04   0.350000E+02   0.250000E+02   0.237606E+03  -0.999900E+04  -0.999900E+04   0.350000E+02   0.250000E+02   0.237573E+03   0.114000E+02   0.754024E+00   0.195236E+02   0.300000E+02   0.330172E-01  -0.999900E+04  -0.999900E+04   0.154764E+02  -0.500000E+01   0.659609E+00  -0.999900E+04  -0.999900E+04   0.193455E+01  -0.625000E+00
   0.100000E+01   0.100000E+01   0.827127E+02   0.432000E+05   0.100000E+01   0.100000E+01   0.827127E+02   0.432000E+05   0.237551E+03  -0.999900E+04  -0.999900E+04   0.350000E+02   0.250000E+02   0.237551E+03  -0.999900E+04  -0.999900E+04   0.350000E+02   0.250000E+02   0.237533E+03   0.114000E+02   0.782027E+00   0.219343E+02   0.300000E+02   0.180410E-01  -0.999900E+04  -0.999900E+04   0.130657E+02  -0.500000E+01   0.360418E+00  -0.999900E+04  -0.999900E+04   0.163321E+01  -0.625000E+00
   0.100000E+01   0.100000E+01   0.899986E+02   0.432000E+05   0.100000E+01   0.100000E+01   0.899986E+02   0.432000E+05   0.237490E+03  -0.999900E+04  -0.999900E+04   0.350000E+02   0.250000E+02   0.237490E+03  -0.999900E+04  -0.999900E+04   0.350000E+02   0.250000E+02   0.237498E+03   0.114000E+02   0.809164E+00   0.243467E+02   0.300000E+02  -0.769592E-02  -0.999900E+04  -0.999900E+04   0.106533E+02  -0.500000E+01  -0.153747E+00  -0.999900E+04  -0.999900E+04   0.133166E+01  -0.625000E+00
   0.100000E+01   0.100000E+01   0.943654E+02   0.432000E+05   0.100000E+01   0.100000E+01   0.943654E+02   0.432000E+05   0.237469E+03  -0.999900E+04  -0.999900E+04   0.350000E+02   0.250000E+02   0.237469E+03  -0.999900E+04  -0.999900E+04   0.350000E+02   0.250000E+02   0.237478E+03   0.114000E+02   0.823584E+00   0.243467E+02   0.300000E+02  -0.867639E-02  -0.999900E+04  -0.999900E+04   0.106533E+02  -0.500000E+01  -0.173334E+00  -0.999900E+04  -0.999900E+04   0.133166E+01  -0.625000E+00
   0.100000E+01   0.100000E+01   0.100275E+03   0.432000E+05   0.100000E+01   0.100000E+01   0.100275E+03   0.432000E+05   0.237459E+03  -0.999900E+04  -0.999900E+04   0.350000E+02   0.250000E+02   0.237459E+03  -0.999900E+04  -0.999900E+04   0.350000E+02   0.250000E+02   0.237452E+03   0.114000E+02   0.840933E+00   0.265019E+02   0.300000E+02   0.721777E-02  -0.999900E+04  -0.999900E+04   0.849815E+01  -0.500000E+01   0.144195E+00  -0.999900E+04  -0.999900E+04   0.106227E+01  -0.625000E+00
   0.100000E+01   0.100000E+01   0.106892E+03   0.432000E+05   0.100000E+01   0.100000E+01   0.106892E+03   0.432000E+05   0.237426E+03  -0.999900E+04  -0.999900E+04   0.350000E+02   0.250000E+02   0.237426E+03  -0.999900E+04  -0.999900E+04   0.350000E+02   0.250000E+02   0.237424E+03   0.114000E+02   0.857229E+00   0.265019E+02   0.300000E+02   0.165308E-02  -0.999900E+04  -0.999900E+04   0.849815E+01  -0.500000E+01   0.330247E-01  -0.999900E+04  -0.999900E+04   0.106227E+01  -0.625000E+00
   0.100000E+01   0.100000E+01   0.113137E+03   0.432000E+05   0.100000E+01   0.100000E+01   0.113137E+03   0.432000E+05   0.237397E+03  -0.999900E+04  -0.999900E+04   0.350000E+02   0.250000E+02   0.237397E+03  -0.999900E+04  -0.999900E+04   0.350000E+02   0.250000E+02   0.237400E+03   0.114000E+02   0.869722E+00   0.282547E+02   0.300000E+02  -0.279553E-02  -0.999900E+04  -0.999900E+04   0.674527E+01  -0.500000E+01  -0.558484E-01  -0.999900E+04  -0.999900E+04   0.843158E+00  -0.625000E+00
   0.100000E+01   0.100000E+01   0.117892E+03   0.432000E+05   0.100000E+01   0.100000E+01   0.117892E+03   0.432000E+05   0.237395E+03  -0.999900E+04  -0.999900E+04   0.350000E+02   0.250000E+02   0.237395E+03  -0.999900E+04  -0.999900E+04   0.350000E+02   0.250000E+02   0.237382E+03   0.114000E+02   0.877370E+00   0.282547E+02   0.300000E+02   0.130725E-01  -0.999900E+04  -0.999900E+04   0.674527E+01  -0.500000E+01   0.261159E+00  -0.999900E+04  -0.999900E+04   0.843158E+00  -0.625000E+00
   0.100000E+01   0.100000E+01   0.123836E+03   0.432000E+05   0.100000E+01   0.100000E+01   0.123836E+03   0.432000E+05   0.237360E+03  -0.999900E+04  -0.999900E+04   0.350000E+02   0.250000E+02   0.237360E+03  -0.999900E+04  -0.999900E+04   0.350000E+02   0.250000E+02   0.237360E+03   0.114000E+02   0.885168E+00   0.295457E+02   0.300000E+02  -0.382080E-03  -0.999900E+04  -0.999900E+04   0.545426E+01  -0.500000E+01  -0.763309E-02  -0.999900E+04  -0.999900E+04   0.681783E+00  -0.625000E+00
   0.100000E+01   0.100000E+01   0.130490E+03   0.432000E+05   0.100000E+01   0.100000E+01   0.130490E+03   0.432000E+05   0.237354E+03  -0.999900E+04  -0.999900E+04   0.350000E+02   0.250000E+02   0.237354E+03  -0.999900E+04  -0.999900E+04   0.350000E+02   0.250000E+02   0.237337E+03   0.114000E+02   0.891737E+00   0.295457E+02   0.300000E+02   0.168571E-01  -0.999900E+04  -0.999900E+04   0.545426E+01  -0.500000E+01   0.336765E+00  -0.999900E+04  -0.999900E+04   0.681783E+00  -0.625000E+00
   0.100000E+01   0.100000E+01   0.141822E+03   0.432000E+05   0.100000E+01   0.100000E+01   0.141822E+03   0.432000E+05   0.237311E+03  -0.999900E+04  -0.999900E+04   0.350000E+02   0.250000E+02   0.237311E+03  -0.999900E+04  -0.999900E+04   0.350000E+02   0.250000E+02   0.237299E+03   0.114000E+02   0.899225E+00   0.307905E+02   0.300000E+02   0.119583E-01  -0.999900E+04  -0.999900E+04   0.420949E+01  -0.500000E+01   0.238899E+00  -0.999900E+04  -0.999900E+04   0.526186E+00  -0.625000E+00
   0.100000E+01   0.100000E+01   0.148093E+03   0.432000E+05   0.100000E+01   0.100000E+01   0.148093E+03   0.432000E+05   0.237272E+03  -0.999900E+04  -0.999900E+04   0.350000E+02   0.250000E+02   0.237272E+03  -0.999900E+04  -0.999900E+04   0.350000E+02   0.250000E+02   0.237278E+03   0.114000E+02   0.902072E+00   0.307905E+02   0.300000E+02  -0.647290E-02  -0.999900E+04  -0.999900E+04   0.420949E+01  -0.500000E+01  -0.129314E+00  -0.999900E+04  -0.999900E+04   0.526186E+00  -0.625000E+00
   0.100000E+01   0.100000E+01   0.152989E+03   0.432000E+05   0.100000E+01   0.100000E+01   0.152989E+03   0.432000E+05   0.237254E+03  -0.999900E+04  -0.999900E+04   0.350000E+02   0.250000E+02   0.237254E+03  -0.999900E+04  -0.999900E+04   0.350000E+02   0.250000E+02   0.237262E+03   0.114000E+02   0.904087E+00   0.308571E+02   0.300000E+02  -0.846643E-02  -0.999900E+04  -0.999900E+04   0.414294E+01  -0.500000E+01  -0.169140E+00  -0.999900E+04  -0.999900E+04   0.517867E+00  -0.625000E+00
   0.100000E+01   0.100000E+01   0.156509E+03   0.432000E+05   0.100000E+01   0.100000E+01   0.156509E+03   0.432000E+05   0.237246E+03  -0.999900E+04  -0.999900E+04   0.350000E+02   0.250000E+02   0.237246E+03  -0.999900E+04  -0.999900E+04   0.350000E+02   0.250000E+02   0.237251E+03   0.114000E+02   0.905418E+00   0.308571E+02   0.300000E+02  -0.497656E-02  -0.999900E+04  -0.999900E+04   0.414294E+01  -0.500000E+01  -0.994204E-01  -0.999900E+04  -0.999900E+04   0.517867E+00  -0.625000E+00
   0.100000E+01   0.100000E+01   0.171968E+03   0.432000E+05   0.100000E+01   0.100000E+01   0.171968E+03   0.432000E+05   0.237220E+03  -0.999900E+04  -0.999900E+04   0.350000E+02   0.250000E+02   0.237220E+03  -0.999900E+04  -0.999900E+04   0.350000E+02   0.250000E+02   0.237200E+03   0.114000E+02   0.911873E+00   0.306591E+02   0.300000E+02   0.198199E-01  -0.999900E+04  -0.999900E+04   0.434091E+01  -0.500000E+01   0.395957E+00  -0.999900E+04  -0.999900E+04   0.542614E+00  -0.625000E+00
   0.100000E+01   0.100000E+01   0.177492E+03   0.432000E+05   0.100000E+01   0.100000E+01   0.177492E+03   0.432000E+05   0.237206E+03  -0.999900E+04  -0.999900E+04   0.350000E+02   0.250000E+02   0.237206E+03  -0.999900E+04  -0.999900E+04   0.350000E+02   0.250000E+02   0.237182E+03   0.114000E+02   0.915223E+00   0.302835E+02   0.300000E+02   0.244814E-01  -0.999900E+04  -0.999900E+04   0.471655E+01  -0.500000E+01   0.489083E+00  -0.999900E+04  -0.999900E+04   0.589569E+00  -0.625000E+00
   0.100000E+01   0.100000E+01   0.183070E+03   0.432000E+05   0.100000E+01   0.100000E+01   0.183070E+03   0.432000E+05   0.237159E+03  -0.999900E+04  -0.999900E+04   0.350000E+02   0.250000E+02   0.237159E+03  -0.999900E+04  -0.999900E+04   0.350000E+02   0.250000E+02   0.237162E+03   0.114000E+02   0.915742E+00   0.302835E+02   0.300000E+02  -0.317041E-02  -0.999900E+04  -0.999900E+04   0.471655E+01  -0.500000E+01  -0.633376E-01  -0.999900E+04  -0.999900E+04   0.589569E+00  -0.625000E+00
   0.100000E+01   0.100000E+01   0.190293E+03   0.432000E+05   0.100000E+01   0.100000E+01   0.190293E+03   0.432000E+05   0.237168E+03  -0.999900E+04  -0.999900E+04   0.350000E+02   0.250000E+02   0.237168E+03  -0.999900E+04  -0.999900E+04   0.350000E+02   0.250000E+02   0.237133E+03   0.114000E+02   0.931460E+00   0.298138E+02   0.300000E+02   0.350654E-01  -0.999900E+04  -0.999900E+04   0.518617E+01  -0.500000E+01   0.700527E+00  -0.999900E+04  -0.999900E+04   0.648271E+00  -0.625000E+00
   0.100000E+01   0.100000E+01   0.192772E+03   0.432000E+05   0.100000E+01   0.100000E+01   0.192772E+03   0.432000E+05   0.237126E+03  -0.999900E+04  -0.999900E+04   0.350000E+02   0.250000E+02   0.237126E+03  -0.999900E+04  -0.999900E+04   0.350000E+02   0.250000E+02   0.237121E+03   0.114000E+02   0.943975E+00   0.298138E+02   0.300000E+02   0.496729E-02  -0.999900E+04  -0.999900E+04   0.518617E+01  -0.500000E+01   0.992350E-01  -0.999900E+04  -0.999900E+04   0.648271E+00  -0.625000E+00
   0.100000E+01   0.100000E+01   0.198304E+03   0.432000E+05   0.100000E+01   0.100000E+01   0.198304E+03   0.432000E+05   0.237105E+03  -0.999900E+04  -0.999900E+04   0.350000E+02   0.250000E+02   0.237105E+03  -0.999900E+04  -0.999900E+04   0.350000E+02   0.250000E+02   0.237089E+03   0.114000E+02   0.992341E+00   0.293257E+02   0.300000E+02   0.157513E-01  -0.999900E+04  -0.999900E+04   0.567434E+01  -0.500000E+01   0.314676E+00  -0.999900E+04  -0.999900E+04   0.709293E+00  -0.625000E+00
   0.100000E+01   0.100000E+01   0.207164E+03   0.432000E+05   0.100000E+01   0.100000E+01   0.207164E+03   0.432000E+05   0.237079E+03  -0.999900E+04  -0.999900E+04   0.350000E+02   0.250000E+02   0.237079E+03  -0.999900E+04  -0.999900E+04   0.350000E+02   0.250000E+02   0.236951E+03   0.114000E+02   0.140231E+01   0.288828E+02   0.300000E+02   0.128057E+00  -0.999900E+04  -0.999900E+04   0.611720E+01  -0.500000E+01   0.255829E+01  -0.999900E+04  -0.999900E+04   0.764650E+00  -0.625000E+00
   0.100000E+01   0.100000E+01   0.210440E+03   0.432000E+05   0.100000E+01   0.100000E+01   0.210440E+03   0.432000E+05   0.237033E+03  -0.999900E+04  -0.999900E+04   0.350000E+02   0.250000E+02   0.237033E+03  -0.999900E+04  -0.999900E+04   0.350000E+02   0.250000E+02   0.236925E+03   0.114000E+02   0.126076E+01   0.288828E+02   0.300000E+02   0.108043E+00  -0.999900E+04  -0.999900E+04   0.611720E+01  -0.500000E+01   0.215845E+01  -0.999900E+04  -0.999900E+04   0.764650E+00  -0.625000E+00
   0.100000E+01   0.100000E+01   0.222373E+03   0.432000E+05   0.100000E+01   0.100000E+01   0.222373E+03   0.432000E+05   0.236958E+03  -0.999900E+04  -0.999900E+04   0.350000E+02   0.250000E+02   0.236958E+03  -0.999900E+04  -0.999900E+04   0.350000E+02   0.250000E+02   0.236905E+03   0.114000E+02   0.805032E+00   0.285357E+02   0.300000E+02   0.532759E-01  -0.999900E+04  -0.999900E+04   0.646435E+01  -0.500000E+01   0.106433E+01  -0.999900E+04  -0.999900E+04   0.808044E+00  -0.625000E+00
   0.100000E+01   0.100000E+01   0.229058E+03   0.432000E+05   0.100000E+01   0.100000E+01   0.229058E+03   0.432000E+05   0.236974E+03  -0.999900E+04  -0.999900E+04   0.350000E+02   0.250000E+02   0.236974E+03  -0.999900E+04  -0.999900E+04   0.350000E+02   0.250000E+02   0.236900E+03   0.114000E+02   0.672541E+00   0.283204E+02   0.300000E+02   0.742808E-01  -0.999900E+04  -0.999900E+04   0.667961E+01  -0.500000E+01   0.148396E+01  -0.999900E+04  -0.999900E+04   0.834951E+00  -0.625000E+00
   0.100000E+01   0.100000E+01   0.235225E+03   0.432000E+05   0.100000E+01   0.100000E+01   0.235225E+03   0.432000E+05   0.236969E+03  -0.999900E+04  -0.999900E+04   0.350000E+02   0.250000E+02   0.236969E+03  -0.999900E+04  -0.999900E+04   0.350000E+02   0.250000E+02   0.236896E+03   0.114000E+02   0.589453E+00   0.283204E+02   0.300000E+02   0.732938E-01  -0.999900E+04  -0.999900E+04   0.667961E+01  -0.500000E+01   0.146424E+01  -0.999900E+04  -0.999900E+04   0.834951E+00  -0.625000E+00
   0.100000E+01   0.100000E+01   0.241845E+03   0.432000E+05   0.100000E+01   0.100000E+01   0.241845E+03   0.432000E+05   0.236983E+03  -0.999900E+04  -0.999900E+04   0.350000E+02   0.250000E+02   0.236983E+03  -0.999900E+04  -0.999900E+04   0.350000E+02   0.250000E+02   0.236892E+03   0.114000E+02   0.531506E+00   0.282592E+02   0.300000E+02   0.908949E-01  -0.999900E+04  -0.999900E+04   0.674083E+01  -0.500000E+01   0.181587E+01  -0.999900E+04  -0.999900E+04   0.842604E+00  -0.625000E+00
   0.100000E+01   0.100000E+01   0.248957E+03   0.432000E+05   0.100000E+01   0.100000E+01   0.248957E+03   0.432000E+05   0.236971E+03  -0.999900E+04  -0.999900E+04   0.350000E+02   0.250000E+02   0.236971E+03  -0.999900E+04  -0.999900E+04   0.350000E+02   0.250000E+02   0.236888E+03   0.114000E+02   0.507106E+00   0.282592E+02   0.300000E+02   0.830300E-01  -0.999900E+04  -0.999900E+04   0.674083E+01  -0.500000E+01   0.165875E+01  -0.999900E+04  -0.999900E+04   0.842604E+00  -0.625000E+00
   0.100000E+01   0.100000E+01   0.254375E+03   0.432000E+05   0.100000E+01   0.100000E+01   0.254375E+03   0.432000E+05   0.236938E+03  -0.999900E+04  -0.999900E+04   0.350000E+02   0.250000E+02   0.236938E+03  -0.999900E+04  -0.999900E+04   0.350000E+02   0.250000E+02   0.236884E+03   0.114000E+02   0.513227E+00   0.283610E+02   0.300000E+02   0.543025E-01  -0.999900E+04  -0.999900E+04   0.663905E+01  -0.500000E+01   0.108484E+01  -0.999900E+04  -0.999900E+04   0.829881E+00  -0.625000E+00
   0.100000E+01   0.100000E+01   0.259537E+03   0.432000E+05   0.100000E+01   0.100000E+01   0.259537E+03   0.432000E+05   0.236882E+03  -0.999900E+04  -0.999900E+04   0.350000E+02   0.250000E+02   0.236882E+03  -0.999900E+04  -0.999900E+04   0.350000E+02   0.250000E+02   0.236880E+03   0.114000E+02   0.517954E+00   0.283610E+02   0.300000E+02   0.245288E-02  -0.999900E+04  -0.999900E+04   0.663905E+01  -0.500000E+01   0.490030E-01  -0.999900E+04  -0.999900E+04   0.829881E+00  -0.625000E+00
   0.100000E+01   0.100000E+01   0.269946E+03   0.432000E+05   0.100000E+01   0.100000E+01   0.269946E+03   0.432000E+05   0.236883E+03  -0.999900E+04  -0.999900E+04   0.350000E+02   0.250000E+02   0.236883E+03  -0.999900E+04  -0.999900E+04   0.350000E+02   0.250000E+02   0.236871E+03   0.114000E+02   0.520298E+00   0.286229E+02   0.300000E+02   0.115553E-01  -0.999900E+04  -0.999900E+04   0.637705E+01  -0.500000E+01   0.230848E+00  -0.999900E+04  -0.999900E+04   0.797131E+00  -0.625000E+00
   0.100000E+01   0.100000E+01   0.280778E+03   0.432000E+05   0.100000E+01   0.100000E+01   0.280778E+03   0.432000E+05   0.236875E+03  -0.999900E+04  -0.999900E+04   0.350000E+02   0.250000E+02   0.236875E+03  -0.999900E+04  -0.999900E+04   0.350000E+02   0.250000E+02   0.236865E+03   0.114000E+02   0.494947E+00   0.290323E+02   0.300000E+02   0.979614E-02  -0.999900E+04  -0.999900E+04   0.596769E+01  -0.500000E+01   0.195705E+00  -0.999900E+04  -0.999900E+04   0.745961E+00  -0.625000E+00
   0.100000E+01   0.100000E+01   0.285062E+03   0.432000E+05   0.100000E+01   0.100000E+01   0.285062E+03   0.432000E+05   0.236870E+03  -0.999900E+04  -0.999900E+04   0.350000E+02   0.250000E+02   0.236870E+03  -0.999900E+04  -0.999900E+04   0.350000E+02   0.250000E+02   0.236863E+03   0.114000E+02   0.479864E+00   0.295681E+02   0.300000E+02   0.662720E-02  -0.999900E+04  -0.999900E+04   0.543187E+01  -0.500000E+01   0.132396E+00  -0.999900E+04  -0.999900E+04   0.678983E+00  -0.625000E+00
   0.100000E+01   0.100000E+01   0.289704E+03   0.432000E+05   0.100000E+01   0.100000E+01   0.289704E+03   0.432000E+05   0.236869E+03  -0.999900E+04  -0.999900E+04   0.350000E+02   0.250000E+02   0.236869E+03  -0.999900E+04  -0.999900E+04   0.350000E+02   0.250000E+02   0.236862E+03   0.114000E+02   0.464709E+00   0.295681E+02   0.300000E+02   0.744299E-02  -0.999900E+04  -0.999900E+04   0.543187E+01  -0.500000E+01   0.148694E+00  -0.999900E+04  -0.999900E+04   0.678983E+00  -0.625000E+00
   0.100000E+01   0.100000E+01   0.296273E+03   0.432000E+05   0.100000E+01   0.100000E+01   0.296273E+03   0.432000E+05   0.236861E+03  -0.999900E+04  -0.999900E+04   0.350000E+02   0.250000E+02   0.236861E+03  -0.999900E+04  -0.999900E+04   0.350000E+02   0.250000E+02   0.236859E+03   0.114000E+02   0.445010E+00   0.302035E+02   0.300000E+02   0.182336E-02  -0.999900E+04  -0.999900E+04   0.479654E+01  -0.500000E+01   0.364267E-01  -0.999900E+04  -0.999900E+04   0.599568E+00  -0.625000E+00
   0.100000E+01   0.100000E+01   0.303659E+03   0.432000E+05   0.100000E+01   0.100000E+01   0.303659E+03   0.432000E+05   0.236865E+03  -0.999900E+04  -0.999900E+04   0.350000E+02   0.250000E+02   0.236865E+03  -0.999900E+04  -0.999900E+04   0.350000E+02   0.250000E+02   0.236856E+03   0.114000E+02   0.432866E+00   0.302035E+02   0.300000E+02   0.858521E-02  -0.999900E+04  -0.999900E+04   0.479654E+01  -0.500000E+01   0.171513E+00  -0.999900E+04  -0.999900E+04   0.599568E+00  -0.625000E+00
   0.100000E+01   0.100000E+01   0.310056E+03   0.432000E+05   0.100000E+01   0.100000E+01   0.310056E+03   0.432000E+05   0.236853E+03  -0.999900E+04  -0.999900E+04   0.350000E+02   0.250000E+02   0.236853E+03  -0.999900E+04  -0.999900E+04   0.350000E+02   0.250000E+02   0.236853E+03   0.114000E+02   0.445971E+00   0.309074E+02   0.300000E+02   0.642090E-04  -0.999900E+04  -0.999900E+04   0.409263E+01  -0.500000E+01   0.128275E-02  -0.999900E+04  -0.999900E+04   0.511578E+00  -0.625000E+00
   0.100000E+01   0.100000E+01   0.316532E+03   0.432000E+05   0.100000E+01   0.100000E+01   0.316532E+03   0.432000E+05   0.236859E+03  -0.999900E+04  -0.999900E+04   0.350000E+02   0.250000E+02   0.236859E+03  -0.999900E+04  -0.999900E+04   0.350000E+02   0.250000E+02   0.236849E+03   0.114000E+02   0.460435E+00   0.316469E+02   0.300000E+02   0.992468E-02  -0.999900E+04  -0.999900E+04   0.335306E+01  -0.500000E+01   0.198273E+00  -0.999900E+04  -0.999900E+04   0.419132E+00  -0.625000E+00
   0.100000E+01   0.100000E+01   0.324277E+03   0.432000E+05   0.100000E+01   0.100000E+01   0.324277E+03   0.432000E+05   0.236836E+03  -0.999900E+04  -0.999900E+04   0.350000E+02   0.250000E+02   0.236836E+03  -0.999900E+04  -0.999900E+04   0.350000E+02   0.250000E+02   0.236844E+03   0.114000E+02   0.479535E+00   0.316469E+02   0.300000E+02  -0.796362E-02  -0.999900E+04  -0.999900E+04   0.335306E+01  -0.500000E+01  -0.159095E+00  -0.999900E+04  -0.999900E+04   0.419132E+00  -0.625000E+00
   0.100000E+01   0.100000E+01   0.328147E+03   0.432000E+05   0.100000E+01   0.100000E+01   0.328147E+03   0.432000E+05   0.236834E+03  -0.999900E+04  -0.999900E+04   0.350000E+02   0.250000E+02   0.236834E+03  -0.999900E+04  -0.999900E+04   0.350000E+02   0.250000E+02   0.236841E+03   0.114000E+02   0.489974E+00   0.323891E+02   0.300000E+02  -0.712549E-02  -0.999900E+04  -0.999900E+04   0.261094E+01  -0.500000E+01  -0.142351E+00  -0.999900E+04  -0.999900E+04   0.326367E+00  -0.625000E+00
   0.100000E+01   0.100000E+01   0.334669E+03   0.432000E+05   0.100000E+01   0.100000E+01   0.334669E+03   0.432000E+05   0.236815E+03  -0.999900E+04  -0.999900E+04   0.350000E+02   0.250000E+02   0.236815E+03  -0.999900E+04  -0.999900E+04   0.350000E+02   0.250000E+02   0.236836E+03   0.114000E+02   0.507968E+00   0.323891E+02   0.300000E+02  -0.210138E-01  -0.999900E+04  -0.999900E+04   0.261094E+01  -0.500000E+01  -0.419808E+00  -0.999900E+04  -0.999900E+04   0.326367E+00  -0.625000E+00
   0.100000E+01   0.100000E+01   0.336060E+03   0.432000E+05   0.100000E+01   0.100000E+01   0.336060E+03   0.432000E+05   0.236836E+03  -0.999900E+04  -0.999900E+04   0.350000E+02   0.250000E+02   0.236836E+03  -0.999900E+04  -0.999900E+04   0.350000E+02   0.250000E+02   0.236835E+03   0.114000E+02   0.504454E+00   0.323891E+02   0.300000E+02   0.688110E-03  -0.999900E+04  -0.999900E+04   0.261094E+01  -0.500000E+01   0.137469E-01  -0.999900E+04  -0.999900E+04   0.326367E+00  -0.625000E+00
   0.100000E+01   0.100000E+01   0.343576E+03   0.432000E+05   0.100000E+01   0.100000E+01   0.343576E+03   0.432000E+05   0.236822E+03  -0.999900E+04  -0.999900E+04   0.350000E+02   0.250000E+02   0.236822E+03  -0.999900E+04  -0.999900E+04   0.350000E+02   0.250000E+02   0.236832E+03   0.114000E+02   0.485051E+00   0.331021E+02   0.300000E+02  -0.972607E-02  -0.999900E+04  -0.999900E+04   0.189795E+01  -0.500000E+01  -0.194305E+00  -0.999900E+04  -0.999900E+04   0.237244E+00  -0.625000E+00
   0.100000E+01   0.100000E+01   0.349713E+03   0.432000E+05   0.100000E+01   0.100000E+01   0.349713E+03   0.432000E+05   0.236826E+03  -0.999900E+04  -0.999900E+04   0.350000E+02   0.250000E+02   0.236826E+03  -0.999900E+04  -0.999900E+04   0.350000E+02   0.250000E+02   0.236829E+03   0.114000E+02   0.468769E+00   0.337571E+02   0.300000E+02  -0.329993E-02  -0.999900E+04  -0.999900E+04   0.124291E+01  -0.500000E+01  -0.659250E-01  -0.999900E+04  -0.999900E+04   0.155364E+00  -0.625000E+00
   0.100000E+01   0.100000E+01   0.358995E+03   0.432000E+05   0.100000E+01   0.100000E+01   0.358995E+03   0.432000E+05   0.236815E+03  -0.999900E+04  -0.999900E+04   0.350000E+02   0.250000E+02   0.236815E+03  -0.999900E+04  -0.999900E+04   0.350000E+02   0.250000E+02   0.236826E+03   0.114000E+02   0.444399E+00   0.337571E+02   0.300000E+02  -0.113550E-01  -0.999900E+04  -0.999900E+04   0.124291E+01  -0.500000E+01  -0.226847E+00  -0.999900E+04  -0.999900E+04   0.155364E+00  -0.625000E+00
   0.100000E+01   0.100000E+01   0.365374E+03   0.432000E+05   0.100000E+01   0.100000E+01   0.365374E+03   0.432000E+05   0.236832E+03  -0.999900E+04  -0.999900E+04   0.350000E+02   0.250000E+02   0.236832E+03  -0.999900E+04  -0.999900E+04   0.350000E+02   0.250000E+02   0.236825E+03   0.114000E+02   0.428030E+00   0.343293E+02   0.300000E+02   0.726245E-02  -0.999900E+04  -0.999900E+04   0.670660E+00  -0.500000E+01   0.145087E+00  -0.999900E+04  -0.999900E+04   0.838325E-01  -0.625000E+00
   0.100000E+01   0.100000E+01   0.370819E+03   0.432000E+05   0.100000E+01   0.100000E+01   0.370819E+03   0.432000E+05   0.236819E+03  -0.999900E+04  -0.999900E+04   0.350000E+02   0.250000E+02   0.236819E+03  -0.999900E+04  -0.999900E+04   0.350000E+02   0.250000E+02   0.236823E+03   0.114000E+02   0.419938E+00   0.347988E+02   0.300000E+02  -0.430322E-02  -0.999900E+04  -0.999900E+04   0.201174E+00  -0.500000E+01  -0.859686E-01  -0.999900E+04  -0.999900E+04   0.251467E-01  -0.625000E+00
   0.100000E+01   0.100000E+01   0.377605E+03   0.432000E+05   0.100000E+01   0.100000E+01   0.377605E+03   0.432000E+05   0.236814E+03  -0.999900E+04  -0.999900E+04   0.350000E+02   0.250000E+02   0.236814E+03  -0.999900E+04  -0.999900E+04   0.350000E+02   0.250000E+02   0.236821E+03   0.114000E+02   0.419755E+00   0.347988E+02   0.300000E+02  -0.722803E-02  -0.999900E+04  -0.999900E+04   0.201174E+00  -0.500000E+01  -0.144399E+00  -0.999900E+04  -0.999900E+04   0.251467E-01  -0.625000E+00
   0.100000E+01   0.100000E+01   0.385766E+03   0.432000E+05   0.100000E+01   0.100000E+01   0.385766E+03   0.432000E+05   0.236826E+03  -0.999900E+04  -0.999900E+04   0.350000E+02   0.250000E+02   0.236826E+03  -0.999900E+04  -0.999900E+04   0.350000E+02   0.250000E+02   0.236819E+03   0.114000E+02   0.420579E+00   0.351510E+02   0.300000E+02   0.722864E-02  -0.999900E+04  -0.999900E+04  -0.151048E+00  -0.500000E+01   0.144412E+00  -0.999900E+04  -0.999900E+04  -0.188810E-01  -0.625000E+00
   0.100000E+01   0.100000E+01   0.392254E+03   0.432000E+05   0.100000E+01   0.100000E+01   0.392254E+03   0.432000E+05   0.236816E+03  -0.999900E+04  -0.999900E+04   0.350000E+02   0.250000E+02   0.236816E+03  -0.999900E+04  -0.999900E+04   0.350000E+02   0.250000E+02   0.236817E+03   0.114000E+02   0.414988E+00   0.351510E+02   0.300000E+02  -0.107764E-02  -0.999900E+04  -0.999900E+04  -0.151048E+00  -0.500000E+01  -0.215287E-01  -0.999900E+04  -0.999900E+04  -0.188810E-01  -0.625000E+00
   0.100000E+01   0.100000E+01   0.401554E+03   0.432000E+05   0.100000E+01   0.100000E+01   0.401554E+03   0.432000E+05   0.236814E+03  -0.999900E+04  -0.999900E+04   0.350000E+02   0.250000E+02   0.236814E+03  -0.999900E+04  -0.999900E+04   0.350000E+02   0.250000E+02   0.236816E+03   0.114000E+02   0.374840E+00   0.353773E+02   0.300000E+02  -0.223840E-02  -0.999900E+04  -0.999900E+04  -0.377323E+00  -0.500000E+01  -0.447182E-01  -0.999900E+04  -0.999900E+04  -0.471653E-01  -0.625000E+00
   0.100000E+01   0.100000E+01   0.404423E+03   0.432000E+05   0.100000E+01   0.100000E+01   0.404423E+03   0.432000E+05   0.236795E+03  -0.999900E+04  -0.999900E+04   0.350000E+02   0.250000E+02   0.236795E+03  -0.999900E+04  -0.999900E+04   0.350000E+02   0.250000E+02   0.236816E+03   0.114000E+02   0.355647E+00   0.354749E+02   0.300000E+02  -0.213910E-01  -0.999900E+04  -0.999900E+04  -0.474872E+00  -0.500000E+01  -0.427343E+00  -0.999900E+04  -0.999900E+04  -0.593590E-01  -0.625000E+00
   0.100000E+01   0.100000E+01   0.409978E+03   0.432000E+05   0.100000E+01   0.100000E+01   0.409978E+03   0.432000E+05   0.236821E+03  -0.999900E+04  -0.999900E+04   0.350000E+02   0.250000E+02   0.236821E+03  -0.999900E+04  -0.999900E+04   0.350000E+02   0.250000E+02   0.236817E+03   0.114000E+02   0.325095E+00   0.354749E+02   0.300000E+02   0.441064E-02  -0.999900E+04  -0.999900E+04  -0.474872E+00  -0.500000E+01   0.881146E-01  -0.999900E+04  -0.999900E+04  -0.593590E-01  -0.625000E+00
   0.100000E+01   0.100000E+01   0.415930E+03   0.432000E+05   0.100000E+01   0.100000E+01   0.415930E+03   0.432000E+05   0.236798E+03  -0.999900E+04  -0.999900E+04   0.350000E+02   0.250000E+02   0.236798E+03  -0.999900E+04  -0.999900E+04   0.350000E+02   0.250000E+02   0.236817E+03   0.114000E+02   0.299311E+00   0.354467E+02   0.300000E+02  -0.187114E-01  -0.999900E+04  -0.999900E+04  -0.446676E+00  -0.500000E+01  -0.373812E+00  -0.999900E+04  -0.999900E+04  -0.558345E-01  -0.625000E+00
   0.100000E+01   0.100000E+01   0.418991E+03   0.432000E+05   0.100000E+01   0.100000E+01   0.418991E+03   0.432000E+05   0.236792E+03  -0.999900E+04  -0.999900E+04   0.350000E+02   0.250000E+02   0.236792E+03  -0.999900E+04  -0.999900E+04   0.350000E+02   0.250000E+02   0.236817E+03   0.114000E+02   0.287952E+00   0.354467E+02   0.300000E+02  -0.247725E-01  -0.999900E+04  -0.999900E+04  -0.446676E+00  -0.500000E+01  -0.494897E+00  -0.999900E+04  -0.999900E+04  -0.558345E-01  -0.625000E+00
   0.100000E+01   0.100000E+01   0.425012E+03   0.432000E+05   0.100000E+01   0.100000E+01   0.425012E+03   0.432000E+05   0.236793E+03  -0.999900E+04  -0.999900E+04   0.350000E+02   0.250000E+02   0.236793E+03  -0.999900E+04  -0.999900E+04   0.350000E+02   0.250000E+02   0.236817E+03   0.114000E+02   0.268798E+00   0.354467E+02   0.300000E+02  -0.238335E-01  -0.999900E+04  -0.999900E+04  -0.446676E+00  -0.500000E+01  -0.476139E+00  -0.999900E+04  -0.999900E+04  -0.558345E-01  -0.625000E+00
   0.100000E+01   0.100000E+01   0.430597E+03   0.432000E+05   0.100000E+01   0.100000E+01   0.430597E+03   0.432000E+05   0.236795E+03  -0.999900E+04  -0.999900E+04   0.350000E+02   0.250000E+02   0.236795E+03  -0.999900E+04  -0.999900E+04   0.350000E+02   0.250000E+02   0.236817E+03   0.114000E+02   0.259402E+00   0.353011E+02   0.300000E+02  -0.217267E-01  -0.999900E+04  -0.999900E+04  -0.301116E+00  -0.500000E+01  -0.434050E+00  -0.999900E+04  -0.999900E+04  -0.376395E-01  -0.625000E+00
   0.100000E+01   0.100000E+01   0.435800E+03   0.432000E+05   0.100000E+01   0.100000E+01   0.435800E+03   0.432000E+05   0.236787E+03  -0.999900E+04  -0.999900E+04   0.350000E+02   0.250000E+02   0.236787E+03  -0.999900E+04  -0.999900E+04   0.350000E+02   0.250000E+02   0.236817E+03   0.114000E+02   0.248538E+00   0.353011E+02   0.300000E+02  -0.297114E-01  -0.999900E+04  -0.999900E+04  -0.301116E+00  -0.500000E+01  -0.593566E+00  -0.999900E+04  -0.999900E+04  -0.376395E-01  -0.625000E+00
   0.100000E+01   0.100000E+01   0.446512E+03   0.432000E+05   0.100000E+01   0.100000E+01   0.446512E+03   0.432000E+05   0.236816E+03  -0.999900E+04  -0.999900E+04   0.350000E+02   0.250000E+02   0.236816E+03  -0.999900E+04  -0.999900E+04   0.350000E+02   0.250000E+02   0.236817E+03   0.114000E+02   0.224904E+00   0.350514E+02   0.300000E+02  -0.772461E-03  -0.999900E+04  -0.999900E+04  -0.514260E-01  -0.500000E+01  -0.154320E-01  -0.999900E+04  -0.999900E+04  -0.642825E-02  -0.625000E+00
   0.100000E+01   0.100000E+01   0.447926E+03   0.432000E+05   0.100000E+01   0.100000E+01   0.447926E+03   0.432000E+05   0.236778E+03  -0.999900E+04  -0.999900E+04   0.350000E+02   0.250000E+02   0.236778E+03  -0.999900E+04  -0.999900E+04   0.350000E+02   0.250000E+02   0.236817E+03   0.114000E+02   0.222433E+00   0.347150E+02   0.300000E+02  -0.387725E-01  -0.999900E+04  -0.999900E+04   0.285009E+00  -0.500000E+01  -0.774585E+00  -0.999900E+04  -0.999900E+04   0.356261E-01  -0.625000E+00
   0.100000E+01   0.100000E+01   0.451560E+03   0.432000E+05   0.100000E+01   0.100000E+01   0.451560E+03   0.432000E+05   0.236804E+03  -0.999900E+04  -0.999900E+04   0.350000E+02   0.250000E+02   0.236804E+03  -0.999900E+04  -0.999900E+04   0.350000E+02   0.250000E+02   0.236817E+03   0.114000E+02   0.216208E+00   0.347150E+02   0.300000E+02  -0.127572E-01  -0.999900E+04  -0.999900E+04   0.285009E+00  -0.500000E+01  -0.254860E+00  -0.999900E+04  -0.999900E+04   0.356261E-01  -0.625000E+00
   0.100000E+01   0.100000E+01   0.454584E+03   0.432000E+05   0.100000E+01   0.100000E+01   0.454584E+03   0.432000E+05   0.236815E+03  -0.999900E+04  -0.999900E+04   0.350000E+02   0.250000E+02   0.236815E+03  -0.999900E+04  -0.999900E+04   0.350000E+02   0.250000E+02   0.236817E+03   0.114000E+02   0.211812E+00   0.347150E+02   0.300000E+02  -0.174194E-02  -0.999900E+04  -0.999900E+04   0.285009E+00  -0.500000E+01  -0.348001E-01  -0.999900E+04  -0.999900E+04   0.356261E-01  -0.625000E+00
   0.100000E+01   0.100000E+01   0.462210E+03   0.432000E+05   0.100000E+01   0.100000E+01   0.462210E+03   0.432000E+05   0.236806E+03  -0.999900E+04  -0.999900E+04   0.350000E+02   0.250000E+02   0.236806E+03  -0.999900E+04  -0.999900E+04   0.350000E+02   0.250000E+02   0.236816E+03   0.114000E+02   0.213728E+00   0.343125E+02   0.300000E+02  -0.103910E-01  -0.999900E+04  -0.999900E+04   0.687482E+00  -0.500000E+01  -0.207588E+00  -0.999900E+04  -0.999900E+04   0.859353E-01  -0.625000E+00
   0.100000E+01   0.100000E+01   0.466431E+03   0.432000E+05   0.100000E+01   0.100000E+01   0.466431E+03   0.432000E+05   0.236798E+03  -0.999900E+04  -0.999900E+04   0.350000E+02   0.250000E+02   0.236798E+03  -0.999900E+04  -0.999900E+04   0.350000E+02   0.250000E+02   0.236816E+03   0.114000E+02   0.217117E+00   0.343125E+02   0.300000E+02  -0.181316E-01  -0.999900E+04  -0.999900E+04   0.687482E+00  -0.500000E+01  -0.362228E+00  -0.999900E+04  -0.999900E+04   0.859353E-01  -0.625000E+00
   0.100000E+01   0.100000E+01   0.476247E+03   0.432000E+05   0.100000E+01   0.100000E+01   0.476247E+03   0.432000E+05   0.236801E+03  -0.999900E+04  -0.999900E+04   0.350000E+02   0.250000E+02   0.236801E+03  -0.999900E+04  -0.999900E+04   0.350000E+02   0.250000E+02   0.236815E+03   0.114000E+02   0.225859E+00   0.338671E+02   0.300000E+02  -0.144449E-01  -0.999900E+04  -0.999900E+04   0.113289E+01  -0.500000E+01  -0.288577E+00  -0.999900E+04  -0.999900E+04   0.141611E+00  -0.625000E+00
   0.100000E+01   0.100000E+01   0.476328E+03   0.432000E+05   0.100000E+01   0.100000E+01   0.476328E+03   0.432000E+05   0.236791E+03  -0.999900E+04  -0.999900E+04   0.350000E+02   0.250000E+02   0.236791E+03  -0.999900E+04  -0.999900E+04   0.350000E+02   0.250000E+02   0.236815E+03   0.114000E+02   0.225936E+00   0.338671E+02   0.300000E+02  -0.244297E-01  -0.999900E+04  -0.999900E+04   0.113289E+01  -0.500000E+01  -0.488049E+00  -0.999900E+04  -0.999900E+04   0.141611E+00  -0.625000E+00
   0.100000E+01   0.100000E+01   0.476328E+03   0.432000E+05   0.100000E+01   0.100000E+01   0.476328E+03   0.432000E+05   0.236801E+03  -0.999900E+04  -0.999900E+04   0.350000E+02   0.250000E+02   0.236801E+03  -0.999900E+04  -0.999900E+04   0.350000E+02   0.250000E+02   0.236815E+03   0.114000E+02   0.225936E+00   0.338671E+02   0.300000E+02  -0.144297E-01  -0.999900E+04  -0.999900E+04   0.113289E+01  -0.500000E+01  -0.288272E+00  -0.999900E+04  -0.999900E+04   0.141611E+00  -0.625000E+00
   0.100000E+01   0.100000E+01   0.490482E+03   0.432000E+05   0.100000E+01   0.100000E+01   0.490482E+03   0.432000E+05   0.236779E+03  -0.999900E+04  -0.999900E+04   0.350000E+02   0.250000E+02   0.236779E+03  -0.999900E+04  -0.999900E+04   0.350000E+02   0.250000E+02   0.236814E+03   0.114000E+02   0.239845E+00   0.334033E+02   0.300000E+02  -0.352395E-01  -0.999900E+04  -0.999900E+04   0.159670E+01  -0.500000E+01  -0.704005E+00  -0.999900E+04  -0.999900E+04   0.199587E+00  -0.625000E+00
   0.100000E+01   0.100000E+01   0.496578E+03   0.432000E+05   0.100000E+01   0.100000E+01   0.496578E+03   0.432000E+05   0.236804E+03  -0.999900E+04  -0.999900E+04   0.350000E+02   0.250000E+02   0.236804E+03  -0.999900E+04  -0.999900E+04   0.350000E+02   0.250000E+02   0.236813E+03   0.114000E+02   0.260294E+00   0.329460E+02   0.300000E+02  -0.923242E-02  -0.999900E+04  -0.999900E+04   0.205398E+01  -0.500000E+01  -0.184443E+00  -0.999900E+04  -0.999900E+04   0.256747E+00  -0.625000E+00
   0.100000E+01   0.100000E+01   0.502968E+03   0.432000E+05   0.100000E+01   0.100000E+01   0.502968E+03   0.432000E+05   0.236802E+03  -0.999900E+04  -0.999900E+04   0.350000E+02   0.250000E+02   0.236802E+03  -0.999900E+04  -0.999900E+04   0.350000E+02   0.250000E+02   0.236812E+03   0.114000E+02   0.283154E+00   0.325196E+02   0.300000E+02  -0.995068E-02  -0.999900E+04  -0.999900E+04   0.248038E+01  -0.500000E+01  -0.198792E+00  -0.999900E+04  -0.999900E+04   0.310048E+00  -0.625000E+00
   0.100000E+01   0.100000E+01   0.506325E+03   0.432000E+05   0.100000E+01   0.100000E+01   0.506325E+03   0.432000E+05   0.236808E+03  -0.999900E+04  -0.999900E+04   0.350000E+02   0.250000E+02   0.236808E+03  -0.999900E+04  -0.999900E+04   0.350000E+02   0.250000E+02   0.236811E+03   0.114000E+02   0.295552E+00   0.325196E+02   0.300000E+02  -0.315723E-02  -0.999900E+04  -0.999900E+04   0.248038E+01  -0.500000E+01  -0.630742E-01  -0.999900E+04  -0.999900E+04   0.310048E+00  -0.625000E+00
   0.100000E+01   0.100000E+01   0.516895E+03   0.432000E+05   0.100000E+01   0.100000E+01   0.516895E+03   0.432000E+05   0.236822E+03  -0.999900E+04  -0.999900E+04   0.350000E+02   0.250000E+02   0.236822E+03  -0.999900E+04  -0.999900E+04   0.350000E+02   0.250000E+02   0.236808E+03   0.114000E+02   0.337042E+00   0.321469E+02   0.300000E+02   0.139708E-01  -0.999900E+04  -0.999900E+04   0.285312E+01  -0.500000E+01   0.279105E+00  -0.999900E+04  -0.999900E+04   0.356640E+00  -0.625000E+00
   0.100000E+01   0.100000E+01   0.523063E+03   0.432000E+05   0.100000E+01   0.100000E+01   0.523063E+03   0.432000E+05   0.236791E+03  -0.999900E+04  -0.999900E+04   0.350000E+02   0.250000E+02   0.236791E+03  -0.999900E+04  -0.999900E+04   0.350000E+02   0.250000E+02   0.236806E+03   0.114000E+02   0.364616E+00   0.321469E+02   0.300000E+02  -0.145115E-01  -0.999900E+04  -0.999900E+04   0.285312E+01  -0.500000E+01  -0.289906E+00  -0.999900E+04  -0.999900E+04   0.356640E+00  -0.625000E+00
   0.100000E+01   0.100000E+01   0.530080E+03   0.432000E+05   0.100000E+01   0.100000E+01   0.530080E+03   0.432000E+05   0.236816E+03  -0.999900E+04  -0.999900E+04   0.350000E+02   0.250000E+02   0.236816E+03  -0.999900E+04  -0.999900E+04   0.350000E+02   0.250000E+02   0.236803E+03   0.114000E+02   0.383631E+00   0.318481E+02   0.300000E+02   0.133267E-01  -0.999900E+04  -0.999900E+04   0.315185E+01  -0.500000E+01   0.266236E+00  -0.999900E+04  -0.999900E+04   0.393982E+00  -0.625000E+00
   0.100000E+01   0.100000E+01   0.535966E+03   0.432000E+05   0.100000E+01   0.100000E+01   0.535966E+03   0.432000E+05   0.236801E+03  -0.999900E+04  -0.999900E+04   0.350000E+02   0.250000E+02   0.236801E+03  -0.999900E+04  -0.999900E+04   0.350000E+02   0.250000E+02   0.236800E+03   0.114000E+02   0.406460E+00   0.316405E+02   0.300000E+02   0.140894E-02  -0.999900E+04  -0.999900E+04   0.335952E+01  -0.500000E+01   0.281473E-01  -0.999900E+04  -0.999900E+04   0.419940E+00  -0.625000E+00
   0.100000E+01   0.100000E+01   0.546780E+03   0.432000E+05   0.100000E+01   0.100000E+01   0.546780E+03   0.432000E+05   0.236800E+03  -0.999900E+04  -0.999900E+04   0.350000E+02   0.250000E+02   0.236800E+03  -0.999900E+04  -0.999900E+04   0.350000E+02   0.250000E+02   0.236793E+03   0.114000E+02   0.447190E+00   0.315370E+02   0.300000E+02   0.712280E-02  -0.999900E+04  -0.999900E+04   0.346302E+01  -0.500000E+01   0.142297E+00  -0.999900E+04  -0.999900E+04   0.432877E+00  -0.625000E+00
   0.100000E+01   0.100000E+01   0.548608E+03   0.432000E+05   0.100000E+01   0.100000E+01   0.548608E+03   0.432000E+05   0.236804E+03  -0.999900E+04  -0.999900E+04   0.350000E+02   0.250000E+02   0.236804E+03  -0.999900E+04  -0.999900E+04   0.350000E+02   0.250000E+02   0.236792E+03   0.114000E+02   0.453853E+00   0.315370E+02   0.300000E+02   0.123588E-01  -0.999900E+04  -0.999900E+04   0.346302E+01  -0.500000E+01   0.246900E+00  -0.999900E+04  -0.999900E+04   0.432877E+00  -0.625000E+00
   0.100000E+01   0.100000E+01   0.560218E+03   0.432000E+05   0.100000E+01   0.100000E+01   0.560218E+03   0.432000E+05   0.236822E+03  -0.999900E+04  -0.999900E+04   0.350000E+02   0.250000E+02   0.236822E+03  -0.999900E+04  -0.999900E+04   0.350000E+02   0.250000E+02   0.236786E+03   0.114000E+02   0.452788E+00   0.315462E+02   0.300000E+02   0.364775E-01  -0.999900E+04  -0.999900E+04   0.345377E+01  -0.500000E+01   0.728738E+00  -0.999900E+04  -0.999900E+04   0.431721E+00  -0.625000E+00
   0.100000E+01   0.100000E+01   0.564534E+03   0.432000E+05   0.100000E+01   0.100000E+01   0.564534E+03   0.432000E+05   0.236789E+03  -0.999900E+04  -0.999900E+04   0.350000E+02   0.250000E+02   0.236789E+03  -0.999900E+04  -0.999900E+04   0.350000E+02   0.250000E+02   0.236783E+03   0.114000E+02   0.451092E+00   0.315462E+02   0.300000E+02   0.564429E-02  -0.999900E+04  -0.999900E+04   0.345377E+01  -0.500000E+01   0.112760E+00  -0.999900E+04  -0.999900E+04   0.431721E+00  -0.625000E+00
   0.100000E+01   0.100000E+01   0.567623E+03   0.432000E+05   0.100000E+01   0.100000E+01   0.567623E+03   0.432000E+05   0.236780E+03  -0.999900E+04  -0.999900E+04   0.350000E+02   0.250000E+02   0.236780E+03  -0.999900E+04  -0.999900E+04   0.350000E+02   0.250000E+02   0.236782E+03   0.114000E+02   0.449774E+00   0.316719E+02   0.300000E+02  -0.184509E-02  -0.999900E+04  -0.999900E+04   0.332812E+01  -0.500000E+01  -0.368607E-01  -0.999900E+04  -0.999900E+04   0.416015E+00  -0.625000E+00
   0.100000E+01   0.100000E+01   0.577139E+03   0.432000E+05   0.100000E+01   0.100000E+01   0.577139E+03   0.432000E+05   0.236796E+03  -0.999900E+04  -0.999900E+04   0.350000E+02   0.250000E+02   0.236796E+03  -0.999900E+04  -0.999900E+04   0.350000E+02   0.250000E+02   0.236777E+03   0.114000E+02   0.445340E+00   0.316719E+02   0.300000E+02   0.186257E-01  -0.999900E+04  -0.999900E+04   0.332812E+01  -0.500000E+01   0.372100E+00  -0.999900E+04  -0.999900E+04   0.416015E+00  -0.625000E+00
   0.100000E+01   0.100000E+01   0.579335E+03   0.432000E+05   0.100000E+01   0.100000E+01   0.579335E+03   0.432000E+05   0.236787E+03  -0.999900E+04  -0.999900E+04   0.350000E+02   0.250000E+02   0.236787E+03  -0.999900E+04  -0.999900E+04   0.350000E+02   0.250000E+02   0.236776E+03   0.114000E+02   0.444228E+00   0.319124E+02   0.300000E+02   0.106328E-01  -0.999900E+04  -0.999900E+04   0.308760E+01  -0.500000E+01   0.212419E+00  -0.999900E+04  -0.999900E+04   0.385950E+00  -0.625000E+00
   0.100000E+01   0.100000E+01   0.583101E+03   0.432000E+05   0.100000E+01   0.100000E+01   0.583101E+03   0.432000E+05   0.236769E+03  -0.999900E+04  -0.999900E+04   0.350000E+02   0.250000E+02   0.236769E+03  -0.999900E+04  -0.999900E+04   0.350000E+02   0.250000E+02   0.236775E+03   0.114000E+02   0.434084E+00   0.319124E+02   0.300000E+02  -0.614648E-02  -0.999900E+04  -0.999900E+04   0.308760E+01  -0.500000E+01  -0.122793E+00  -0.999900E+04  -0.999900E+04   0.385950E+00  -0.625000E+00
   0.100000E+01   0.100000E+01   0.589673E+03   0.432000E+05   0.100000E+01   0.100000E+01   0.589673E+03   0.432000E+05   0.236776E+03  -0.999900E+04  -0.999900E+04   0.350000E+02   0.250000E+02   0.236776E+03  -0.999900E+04  -0.999900E+04   0.350000E+02   0.250000E+02   0.236774E+03   0.114000E+02   0.395170E+00   0.322610E+02   0.300000E+02   0.167749E-02  -0.999900E+04  -0.999900E+04   0.273901E+01  -0.500000E+01   0.335124E-01  -0.999900E+04  -0.999900E+04   0.342376E+00  -0.625000E+00
   0.100000E+01   0.100000E+01   0.599275E+03   0.432000E+05   0.100000E+01   0.100000E+01   0.599275E+03   0.432000E+05   0.236788E+03  -0.999900E+04  -0.999900E+04   0.350000E+02   0.250000E+02   0.236788E+03  -0.999900E+04  -0.999900E+04   0.350000E+02   0.250000E+02   0.236773E+03   0.114000E+02   0.350226E+00   0.322610E+02   0.300000E+02   0.145015E-01  -0.999900E+04  -0.999900E+04   0.273901E+01  -0.500000E+01   0.289706E+00  -0.999900E+04  -0.999900E+04   0.342376E+00  -0.625000E+00
   0.100000E+01   0.100000E+01   0.604179E+03   0.432000E+05   0.100000E+01   0.100000E+01   0.604179E+03   0.432000E+05   0.236778E+03  -0.999900E+04  -0.999900E+04   0.350000E+02   0.250000E+02   0.236778E+03  -0.999900E+04  -0.999900E+04   0.350000E+02   0.250000E+02   0.236773E+03   0.114000E+02   0.331697E+00   0.327057E+02   0.300000E+02   0.482190E-02  -0.999900E+04  -0.999900E+04   0.229428E+01  -0.500000E+01   0.963305E-01  -0.999900E+04  -0.999900E+04   0.286786E+00  -0.625000E+00
   0.100000E+01   0.100000E+01   0.609244E+03   0.432000E+05   0.100000E+01   0.100000E+01   0.609244E+03   0.432000E+05   0.236764E+03  -0.999900E+04  -0.999900E+04   0.350000E+02   0.250000E+02   0.236764E+03  -0.999900E+04  -0.999900E+04   0.350000E+02   0.250000E+02   0.236773E+03   0.114000E+02   0.315242E+00   0.327057E+02   0.300000E+02  -0.891870E-02  -0.999900E+04  -0.999900E+04   0.229428E+01  -0.500000E+01  -0.178175E+00  -0.999900E+04  -0.999900E+04   0.286786E+00  -0.625000E+00
   0.100000E+01   0.100000E+01   0.616768E+03   0.432000E+05   0.100000E+01   0.100000E+01   0.616768E+03   0.432000E+05   0.236763E+03  -0.999900E+04  -0.999900E+04   0.350000E+02   0.250000E+02   0.236763E+03  -0.999900E+04  -0.999900E+04   0.350000E+02   0.250000E+02   0.236773E+03   0.114000E+02   0.296107E+00   0.332298E+02   0.300000E+02  -0.952197E-02  -0.999900E+04  -0.999900E+04   0.177025E+01  -0.500000E+01  -0.190227E+00  -0.999900E+04  -0.999900E+04   0.221281E+00  -0.625000E+00
   0.100000E+01   0.100000E+01   0.620755E+03   0.432000E+05   0.100000E+01   0.100000E+01   0.620755E+03   0.432000E+05   0.236768E+03  -0.999900E+04  -0.999900E+04   0.350000E+02   0.250000E+02   0.236768E+03  -0.999900E+04  -0.999900E+04   0.350000E+02   0.250000E+02   0.236772E+03   0.114000E+02   0.289631E+00   0.332298E+02   0.300000E+02  -0.429309E-02  -0.999900E+04  -0.999900E+04   0.177025E+01  -0.500000E+01  -0.857662E-01  -0.999900E+04  -0.999900E+04   0.221281E+00  -0.625000E+00
   0.100000E+01   0.100000E+01   0.625320E+03   0.432000E+05   0.100000E+01   0.100000E+01   0.625320E+03   0.432000E+05   0.236772E+03  -0.999900E+04  -0.999900E+04   0.350000E+02   0.250000E+02   0.236772E+03  -0.999900E+04  -0.999900E+04   0.350000E+02   0.250000E+02   0.236772E+03   0.114000E+02   0.282890E+00   0.338119E+02   0.300000E+02  -0.642090E-04  -0.999900E+04  -0.999900E+04   0.118815E+01  -0.500000E+01  -0.128275E-02  -0.999900E+04  -0.999900E+04   0.148518E+00  -0.625000E+00
   0.100000E+01   0.100000E+01   0.637896E+03   0.432000E+05   0.100000E+01   0.100000E+01   0.637896E+03   0.432000E+05   0.236771E+03  -0.999900E+04  -0.999900E+04   0.350000E+02   0.250000E+02   0.236771E+03  -0.999900E+04  -0.999900E+04   0.350000E+02   0.250000E+02   0.236772E+03   0.114000E+02   0.264851E+00   0.344269E+02   0.300000E+02  -0.575928E-03  -0.999900E+04  -0.999900E+04   0.573053E+00  -0.500000E+01  -0.115057E-01  -0.999900E+04  -0.999900E+04   0.716316E-01  -0.625000E+00
   0.100000E+01   0.100000E+01   0.640287E+03   0.432000E+05   0.100000E+01   0.100000E+01   0.640287E+03   0.432000E+05   0.236757E+03  -0.999900E+04  -0.999900E+04   0.350000E+02   0.250000E+02   0.236757E+03  -0.999900E+04  -0.999900E+04   0.350000E+02   0.250000E+02   0.236772E+03   0.114000E+02   0.261451E+00   0.344269E+02   0.300000E+02  -0.145149E-01  -0.999900E+04  -0.999900E+04   0.573053E+00  -0.500000E+01  -0.289974E+00  -0.999900E+04  -0.999900E+04   0.716316E-01  -0.625000E+00
   0.100000E+01   0.100000E+01   0.648934E+03   0.432000E+05   0.100000E+01   0.100000E+01   0.648934E+03   0.432000E+05   0.236765E+03  -0.999900E+04  -0.999900E+04   0.350000E+02   0.250000E+02   0.236765E+03  -0.999900E+04  -0.999900E+04   0.350000E+02   0.250000E+02   0.236771E+03   0.114000E+02   0.260165E+00   0.350469E+02   0.300000E+02  -0.607239E-02  -0.999900E+04  -0.999900E+04  -0.469038E-01  -0.500000E+01  -0.121312E+00  -0.999900E+04  -0.999900E+04  -0.586298E-02  -0.625000E+00
   0.100000E+01   0.100000E+01   0.654674E+03   0.432000E+05   0.100000E+01   0.100000E+01   0.654674E+03   0.432000E+05   0.236757E+03  -0.999900E+04  -0.999900E+04   0.350000E+02   0.250000E+02   0.236757E+03  -0.999900E+04  -0.999900E+04   0.350000E+02   0.250000E+02   0.236771E+03   0.114000E+02   0.269082E+00   0.356414E+02   0.300000E+02  -0.135078E-01  -0.999900E+04  -0.999900E+04  -0.641436E+00  -0.500000E+01  -0.269855E+00  -0.999900E+04  -0.999900E+04  -0.801794E-01  -0.625000E+00
   0.100000E+01   0.100000E+01   0.657559E+03   0.432000E+05   0.100000E+01   0.100000E+01   0.657559E+03   0.432000E+05   0.236747E+03  -0.999900E+04  -0.999900E+04   0.350000E+02   0.250000E+02   0.236747E+03  -0.999900E+04  -0.999900E+04   0.350000E+02   0.250000E+02   0.236770E+03   0.114000E+02   0.273788E+00   0.356414E+02   0.300000E+02  -0.232026E-01  -0.999900E+04  -0.999900E+04  -0.641436E+00  -0.500000E+01  -0.463536E+00  -0.999900E+04  -0.999900E+04  -0.801794E-01  -0.625000E+00
   0.100000E+01   0.100000E+01   0.663277E+03   0.432000E+05   0.100000E+01   0.100000E+01   0.663277E+03   0.432000E+05   0.236785E+03  -0.999900E+04  -0.999900E+04   0.350000E+02   0.250000E+02   0.236785E+03  -0.999900E+04  -0.999900E+04   0.350000E+02   0.250000E+02   0.236770E+03   0.114000E+02   0.283455E+00   0.356414E+02   0.300000E+02   0.154230E-01  -0.999900E+04  -0.999900E+04  -0.641436E+00  -0.500000E+01   0.308116E+00  -0.999900E+04  -0.999900E+04  -0.801794E-01  -0.625000E+00
   0.100000E+01   0.100000E+01   0.668185E+03   0.432000E+05   0.100000E+01   0.100000E+01   0.668185E+03   0.432000E+05   0.236781E+03  -0.999900E+04  -0.999900E+04   0.350000E+02   0.250000E+02   0.236781E+03  -0.999900E+04  -0.999900E+04   0.350000E+02   0.250000E+02   0.236769E+03   0.114000E+02   0.292174E+00   0.361791E+02   0.300000E+02   0.120028E-01  -0.999900E+04  -0.999900E+04  -0.117910E+01  -0.500000E+01   0.239789E+00  -0.999900E+04  -0.999900E+04  -0.147387E+00  -0.625000E+00
   0.100000E+01   0.100000E+01   0.676249E+03   0.432000E+05   0.100000E+01   0.100000E+01   0.676249E+03   0.432000E+05   0.236751E+03  -0.999900E+04  -0.999900E+04   0.350000E+02   0.250000E+02   0.236751E+03  -0.999900E+04  -0.999900E+04   0.350000E+02   0.250000E+02   0.236768E+03   0.114000E+02   0.305498E+00   0.366284E+02   0.300000E+02  -0.169749E-01  -0.999900E+04  -0.999900E+04  -0.162839E+01  -0.500000E+01  -0.339119E+00  -0.999900E+04  -0.999900E+04  -0.203549E+00  -0.625000E+00
   0.100000E+01   0.100000E+01   0.680808E+03   0.432000E+05   0.100000E+01   0.100000E+01   0.680808E+03   0.432000E+05   0.236774E+03  -0.999900E+04  -0.999900E+04   0.350000E+02   0.250000E+02   0.236774E+03  -0.999900E+04  -0.999900E+04   0.350000E+02   0.250000E+02   0.236768E+03   0.114000E+02   0.305113E+00   0.366284E+02   0.300000E+02   0.636084E-02  -0.999900E+04  -0.999900E+04  -0.162839E+01  -0.500000E+01   0.127075E+00  -0.999900E+04  -0.999900E+04  -0.203549E+00  -0.625000E+00
   0.100000E+01   0.100000E+01   0.688130E+03   0.432000E+05   0.100000E+01   0.100000E+01   0.688130E+03   0.432000E+05   0.236766E+03  -0.999900E+04  -0.999900E+04   0.350000E+02   0.250000E+02   0.236766E+03  -0.999900E+04  -0.999900E+04   0.350000E+02   0.250000E+02   0.236767E+03   0.114000E+02   0.310183E+00   0.369589E+02   0.300000E+02  -0.876221E-03  -0.999900E+04  -0.999900E+04  -0.195891E+01  -0.500000E+01  -0.175049E-01  -0.999900E+04  -0.999900E+04  -0.244863E+00  -0.625000E+00
   0.100000E+01   0.100000E+01   0.694363E+03   0.432000E+05   0.100000E+01   0.100000E+01   0.694363E+03   0.432000E+05   0.236772E+03  -0.999900E+04  -0.999900E+04   0.350000E+02   0.250000E+02   0.236772E+03  -0.999900E+04  -0.999900E+04   0.350000E+02   0.250000E+02   0.236766E+03   0.114000E+02   0.319564E+00   0.369589E+02   0.300000E+02   0.600879E-02  -0.999900E+04  -0.999900E+04  -0.195891E+01  -0.500000E+01   0.120042E+00  -0.999900E+04  -0.999900E+04  -0.244863E+00  -0.625000E+00
   0.100000E+01   0.100000E+01   0.700816E+03   0.432000E+05   0.100000E+01   0.100000E+01   0.700816E+03   0.432000E+05   0.236757E+03  -0.999900E+04  -0.999900E+04   0.350000E+02   0.250000E+02   0.236757E+03  -0.999900E+04  -0.999900E+04   0.350000E+02   0.250000E+02   0.236765E+03   0.114000E+02   0.335081E+00   0.371425E+02   0.300000E+02  -0.780103E-02  -0.999900E+04  -0.999900E+04  -0.214253E+01  -0.500000E+01  -0.155847E+00  -0.999900E+04  -0.999900E+04  -0.267816E+00  -0.625000E+00
   0.100000E+01   0.100000E+01   0.707817E+03   0.432000E+05   0.100000E+01   0.100000E+01   0.707817E+03   0.432000E+05   0.236789E+03  -0.999900E+04  -0.999900E+04   0.350000E+02   0.250000E+02   0.236789E+03  -0.999900E+04  -0.999900E+04   0.350000E+02   0.250000E+02   0.236763E+03   0.114000E+02   0.349610E+00   0.371425E+02   0.300000E+02   0.256180E-01  -0.999900E+04  -0.999900E+04  -0.214253E+01  -0.500000E+01   0.511790E+00  -0.999900E+04  -0.999900E+04  -0.267816E+00  -0.625000E+00
   0.100000E+01   0.100000E+01   0.714310E+03   0.432000E+05   0.100000E+01   0.100000E+01   0.714310E+03   0.432000E+05   0.236758E+03  -0.999900E+04  -0.999900E+04   0.350000E+02   0.250000E+02   0.236758E+03  -0.999900E+04  -0.999900E+04   0.350000E+02   0.250000E+02   0.236763E+03   0.114000E+02   0.336063E+00   0.371546E+02   0.300000E+02  -0.503101E-02  -0.999900E+04  -0.999900E+04  -0.215461E+01  -0.500000E+01  -0.100508E+00  -0.999900E+04  -0.999900E+04  -0.269326E+00  -0.625000E+00
   0.100000E+01   0.100000E+01   0.723056E+03   0.432000E+05   0.100000E+01   0.100000E+01   0.723056E+03   0.432000E+05   0.236761E+03  -0.999900E+04  -0.999900E+04   0.350000E+02   0.250000E+02   0.236761E+03  -0.999900E+04  -0.999900E+04   0.350000E+02   0.250000E+02   0.236763E+03   0.114000E+02   0.319750E+00   0.369751E+02   0.300000E+02  -0.161902E-02  -0.999900E+04  -0.999900E+04  -0.197512E+01  -0.500000E+01  -0.323443E-01  -0.999900E+04  -0.999900E+04  -0.246890E+00  -0.625000E+00
   0.100000E+01   0.100000E+01   0.728027E+03   0.432000E+05   0.100000E+01   0.100000E+01   0.728027E+03   0.432000E+05   0.236762E+03  -0.999900E+04  -0.999900E+04   0.350000E+02   0.250000E+02   0.236762E+03  -0.999900E+04  -0.999900E+04   0.350000E+02   0.250000E+02   0.236762E+03   0.114000E+02   0.311477E+00   0.369751E+02   0.300000E+02  -0.420654E-03  -0.999900E+04  -0.999900E+04  -0.197512E+01  -0.500000E+01  -0.840371E-02  -0.999900E+04  -0.999900E+04  -0.246890E+00  -0.625000E+00
   0.100000E+01   0.100000E+01   0.735156E+03   0.432000E+05   0.100000E+01   0.100000E+01   0.735156E+03   0.432000E+05   0.236761E+03  -0.999900E+04  -0.999900E+04   0.350000E+02   0.250000E+02   0.236761E+03  -0.999900E+04  -0.999900E+04   0.350000E+02   0.250000E+02   0.236762E+03   0.114000E+02   0.300481E+00   0.365897E+02   0.300000E+02  -0.113074E-02  -0.999900E+04  -0.999900E+04  -0.158972E+01  -0.500000E+01  -0.225896E-01  -0.999900E+04  -0.999900E+04  -0.198716E+00  -0.625000E+00
   0.100000E+01   0.100000E+01   0.737473E+03   0.432000E+05   0.100000E+01   0.100000E+01   0.737473E+03   0.432000E+05   0.236758E+03  -0.999900E+04  -0.999900E+04   0.350000E+02   0.250000E+02   0.236758E+03  -0.999900E+04  -0.999900E+04   0.350000E+02   0.250000E+02   0.236762E+03   0.114000E+02   0.297226E+00   0.365897E+02   0.300000E+02  -0.405444E-02  -0.999900E+04  -0.999900E+04  -0.158972E+01  -0.500000E+01  -0.809985E-01  -0.999900E+04  -0.999900E+04  -0.198716E+00  -0.625000E+00
   0.100000E+01   0.100000E+01   0.743355E+03   0.432000E+05   0.100000E+01   0.100000E+01   0.743355E+03   0.432000E+05   0.236764E+03  -0.999900E+04  -0.999900E+04   0.350000E+02   0.250000E+02   0.236764E+03  -0.999900E+04  -0.999900E+04   0.350000E+02   0.250000E+02   0.236762E+03   0.114000E+02   0.292836E+00   0.359907E+02   0.300000E+02   0.228125E-02  -0.999900E+04  -0.999900E+04  -0.990738E+00  -0.500000E+01   0.455742E-01  -0.999900E+04  -0.999900E+04  -0.123842E+00  -0.625000E+00
   0.100000E+01   0.100000E+01   0.748141E+03   0.432000E+05   0.100000E+01   0.100000E+01   0.748141E+03   0.432000E+05   0.236766E+03  -0.999900E+04  -0.999900E+04   0.350000E+02   0.250000E+02   0.236766E+03  -0.999900E+04  -0.999900E+04   0.350000E+02   0.250000E+02   0.236761E+03   0.114000E+02   0.293661E+00   0.359907E+02   0.300000E+02   0.467798E-02  -0.999900E+04  -0.999900E+04  -0.990738E+00  -0.500000E+01   0.934553E-01  -0.999900E+04  -0.999900E+04  -0.123842E+00  -0.625000E+00
   0.100000E+01   0.100000E+01   0.759598E+03   0.432000E+05   0.100000E+01   0.100000E+01   0.759598E+03   0.432000E+05   0.236755E+03  -0.999900E+04  -0.999900E+04   0.350000E+02   0.250000E+02   0.236755E+03  -0.999900E+04  -0.999900E+04   0.350000E+02   0.250000E+02   0.236760E+03   0.114000E+02   0.296950E+00   0.351779E+02   0.300000E+02  -0.522339E-02  -0.999900E+04  -0.999900E+04  -0.177947E+00  -0.500000E+01  -0.104351E+00  -0.999900E+04  -0.999900E+04  -0.222433E-01  -0.625000E+00
   0.100000E+01   0.100000E+01   0.762921E+03   0.432000E+05   0.100000E+01   0.100000E+01   0.762921E+03   0.432000E+05   0.236764E+03  -0.999900E+04  -0.999900E+04   0.350000E+02   0.250000E+02   0.236764E+03  -0.999900E+04  -0.999900E+04   0.350000E+02   0.250000E+02   0.236760E+03   0.114000E+02   0.298258E+00   0.351779E+02   0.300000E+02   0.412756E-02  -0.999900E+04  -0.999900E+04  -0.177947E+00  -0.500000E+01   0.824593E-01  -0.999900E+04  -0.999900E+04  -0.222433E-01  -0.625000E+00
   0.100000E+01   0.100000E+01   0.767216E+03   0.432000E+05   0.100000E+01   0.100000E+01   0.767216E+03   0.432000E+05   0.236822E+03  -0.999900E+04  -0.999900E+04   0.350000E+02   0.250000E+02   0.236822E+03  -0.999900E+04  -0.999900E+04   0.350000E+02   0.250000E+02   0.236759E+03   0.114000E+02   0.300981E+00   0.341592E+02   0.300000E+02   0.626769E-01  -0.999900E+04  -0.999900E+04   0.840769E+00  -0.500000E+01   0.125214E+01  -0.999900E+04  -0.999900E+04   0.105096E+00  -0.625000E+00
   0.100000E+01   0.100000E+01   0.775480E+03   0.432000E+05   0.100000E+01   0.100000E+01   0.775480E+03   0.432000E+05   0.236758E+03  -0.999900E+04  -0.999900E+04   0.350000E+02   0.250000E+02   0.236758E+03  -0.999900E+04  -0.999900E+04   0.350000E+02   0.250000E+02   0.236758E+03   0.114000E+02   0.323536E+00   0.329510E+02   0.300000E+02   0.446899E-03  -0.999900E+04  -0.999900E+04   0.204902E+01  -0.500000E+01   0.892803E-02  -0.999900E+04  -0.999900E+04   0.256128E+00  -0.625000E+00
   0.100000E+01   0.100000E+01   0.781353E+03   0.432000E+05   0.100000E+01   0.100000E+01   0.781353E+03   0.432000E+05   0.236751E+03  -0.999900E+04  -0.999900E+04   0.350000E+02   0.250000E+02   0.236751E+03  -0.999900E+04  -0.999900E+04   0.350000E+02   0.250000E+02   0.236756E+03   0.114000E+02   0.340109E+00   0.329510E+02   0.300000E+02  -0.498145E-02  -0.999900E+04  -0.999900E+04   0.204902E+01  -0.500000E+01  -0.995179E-01  -0.999900E+04  -0.999900E+04   0.256128E+00  -0.625000E+00
   0.100000E+01   0.100000E+01   0.792534E+03   0.432000E+05   0.100000E+01   0.100000E+01   0.792534E+03   0.432000E+05   0.236716E+03  -0.999900E+04  -0.999900E+04   0.350000E+02   0.250000E+02   0.236716E+03  -0.999900E+04  -0.999900E+04   0.350000E+02   0.250000E+02   0.236752E+03   0.114000E+02   0.372717E+00   0.315782E+02   0.300000E+02  -0.360905E-01  -0.999900E+04  -0.999900E+04   0.342178E+01  -0.500000E+01  -0.721005E+00  -0.999900E+04  -0.999900E+04   0.427722E+00  -0.625000E+00
   0.100000E+01   0.100000E+01   0.795218E+03   0.432000E+05   0.100000E+01   0.100000E+01   0.795218E+03   0.432000E+05   0.236742E+03  -0.999900E+04  -0.999900E+04   0.350000E+02   0.250000E+02   0.236742E+03  -0.999900E+04  -0.999900E+04   0.350000E+02   0.250000E+02   0.236751E+03   0.114000E+02   0.380710E+00   0.315782E+02   0.300000E+02  -0.888501E-02  -0.999900E+04  -0.999900E+04   0.342178E+01  -0.500000E+01  -0.177502E+00  -0.999900E+04  -0.999900E+04   0.427722E+00  -0.625000E+00
   0.100000E+01   0.100000E+01   0.802777E+03   0.432000E+05   0.100000E+01   0.100000E+01   0.802777E+03   0.432000E+05   0.236753E+03  -0.999900E+04  -0.999900E+04   0.350000E+02   0.250000E+02   0.236753E+03  -0.999900E+04  -0.999900E+04   0.350000E+02   0.250000E+02   0.236747E+03   0.114000E+02   0.402394E+00   0.300745E+02   0.300000E+02   0.594495E-02  -0.999900E+04  -0.999900E+04   0.492547E+01  -0.500000E+01   0.118766E+00  -0.999900E+04  -0.999900E+04   0.615684E+00  -0.625000E+00
   0.100000E+01   0.100000E+01   0.806374E+03   0.432000E+05   0.100000E+01   0.100000E+01   0.806374E+03   0.432000E+05   0.236740E+03  -0.999900E+04  -0.999900E+04   0.350000E+02   0.250000E+02   0.236740E+03  -0.999900E+04  -0.999900E+04   0.350000E+02   0.250000E+02   0.236745E+03   0.114000E+02   0.408611E+00   0.300745E+02   0.300000E+02  -0.508667E-02  -0.999900E+04  -0.999900E+04   0.492547E+01  -0.500000E+01  -0.101620E+00  -0.999900E+04  -0.999900E+04   0.615684E+00  -0.625000E+00
   0.100000E+01   0.100000E+01   0.812545E+03   0.432000E+05   0.100000E+01   0.100000E+01   0.812545E+03   0.432000E+05   0.236756E+03  -0.999900E+04  -0.999900E+04   0.350000E+02   0.250000E+02   0.236756E+03  -0.999900E+04  -0.999900E+04   0.350000E+02   0.250000E+02   0.236741E+03   0.114000E+02   0.419637E+00   0.284815E+02   0.300000E+02   0.145754E-01  -0.999900E+04  -0.999900E+04   0.651846E+01  -0.500000E+01   0.291184E+00  -0.999900E+04  -0.999900E+04   0.814808E+00  -0.625000E+00
   0.100000E+01   0.100000E+01   0.824506E+03   0.432000E+05   0.100000E+01   0.100000E+01   0.824506E+03   0.432000E+05   0.236708E+03  -0.999900E+04  -0.999900E+04   0.350000E+02   0.250000E+02   0.236708E+03  -0.999900E+04  -0.999900E+04   0.350000E+02   0.250000E+02   0.236733E+03   0.114000E+02   0.436882E+00   0.268482E+02   0.300000E+02  -0.246813E-01  -0.999900E+04  -0.999900E+04   0.815182E+01  -0.500000E+01  -0.493076E+00  -0.999900E+04  -0.999900E+04   0.101898E+01  -0.625000E+00
   0.100000E+01   0.100000E+01   0.828824E+03   0.432000E+05   0.100000E+01   0.100000E+01   0.828824E+03   0.432000E+05   0.236715E+03  -0.999900E+04  -0.999900E+04   0.350000E+02   0.250000E+02   0.236715E+03  -0.999900E+04  -0.999900E+04   0.350000E+02   0.250000E+02   0.236729E+03   0.114000E+02   0.444230E+00   0.252295E+02   0.300000E+02  -0.136682E-01  -0.999900E+04  -0.999900E+04   0.977045E+01  -0.500000E+01  -0.273060E+00  -0.999900E+04  -0.999900E+04   0.122131E+01  -0.625000E+00
   0.100000E+01   0.100000E+01   0.834252E+03   0.432000E+05   0.100000E+01   0.100000E+01   0.834252E+03   0.432000E+05   0.236727E+03  -0.999900E+04  -0.999900E+04   0.350000E+02   0.250000E+02   0.236727E+03  -0.999900E+04  -0.999900E+04   0.350000E+02   0.250000E+02   0.236723E+03   0.114000E+02   0.454192E+00   0.252295E+02   0.300000E+02   0.403857E-02  -0.999900E+04  -0.999900E+04   0.977045E+01  -0.500000E+01   0.806815E-01  -0.999900E+04  -0.999900E+04   0.122131E+01  -0.625000E+00
   0.100000E+01   0.100000E+01   0.839766E+03   0.432000E+05   0.100000E+01   0.100000E+01   0.839766E+03   0.432000E+05   0.236727E+03  -0.999900E+04  -0.999900E+04   0.350000E+02   0.250000E+02   0.236727E+03  -0.999900E+04  -0.999900E+04   0.350000E+02   0.250000E+02   0.236716E+03   0.114000E+02   0.465891E+00   0.236854E+02   0.300000E+02   0.107830E-01  -0.999900E+04  -0.999900E+04   0.113146E+02  -0.500000E+01   0.215419E+00  -0.999900E+04  -0.999900E+04   0.141432E+01  -0.625000E+00
   0.100000E+01   0.100000E+01   0.845928E+03   0.432000E+05   0.100000E+01   0.100000E+01   0.845928E+03   0.432000E+05   0.236700E+03  -0.999900E+04  -0.999900E+04   0.350000E+02   0.250000E+02   0.236700E+03  -0.999900E+04  -0.999900E+04   0.350000E+02   0.250000E+02   0.236707E+03   0.114000E+02   0.481603E+00   0.236854E+02   0.300000E+02  -0.726013E-02  -0.999900E+04  -0.999900E+04   0.113146E+02  -0.500000E+01  -0.145041E+00  -0.999900E+04  -0.999900E+04   0.141432E+01  -0.625000E+00
   0.100000E+01   0.100000E+01   0.853796E+03   0.432000E+05   0.100000E+01   0.100000E+01   0.853796E+03   0.432000E+05   0.236681E+03  -0.999900E+04  -0.999900E+04   0.350000E+02   0.250000E+02   0.236681E+03  -0.999900E+04  -0.999900E+04   0.350000E+02   0.250000E+02   0.236693E+03   0.114000E+02   0.507193E+00   0.222784E+02   0.300000E+02  -0.121152E-01  -0.999900E+04  -0.999900E+04   0.127216E+02  -0.500000E+01  -0.242035E+00  -0.999900E+04  -0.999900E+04   0.159020E+01  -0.625000E+00
   0.100000E+01   0.100000E+01   0.862250E+03   0.432000E+05   0.100000E+01   0.100000E+01   0.862250E+03   0.432000E+05   0.236691E+03  -0.999900E+04  -0.999900E+04   0.350000E+02   0.250000E+02   0.236691E+03  -0.999900E+04  -0.999900E+04   0.350000E+02   0.250000E+02   0.236673E+03   0.114000E+02   0.543677E+00   0.210717E+02   0.300000E+02   0.183163E-01  -0.999900E+04  -0.999900E+04   0.139283E+02  -0.500000E+01   0.365918E+00  -0.999900E+04  -0.999900E+04   0.174104E+01  -0.625000E+00
   0.100000E+01   0.100000E+01   0.864604E+03   0.432000E+05   0.100000E+01   0.100000E+01   0.864604E+03   0.432000E+05   0.236650E+03  -0.999900E+04  -0.999900E+04   0.350000E+02   0.250000E+02   0.236650E+03  -0.999900E+04  -0.999900E+04   0.350000E+02   0.250000E+02   0.236667E+03   0.114000E+02   0.553170E+00   0.210717E+02   0.300000E+02  -0.165039E-01  -0.999900E+04  -0.999900E+04   0.139283E+02  -0.500000E+01  -0.329710E+00  -0.999900E+04  -0.999900E+04   0.174104E+01  -0.625000E+00
   0.100000E+01   0.100000E+01   0.876099E+03   0.432000E+05   0.100000E+01   0.100000E+01   0.876099E+03   0.432000E+05   0.236667E+03  -0.999900E+04  -0.999900E+04   0.350000E+02   0.250000E+02   0.236667E+03  -0.999900E+04  -0.999900E+04   0.350000E+02   0.250000E+02   0.236630E+03   0.114000E+02   0.608410E+00   0.201267E+02   0.300000E+02   0.369799E-01  -0.999900E+04  -0.999900E+04   0.148733E+02  -0.500000E+01   0.738773E+00  -0.999900E+04  -0.999900E+04   0.185917E+01  -0.625000E+00
   0.100000E+01   0.100000E+01   0.883313E+03   0.432000E+05   0.100000E+01   0.100000E+01   0.883313E+03   0.432000E+05   0.236638E+03  -0.999900E+04  -0.999900E+04   0.350000E+02   0.250000E+02   0.236638E+03  -0.999900E+04  -0.999900E+04   0.350000E+02   0.250000E+02   0.236596E+03   0.114000E+02   0.668993E+00   0.194999E+02   0.300000E+02   0.419612E-01  -0.999900E+04  -0.999900E+04   0.155001E+02  -0.500000E+01   0.838289E+00  -0.999900E+04  -0.999900E+04   0.193751E+01  -0.625000E+00
   0.100000E+01   0.100000E+01   0.894028E+03   0.432000E+05   0.100000E+01   0.100000E+01   0.894028E+03   0.432000E+05   0.236590E+03  -0.999900E+04  -0.999900E+04   0.350000E+02   0.250000E+02   0.236590E+03  -0.999900E+04  -0.999900E+04   0.350000E+02   0.250000E+02   0.236505E+03   0.114000E+02   0.850318E+00   0.192402E+02   0.300000E+02   0.850714E-01  -0.999900E+04  -0.999900E+04   0.157598E+02  -0.500000E+01   0.169953E+01  -0.999900E+04  -0.999900E+04   0.196998E+01  -0.625000E+00
   0.100000E+01   0.100000E+01   0.900196E+03   0.432000E+05   0.100000E+01   0.100000E+01   0.900196E+03   0.432000E+05   0.236539E+03  -0.999900E+04  -0.999900E+04   0.350000E+02   0.250000E+02   0.236539E+03  -0.999900E+04  -0.999900E+04   0.350000E+02   0.250000E+02   0.236440E+03   0.114000E+02   0.867523E+00   0.192402E+02   0.300000E+02   0.989670E-01  -0.999900E+04  -0.999900E+04   0.157598E+02  -0.500000E+01   0.197714E+01  -0.999900E+04  -0.999900E+04   0.196998E+01  -0.625000E+00
   0.100000E+01   0.100000E+01   0.913897E+03   0.432000E+05   0.100000E+01   0.100000E+01   0.913897E+03   0.432000E+05   0.236452E+03  -0.999900E+04  -0.999900E+04   0.350000E+02   0.250000E+02   0.236452E+03  -0.999900E+04  -0.999900E+04   0.350000E+02   0.250000E+02   0.236289E+03   0.114000E+02   0.932034E+00   0.193852E+02   0.300000E+02   0.163288E+00  -0.999900E+04  -0.999900E+04   0.156148E+02  -0.500000E+01   0.326213E+01  -0.999900E+04  -0.999900E+04   0.195185E+01  -0.625000E+00
   0.100000E+01   0.100000E+01   0.920278E+03   0.432000E+05   0.100000E+01   0.100000E+01   0.920278E+03   0.432000E+05   0.236388E+03  -0.999900E+04  -0.999900E+04   0.350000E+02   0.250000E+02   0.236388E+03  -0.999900E+04  -0.999900E+04   0.350000E+02   0.250000E+02   0.236212E+03   0.114000E+02   0.985456E+00   0.199581E+02   0.300000E+02   0.176239E+00  -0.999900E+04  -0.999900E+04   0.150419E+02  -0.500000E+01   0.352084E+01  -0.999900E+04  -0.999900E+04   0.188023E+01  -0.625000E+00
   0.100000E+01   0.100000E+01   0.921538E+03   0.432000E+05   0.100000E+01   0.100000E+01   0.921538E+03   0.432000E+05   0.236330E+03  -0.999900E+04  -0.999900E+04   0.350000E+02   0.250000E+02   0.236330E+03  -0.999900E+04  -0.999900E+04   0.350000E+02   0.250000E+02   0.236196E+03   0.114000E+02   0.998880E+00   0.199581E+02   0.300000E+02   0.134260E+00  -0.999900E+04  -0.999900E+04   0.150419E+02  -0.500000E+01   0.268221E+01  -0.999900E+04  -0.999900E+04   0.188023E+01  -0.625000E+00
   0.100000E+01   0.100000E+01   0.925000E+03   0.432000E+05   0.100000E+01   0.100000E+01   0.925000E+03   0.432000E+05   0.236254E+03  -0.999900E+04  -0.999900E+04   0.350000E+02   0.250000E+02   0.236254E+03  -0.999900E+04  -0.999900E+04   0.350000E+02   0.250000E+02   0.236146E+03   0.114000E+02   0.105631E+01   0.199581E+02   0.300000E+02   0.107653E+00  -0.999900E+04  -0.999900E+04   0.150419E+02  -0.500000E+01   0.215066E+01  -0.999900E+04  -0.999900E+04   0.188023E+01  -0.625000E+00
   0.100000E+01   0.100000E+01   0.933614E+03   0.432000E+05   0.100000E+01   0.100000E+01   0.933614E+03   0.432000E+05   0.236181E+03  -0.999900E+04  -0.999900E+04   0.350000E+02   0.250000E+02   0.236181E+03  -0.999900E+04  -0.999900E+04   0.350000E+02   0.250000E+02   0.236015E+03   0.114000E+02   0.115698E+01   0.209643E+02   0.300000E+02   0.165711E+00  -0.999900E+04  -0.999900E+04   0.140357E+02  -0.500000E+01   0.331052E+01  -0.999900E+04  -0.999900E+04   0.175447E+01  -0.625000E+00
   0.100000E+01   0.100000E+01   0.937871E+03   0.432000E+05   0.100000E+01   0.100000E+01   0.937871E+03   0.432000E+05   0.236033E+03  -0.999900E+04  -0.999900E+04   0.350000E+02   0.250000E+02   0.236033E+03  -0.999900E+04  -0.999900E+04   0.350000E+02   0.250000E+02   0.235954E+03   0.114000E+02   0.117943E+01   0.223877E+02   0.300000E+02   0.794630E-01  -0.999900E+04  -0.999900E+04   0.126123E+02  -0.500000E+01   0.158749E+01  -0.999900E+04  -0.999900E+04   0.157654E+01  -0.625000E+00
   0.100000E+01   0.100000E+01   0.944325E+03   0.432000E+05   0.100000E+01   0.100000E+01   0.944325E+03   0.432000E+05   0.235866E+03  -0.999900E+04  -0.999900E+04   0.350000E+02   0.250000E+02   0.235866E+03  -0.999900E+04  -0.999900E+04   0.350000E+02   0.250000E+02   0.235876E+03   0.114000E+02   0.116452E+01   0.223877E+02   0.300000E+02  -0.102512E-01  -0.999900E+04  -0.999900E+04   0.126123E+02  -0.500000E+01  -0.204796E+00  -0.999900E+04  -0.999900E+04   0.157654E+01  -0.625000E+00
   0.100000E+01   0.100000E+01   0.951420E+03   0.432000E+05   0.100000E+01   0.100000E+01   0.951420E+03   0.432000E+05   0.235700E+03  -0.999900E+04  -0.999900E+04   0.350000E+02   0.250000E+02   0.235700E+03  -0.999900E+04  -0.999900E+04   0.350000E+02   0.250000E+02   0.235824E+03   0.114000E+02   0.107188E+01   0.241881E+02   0.300000E+02  -0.123517E+00  -0.999900E+04  -0.999900E+04   0.108119E+02  -0.500000E+01  -0.246758E+01  -0.999900E+04  -0.999900E+04   0.135149E+01  -0.625000E+00
   0.100000E+01   0.100000E+01   0.957414E+03   0.432000E+05   0.100000E+01   0.100000E+01   0.957414E+03   0.432000E+05   0.235725E+03  -0.999900E+04  -0.999900E+04   0.350000E+02   0.250000E+02   0.235725E+03  -0.999900E+04  -0.999900E+04   0.350000E+02   0.250000E+02   0.235800E+03   0.114000E+02   0.960654E+00   0.241881E+02   0.300000E+02  -0.749878E-01  -0.999900E+04  -0.999900E+04   0.108119E+02  -0.500000E+01  -0.149808E+01  -0.999900E+04  -0.999900E+04   0.135149E+01  -0.625000E+00
   0.100000E+01   0.100000E+01   0.962893E+03   0.432000E+05   0.100000E+01   0.100000E+01   0.962893E+03   0.432000E+05   0.235728E+03  -0.999900E+04  -0.999900E+04   0.350000E+02   0.250000E+02   0.235728E+03  -0.999900E+04  -0.999900E+04   0.350000E+02   0.250000E+02   0.235783E+03   0.114000E+02   0.910818E+00   0.262981E+02   0.300000E+02  -0.554625E-01  -0.999900E+04  -0.999900E+04   0.870187E+01  -0.500000E+01  -0.110801E+01  -0.999900E+04  -0.999900E+04   0.108773E+01  -0.625000E+00
   0.100000E+01   0.100000E+01   0.967659E+03   0.432000E+05   0.100000E+01   0.100000E+01   0.967659E+03   0.432000E+05   0.235728E+03  -0.999900E+04  -0.999900E+04   0.350000E+02   0.250000E+02   0.235728E+03  -0.999900E+04  -0.999900E+04   0.350000E+02   0.250000E+02   0.235772E+03   0.114000E+02   0.879889E+00   0.262981E+02   0.300000E+02  -0.442473E-01  -0.999900E+04  -0.999900E+04   0.870187E+01  -0.500000E+01  -0.883960E+00  -0.999900E+04  -0.999900E+04   0.108773E+01  -0.625000E+00
   0.100000E+01   0.100000E+01   0.973707E+03   0.432000E+05   0.100000E+01   0.100000E+01   0.973707E+03   0.432000E+05   0.235753E+03  -0.999900E+04  -0.999900E+04   0.350000E+02   0.250000E+02   0.235753E+03  -0.999900E+04  -0.999900E+04   0.350000E+02   0.250000E+02   0.235761E+03   0.114000E+02   0.837953E+00   0.286212E+02   0.300000E+02  -0.784900E-02  -0.999900E+04  -0.999900E+04   0.637879E+01  -0.500000E+01  -0.156805E+00  -0.999900E+04  -0.999900E+04   0.797348E+00  -0.625000E+00
   0.100000E+01   0.100000E+01   0.980498E+03   0.432000E+05   0.100000E+01   0.100000E+01   0.980498E+03   0.432000E+05   0.235734E+03  -0.999900E+04  -0.999900E+04   0.350000E+02   0.250000E+02   0.235734E+03  -0.999900E+04  -0.999900E+04   0.350000E+02   0.250000E+02   0.235752E+03   0.114000E+02   0.786762E+00   0.286212E+02   0.300000E+02  -0.182430E-01  -0.999900E+04  -0.999900E+04   0.637879E+01  -0.500000E+01  -0.364454E+00  -0.999900E+04  -0.999900E+04   0.797348E+00  -0.625000E+00
   0.100000E+01   0.100000E+01   0.985340E+03   0.432000E+05   0.100000E+01   0.100000E+01   0.985340E+03   0.432000E+05   0.235736E+03  -0.999900E+04  -0.999900E+04   0.350000E+02   0.250000E+02   0.235736E+03  -0.999900E+04  -0.999900E+04   0.350000E+02   0.250000E+02   0.235748E+03   0.114000E+02   0.749826E+00   0.310302E+02   0.300000E+02  -0.121384E-01  -0.999900E+04  -0.999900E+04   0.396980E+01  -0.500000E+01  -0.242498E+00  -0.999900E+04  -0.999900E+04   0.496225E+00  -0.625000E+00
   0.100000E+01   0.100000E+01   0.990341E+03   0.432000E+05   0.100000E+01   0.100000E+01   0.990341E+03   0.432000E+05   0.235706E+03  -0.999900E+04  -0.999900E+04   0.350000E+02   0.250000E+02   0.235706E+03  -0.999900E+04  -0.999900E+04   0.350000E+02   0.250000E+02   0.235745E+03   0.114000E+02   0.712504E+00   0.310302E+02   0.300000E+02  -0.388578E-01  -0.999900E+04  -0.999900E+04   0.396980E+01  -0.500000E+01  -0.776290E+00  -0.999900E+04  -0.999900E+04   0.496225E+00  -0.625000E+00
   0.100000E+01   0.100000E+01   0.996731E+03   0.432000E+05   0.100000E+01   0.100000E+01   0.996731E+03   0.432000E+05   0.235709E+03  -0.999900E+04  -0.999900E+04   0.350000E+02   0.250000E+02   0.235709E+03  -0.999900E+04  -0.999900E+04   0.350000E+02   0.250000E+02   0.235740E+03   0.114000E+02   0.684009E+00   0.333670E+02   0.300000E+02  -0.314785E-01  -0.999900E+04  -0.999900E+04   0.163303E+01  -0.500000E+01  -0.628869E+00  -0.999900E+04  -0.999900E+04   0.204129E+00  -0.625000E+00
   0.100000E+01   0.100000E+01   0.100255E+04   0.432000E+05   0.100000E+01   0.100000E+01   0.100255E+04   0.432000E+05   0.235735E+03  -0.999900E+04  -0.999900E+04   0.350000E+02   0.250000E+02   0.235735E+03  -0.999900E+04  -0.999900E+04   0.350000E+02   0.250000E+02   0.235737E+03   0.114000E+02   0.665642E+00   0.333670E+02   0.300000E+02  -0.175537E-02  -0.999900E+04  -0.999900E+04   0.163303E+01  -0.500000E+01  -0.350683E-01  -0.999900E+04  -0.999900E+04   0.204129E+00  -0.625000E+00
   0.100000E+01   0.100000E+01   0.100924E+04   0.432000E+05   0.100000E+01   0.100000E+01   0.100924E+04   0.432000E+05   0.235718E+03  -0.999900E+04  -0.999900E+04   0.350000E+02   0.250000E+02   0.235718E+03  -0.999900E+04  -0.999900E+04   0.350000E+02   0.250000E+02   0.235734E+03   0.114000E+02   0.640064E+00   0.354434E+02   0.300000E+02  -0.155510E-01  -0.999900E+04  -0.999900E+04  -0.443378E+00  -0.500000E+01  -0.310674E+00  -0.999900E+04  -0.999900E+04  -0.554222E-01  -0.625000E+00
   0.100000E+01   0.100000E+01   0.101458E+04   0.432000E+05   0.100000E+01   0.100000E+01   0.101458E+04   0.432000E+05   0.235723E+03  -0.999900E+04  -0.999900E+04   0.350000E+02   0.250000E+02   0.235723E+03  -0.999900E+04  -0.999900E+04   0.350000E+02   0.250000E+02   0.235732E+03   0.114000E+02   0.617338E+00   0.370438E+02   0.300000E+02  -0.870471E-02  -0.999900E+04  -0.999900E+04  -0.204375E+01  -0.500000E+01  -0.173900E+00  -0.999900E+04  -0.999900E+04  -0.255469E+00  -0.625000E+00
   0.100000E+01   0.100000E+01   0.101971E+04   0.432000E+05   0.100000E+01   0.100000E+01   0.101971E+04   0.432000E+05   0.235749E+03  -0.999900E+04  -0.999900E+04   0.350000E+02   0.250000E+02   0.235749E+03  -0.999900E+04  -0.999900E+04   0.350000E+02   0.250000E+02   0.235730E+03   0.114000E+02   0.594606E+00   0.370438E+02   0.300000E+02   0.185923E-01  -0.999900E+04  -0.999900E+04  -0.204375E+01  -0.500000E+01   0.371431E+00  -0.999900E+04  -0.999900E+04  -0.255469E+00  -0.625000E+00
   0.100000E+01   0.100000E+01   0.102562E+04   0.432000E+05   0.100000E+01   0.100000E+01   0.102562E+04   0.432000E+05   0.235734E+03  -0.999900E+04  -0.999900E+04   0.350000E+02   0.250000E+02   0.235734E+03  -0.999900E+04  -0.999900E+04   0.350000E+02   0.250000E+02   0.235729E+03   0.114000E+02   0.577821E+00   0.379293E+02   0.300000E+02   0.534705E-02  -0.999900E+04  -0.999900E+04  -0.292932E+01  -0.500000E+01   0.106822E+00  -0.999900E+04  -0.999900E+04  -0.366166E+00  -0.625000E+00
   0.100000E+01   0.100000E+01   0.103119E+04   0.432000E+05   0.100000E+01   0.100000E+01   0.103119E+04   0.432000E+05   0.235719E+03  -0.999900E+04  -0.999900E+04   0.350000E+02   0.250000E+02   0.235719E+03  -0.999900E+04  -0.999900E+04   0.350000E+02   0.250000E+02   0.235727E+03   0.114000E+02   0.565507E+00   0.379293E+02   0.300000E+02  -0.798975E-02  -0.999900E+04  -0.999900E+04  -0.292932E+01  -0.500000E+01  -0.159617E+00  -0.999900E+04  -0.999900E+04  -0.366166E+00  -0.625000E+00
   0.100000E+01   0.100000E+01   0.103694E+04   0.432000E+05   0.100000E+01   0.100000E+01   0.103694E+04   0.432000E+05   0.235745E+03  -0.999900E+04  -0.999900E+04   0.350000E+02   0.250000E+02   0.235745E+03  -0.999900E+04  -0.999900E+04   0.350000E+02   0.250000E+02   0.235725E+03   0.114000E+02   0.552589E+00   0.378449E+02   0.300000E+02   0.195972E-01  -0.999900E+04  -0.999900E+04  -0.284493E+01  -0.500000E+01   0.391507E+00  -0.999900E+04  -0.999900E+04  -0.355616E+00  -0.625000E+00
   0.100000E+01   0.100000E+01   0.104365E+04   0.432000E+05   0.100000E+01   0.100000E+01   0.104365E+04   0.432000E+05   0.235700E+03  -0.999900E+04  -0.999900E+04   0.350000E+02   0.250000E+02   0.235700E+03  -0.999900E+04  -0.999900E+04   0.350000E+02   0.250000E+02   0.235724E+03   0.114000E+02   0.537396E+00   0.378449E+02   0.300000E+02  -0.236481E-01  -0.999900E+04  -0.999900E+04  -0.284493E+01  -0.500000E+01  -0.472434E+00  -0.999900E+04  -0.999900E+04  -0.355616E+00  -0.625000E+00
   0.100000E+01   0.100000E+01   0.105003E+04   0.432000E+05   0.100000E+01   0.100000E+01   0.105003E+04   0.432000E+05   0.235727E+03  -0.999900E+04  -0.999900E+04   0.350000E+02   0.250000E+02   0.235727E+03  -0.999900E+04  -0.999900E+04   0.350000E+02   0.250000E+02   0.235722E+03   0.114000E+02   0.525837E+00   0.365285E+02   0.300000E+02   0.516772E-02  -0.999900E+04  -0.999900E+04  -0.152845E+01  -0.500000E+01   0.103239E+00  -0.999900E+04  -0.999900E+04  -0.191057E+00  -0.625000E+00
   0.100000E+01   0.100000E+01   0.105693E+04   0.432000E+05   0.100000E+01   0.100000E+01   0.105693E+04   0.432000E+05   0.235724E+03  -0.999900E+04  -0.999900E+04   0.350000E+02   0.250000E+02   0.235724E+03  -0.999900E+04  -0.999900E+04   0.350000E+02   0.250000E+02   0.235719E+03   0.114000E+02   0.523371E+00   0.365285E+02   0.300000E+02   0.483801E-02  -0.999900E+04  -0.999900E+04  -0.152845E+01  -0.500000E+01   0.966524E-01  -0.999900E+04  -0.999900E+04  -0.191057E+00  -0.625000E+00
   0.100000E+01   0.100000E+01   0.106299E+04   0.432000E+05   0.100000E+01   0.100000E+01   0.106299E+04   0.432000E+05   0.235732E+03  -0.999900E+04  -0.999900E+04   0.350000E+02   0.250000E+02   0.235732E+03  -0.999900E+04  -0.999900E+04   0.350000E+02   0.250000E+02   0.235717E+03   0.114000E+02   0.521646E+00   0.337234E+02   0.300000E+02   0.154625E-01  -0.999900E+04  -0.999900E+04   0.127661E+01  -0.500000E+01   0.308906E+00  -0.999900E+04  -0.999900E+04   0.159576E+00  -0.625000E+00
   0.100000E+01   0.100000E+01   0.106879E+04   0.432000E+05   0.100000E+01   0.100000E+01   0.106879E+04   0.432000E+05   0.235712E+03  -0.999900E+04  -0.999900E+04   0.350000E+02   0.250000E+02   0.235712E+03  -0.999900E+04  -0.999900E+04   0.350000E+02   0.250000E+02   0.235714E+03   0.114000E+02   0.520616E+00   0.291951E+02   0.300000E+02  -0.150098E-02  -0.999900E+04  -0.999900E+04   0.580491E+01  -0.500000E+01  -0.299861E-01  -0.999900E+04  -0.999900E+04   0.725614E+00  -0.625000E+00
   0.100000E+01   0.100000E+01   0.107788E+04   0.432000E+05   0.100000E+01   0.100000E+01   0.107788E+04   0.432000E+05   0.235707E+03  -0.999900E+04  -0.999900E+04   0.350000E+02   0.250000E+02   0.235707E+03  -0.999900E+04  -0.999900E+04   0.350000E+02   0.250000E+02   0.235708E+03   0.114000E+02   0.520337E+00   0.291951E+02   0.300000E+02  -0.748413E-03  -0.999900E+04  -0.999900E+04   0.580491E+01  -0.500000E+01  -0.149516E-01  -0.999900E+04  -0.999900E+04   0.725614E+00  -0.625000E+00
