"X2" "X3" "X4" "X5" "X6" "X7" "X8" "X9" "X10" "X11" "X12"
1 -1 1 -1 1 -1 1 -1 1 -1 1
1 -0.979591836734694 0.939400249895876 -0.880653469217758 0.805141474094248 -0.715155252416469 0.613409224907498 -0.502949598052003 0.387051904219823 -0.269111363734671 0.152529946867507
1 -0.959183673469388 0.880049979175344 -0.767426837457182 0.628143278493048 -0.470567129228373 0.304041165239022 -0.138257772501167 -0.0173836481215853 0.154391341654431 -0.265725059746506
1 -0.938775510204082 0.821949187838401 -0.660192606821987 0.468140248900179 -0.262907396357407 0.0623700053615779 0.116610820183248 -0.259832596340465 0.357092174209547 -0.403086500557141
1 -0.918367346938776 0.765097875885048 -0.55882327941589 0.324285435004609 -0.0890050547402125 -0.12038241319634 0.281606990709858 -0.379575385211249 0.408129771719594 -0.370526959065495
1 -0.897959183673469 0.709496043315285 -0.463191357342604 0.195750100480485 0.0541570050974628 -0.252281513894186 0.37429407127936 -0.409442672904775 0.361768352361139 -0.248722701679401
1 -0.877551020408163 0.655143690129113 -0.373169342705845 0.0817237229871418 0.169445348466619 -0.340714156314832 0.410035804462989 -0.37655137311898 0.259693919275472 -0.0941036255154899
1 -0.857142857142857 0.602040816326531 -0.28862973760933 -0.0185860058309035 0.259579341940858 -0.392422056286071 0.402175265893827 -0.302983806650481 0.133056085528489 0.0559940866961803
1 -0.836734693877551 0.550187421907539 -0.209445044156772 -0.105953180343953 0.327134498782228 -0.413534454988151 0.362205020019561 -0.206412676660955 0.00427498363949555 0.178975057453702
1 -0.816326530612245 0.499583506872137 -0.135487764451887 -0.181133680937122 0.374545824367076 -0.409600037047342 0.299928708165299 -0.100674520897809 -0.111368207234211 0.263341431048845
1 -0.795918367346939 0.450229071220325 -0.06663040059839 -0.244865174010343 0.404111161611898 -0.385618097615544 0.223614268155052 0.0037057668658827 -0.204339493308074 0.305676166027406
1 -0.775510204081633 0.402124114952103 -0.00274545469999736 -0.297867111978367 0.417994536399187 -0.34606895843592 0.140138984740476 0.0990368149016558 -0.269642323003937 0.308176575177985
1 -0.755102040816326 0.355268638067472 0.0562945711395762 -0.340840733270758 0.418229503003288 -0.294943632894566 0.0551265700854798 0.180026580830089 -0.30577400184951 0.276668165620687
1 -0.73469387755102 0.30966264056643 0.110617174816616 -0.3744690623319 0.406722489516241 -0.235772740058217 -0.0269235264446918 0.243389678877811 -0.313833245140366 0.219034880185501
1 -0.714285714285714 0.26530612244898 0.160349854227405 -0.399416909620991 0.385256143273636 -0.171654667697983 -0.102514379941302 0.287493878799979 -0.296764673353735 0.144007565774373
1 -0.693877551020408 0.222199083715119 0.20562010726823 -0.416330871612047 0.355492676280462 -0.105282984299121 -0.169037223808293 0.312043489175582 -0.258726859434547 0.0602579029965015
1 -0.673469387755102 0.180341524364848 0.246555431835375 -0.425839330793899 0.318977210636957 -0.0389731000568375 -0.22466425656817 0.317797398777396 -0.204571320043983 -0.0242498677413349
1 -0.653061224489796 0.139733444398168 0.283283325825124 -0.428552455670196 0.277141123964458 0.0253118231418668 -0.268248422369 0.306319610712908 -0.139420604669328 -0.102692287113145
1 -0.63265306122449 0.100374843815077 0.315931287133762 -0.425062200759402 0.231305394831248 0.0859357127503331 -0.299229965943939 0.279760165026958 -0.0683343771410036 -0.169643438042525
1 -0.612244897959184 0.0622657226155768 0.344626813657575 -0.415942306594798 0.182683948178412 0.141565177608332 -0.317549562774643 0.240664406451356 0.00394689641149348 -0.22118925346857
1 -0.591836734693878 0.0254060807996668 0.369497403292846 -0.401748299724483 0.132387000745683 0.191145851002128 -0.323567825210008 0.191808614981183 0.0731903408086165 -0.254929544882142
1 -0.571428571428571 -0.0102040816326531 0.39067055393586 -0.38301749271137 0.0814244064972927 0.233879484738502 -0.3179909852916 0.136060077951954 0.135800156755504 -0.269894240348448
1 -0.551020408163265 -0.0445647646813829 0.408273763482903 -0.36026898413319 0.0307090020478218 0.26920179423275 -0.301802555037186 0.0762597432862937 0.188896551941425 -0.266396893745319
1 -0.530612244897959 -0.0776759683465222 0.422434529830258 -0.334003658582491 -0.0189400479119499 0.296761054610639 -0.276200764933769 0.015125654573267 0.230351837942525 -0.245845350225343
1 -0.510204081632653 -0.109537692628072 0.433280350874211 -0.304704186666634 -0.0667939051891941 0.316397447824333 -0.242541581391502 -0.044824570362074 0.258790798887415 -0.210526518248668
1 -0.489795918367347 -0.140149937526031 0.440938724511046 -0.272835025007802 -0.112210712663183 0.328123160782285 -0.202287103909904 -0.101333894746832 0.273561845327415 -0.163379497726425
1 -0.469387755102041 -0.1695127030404 0.445537148637047 -0.238842416242989 -0.154632248859439 0.332103234493097 -0.156959142707757 -0.152450268359581 0.27468489539691 -0.107768838656886
1 -0.448979591836735 -0.197625989171179 0.447203121148501 -0.20315438902401 -0.193580582523887 0.328637164223344 -0.108097777568086 -0.196556838599843 0.262781375154265 -0.047267446922351
1 -0.428571428571429 -0.224489795918367 0.446064139941691 -0.166180758017493 -0.228654727197001 0.318141250669364 -0.0572246986496152 -0.232389461492253 0.238991200960053 0.0145433945612699
1 -0.408163265306122 -0.250104123281966 0.442247702912902 -0.128313123904884 -0.259527295787958 0.301131702143018 -0.00581113001610824 -0.259042945995466 0.204881098877036 0.0742512685933201
1 -0.387755102040816 -0.274468971261974 0.435881307958419 -0.0899248733824463 -0.285941155148783 0.278208487771411 0.0447498633650248 -0.275967403991393 0.162348129365375 0.128763164202661
1 -0.36734693877551 -0.297584339858392 0.427092452974526 -0.0513711791612581 -0.307706080648503 0.250039941710584 0.0931668844034494 -0.282956017335872 0.113521819996881 0.175426818788135
1 -0.346938775510204 -0.31945022907122 0.416008635857508 -0.0129889999672147 -0.324695410747297 0.217348118373171 0.138269727694562 -0.280125472357425 0.0606678645238724 0.212121659323293
1 -0.326530612244898 -0.340066638900458 0.402757354503651 0.0249029194589719 -0.336842701570643 0.180894898670017 0.179025117604681 -0.267890251196273 0.00609592341122796 0.23731926542968
1 -0.306122448979592 -0.359433569346106 0.387466106809238 0.0620040483617734 -0.344138381483469 0.141468847265775 0.214548859881381 -0.246931908381306 -0.0479263411253256 0.250114242483415
1 -0.285714285714286 -0.377551020408163 0.370262390670554 0.0980320699708455 -0.346626405664307 0.099872820848456 0.244114606037572 -0.218164400048241 -0.0992512434359338 0.250227206480067
1 -0.26530612244898 -0.394418992086631 0.351273703983884 0.132722881501027 -0.344400910679434 0.0569123274129509 0.267159429757916 -0.182696472207744 -0.145919673712452 0.237982252348145
1 -0.244897959183673 -0.410037484381508 0.330627544645513 0.165830594152339 -0.337602869057034 0.0133846365585214 0.283286414576206 -0.14179205347778 -0.186219264409083 0.214261811977494
1 -0.224489795918367 -0.424406497292795 0.308451410551726 0.19712753310999 -0.326416743861336 -0.0299313591997478 0.292264452072293 -0.096829536700038 -0.218731387413678 0.180442215620766
1 -0.204081632653061 -0.437526030820492 0.284872799598806 0.226404237544366 -0.311067143266772 -0.0722845321055269 0.29402544983717 -0.0492607728657647 -0.242366541834446 0.138313558739484
1 -0.183673469387755 -0.449396084964598 0.26001920968304 0.253469460611043 -0.291815475132124 -0.112960155821855 0.288659148454815 -0.000570539781897597 -0.256387967364302 0.0899876540063518
1 -0.163265306122449 -0.460016659725115 0.234018138700711 0.278150169450776 -0.268956601574675 -0.151287791077785 0.276405746749399 0.0477628130861026 -0.260423572121257 0.0377979232478772
1 -0.142857142857143 -0.469387755102041 0.206997084548105 0.300291545189504 -0.242815493544356 -0.186648420301065 0.257646534546466 0.0943049031527716 -0.254466496638082 -0.0158049351785864
1 -0.122448979591837 -0.477509371095377 0.179083545121505 0.319756982938353 -0.213743885397902 -0.218480831236853 0.23289273219667 0.137700457185052 -0.238864847287914 -0.0683577735260935
1 -0.102040816326531 -0.484381507705123 0.150405018317198 0.336428091793628 -0.182116929472996 -0.246287249552463 0.202772736110702 0.176705539255592 -0.214301322884627 -0.117486769668728
1 -0.0816326530612244 -0.490004164931279 0.121089002031466 0.350204694836821 -0.14832985066242 -0.269638220428145 0.16801796955398 0.210216406718406 -0.181763627487555 -0.161002856477067
1 -0.0612244897959183 -0.494377342773844 0.0912629941605963 0.361004829134605 -0.112794600988209 -0.288176739133903 0.129447537949725 0.237294597742834 -0.142506710569562 -0.19698782673903
1 -0.0408163265306121 -0.49750104123282 0.0610544926008718 0.368764745738838 -0.0759365141757957 -0.30162163059234 0.0879518879390225 0.257187914936229 -0.098008002675575 -0.22386850282695
1 -0.0204081632653061 -0.499375260308205 0.0305909952485784 0.373438909686562 -0.038190960228165 -0.309770177927543 0.0444756694464682 0.269347030580231 -0.0499169205053956 -0.240476773461794
1 2.22044604925031e-16 -0.5 -3.33066907387547e-16 0.375 4.16333634234434e-16 -0.3125 -4.85722573273506e-16 0.2734375 5.46437894932694e-16 -0.24609375
1 0.0204081632653061 -0.499375260308205 -0.0305909952485784 0.373438909686562 0.038190960228165 -0.309770177927543 -0.0444756694464682 0.269347030580231 0.0499169205053956 -0.240476773461794
1 0.0408163265306125 -0.49750104123282 -0.0610544926008725 0.368764745738838 0.0759365141757965 -0.301621630592339 -0.0879518879390234 0.257187914936229 0.098008002675576 -0.223868502826949
1 0.0612244897959184 -0.494377342773844 -0.0912629941605965 0.361004829134605 0.112794600988209 -0.288176739133902 -0.129447537949725 0.237294597742834 0.142506710569562 -0.19698782673903
1 0.0816326530612248 -0.490004164931279 -0.121089002031467 0.350204694836821 0.148329850662421 -0.269638220428145 -0.168017969553981 0.210216406718405 0.181763627487555 -0.161002856477066
1 0.102040816326531 -0.484381507705123 -0.150405018317198 0.336428091793628 0.182116929472996 -0.246287249552463 -0.202772736110703 0.176705539255592 0.214301322884628 -0.117486769668727
1 0.122448979591837 -0.477509371095377 -0.179083545121506 0.319756982938353 0.213743885397903 -0.218480831236853 -0.232892732196671 0.137700457185052 0.238864847287914 -0.068357773526093
1 0.142857142857143 -0.469387755102041 -0.206997084548105 0.300291545189504 0.242815493544356 -0.186648420301065 -0.257646534546466 0.0943049031527716 0.254466496638082 -0.0158049351785864
1 0.163265306122449 -0.460016659725114 -0.234018138700712 0.278150169450775 0.268956601574675 -0.151287791077784 -0.276405746749399 0.0477628130861021 0.260423572121257 0.0377979232478778
1 0.183673469387755 -0.449396084964598 -0.26001920968304 0.253469460611043 0.291815475132124 -0.112960155821855 -0.288659148454815 -0.000570539781897597 0.256387967364302 0.0899876540063518
1 0.204081632653061 -0.437526030820491 -0.284872799598807 0.226404237544366 0.311067143266772 -0.0722845321055263 -0.29402544983717 -0.0492607728657655 0.242366541834446 0.138313558739484
1 0.224489795918367 -0.424406497292795 -0.308451410551726 0.197127533109989 0.326416743861336 -0.0299313591997475 -0.292264452072293 -0.0968295367000382 0.218731387413677 0.180442215620766
1 0.244897959183674 -0.410037484381507 -0.330627544645514 0.165830594152339 0.337602869057034 0.0133846365585221 -0.283286414576206 -0.141792053477781 0.186219264409082 0.214261811977494
1 0.26530612244898 -0.394418992086631 -0.351273703983884 0.132722881501027 0.344400910679434 0.0569123274129512 -0.267159429757915 -0.182696472207744 0.145919673712452 0.237982252348145
1 0.285714285714286 -0.377551020408163 -0.370262390670554 0.0980320699708449 0.346626405664307 0.0998728208484567 -0.244114606037571 -0.218164400048242 0.099251243435933 0.250227206480067
1 0.306122448979592 -0.359433569346106 -0.387466106809238 0.0620040483617733 0.344138381483469 0.141468847265776 -0.214548859881381 -0.246931908381306 0.0479263411253253 0.250114242483415
1 0.326530612244898 -0.340066638900458 -0.402757354503651 0.0249029194589711 0.336842701570643 0.180894898670018 -0.17902511760468 -0.267890251196274 -0.00609592341122917 0.23731926542968
1 0.346938775510204 -0.31945022907122 -0.416008635857508 -0.0129889999672151 0.324695410747297 0.217348118373171 -0.138269727694561 -0.280125472357425 -0.060667864523873 0.212121659323293
1 0.36734693877551 -0.297584339858392 -0.427092452974526 -0.0513711791612585 0.307706080648503 0.250039941710585 -0.0931668844034489 -0.282956017335872 -0.113521819996882 0.175426818788135
1 0.387755102040816 -0.274468971261974 -0.435881307958419 -0.0899248733824463 0.285941155148783 0.278208487771411 -0.0447498633650248 -0.275967403991393 -0.162348129365375 0.128763164202661
1 0.408163265306123 -0.250104123281966 -0.442247702912902 -0.128313123904885 0.259527295787957 0.301131702143018 0.00581113001610881 -0.259042945995466 -0.204881098877037 0.0742512685933195
1 0.428571428571429 -0.224489795918367 -0.446064139941691 -0.166180758017493 0.228654727197001 0.318141250669364 0.0572246986496152 -0.232389461492253 -0.238991200960053 0.0145433945612699
1 0.448979591836735 -0.197625989171178 -0.447203121148501 -0.20315438902401 0.193580582523886 0.328637164223344 0.108097777568087 -0.196556838599842 -0.262781375154266 -0.0472674469223522
1 0.469387755102041 -0.1695127030404 -0.445537148637047 -0.238842416242989 0.154632248859439 0.332103234493097 0.156959142707758 -0.152450268359581 -0.27468489539691 -0.107768838656886
1 0.489795918367347 -0.14014993752603 -0.440938724511045 -0.272835025007802 0.112210712663182 0.328123160782284 0.202287103909905 -0.101333894746831 -0.273561845327414 -0.163379497726425
1 0.510204081632653 -0.109537692628071 -0.433280350874211 -0.304704186666634 0.0667939051891938 0.316397447824332 0.242541581391502 -0.0448245703620737 -0.258790798887415 -0.210526518248669
1 0.53061224489796 -0.0776759683465217 -0.422434529830258 -0.334003658582491 0.0189400479119491 0.296761054610639 0.276200764933769 0.015125654573268 -0.230351837942524 -0.245845350225343
1 0.551020408163265 -0.0445647646813825 -0.408273763482902 -0.360268984133191 -0.0307090020478223 0.26920179423275 0.301802555037187 0.0762597432862944 -0.188896551941424 -0.266396893745319
1 0.571428571428572 -0.0102040816326524 -0.39067055393586 -0.383017492711371 -0.0814244064972938 0.233879484738501 0.3179909852916 0.136060077951955 -0.135800156755503 -0.269894240348448
1 0.591836734693878 0.0254060807996672 -0.369497403292845 -0.401748299724483 -0.132387000745684 0.191145851002127 0.323567825210008 0.191808614981184 -0.0731903408086156 -0.254929544882141
1 0.612244897959184 0.0622657226155773 -0.344626813657574 -0.415942306594798 -0.182683948178412 0.141565177608332 0.317549562774643 0.240664406451357 -0.00394689641149269 -0.22118925346857
1 0.63265306122449 0.100374843815077 -0.315931287133762 -0.425062200759402 -0.231305394831248 0.0859357127503331 0.299229965943939 0.279760165026958 0.0683343771410036 -0.169643438042525
1 0.653061224489796 0.139733444398168 -0.283283325825123 -0.428552455670196 -0.277141123964458 0.0253118231418661 0.268248422369 0.306319610712908 0.139420604669329 -0.102692287113144
1 0.673469387755102 0.180341524364848 -0.246555431835375 -0.425839330793899 -0.318977210636958 -0.0389731000568381 0.224664256568169 0.317797398777396 0.204571320043984 -0.0242498677413342
1 0.693877551020408 0.222199083715119 -0.205620107268229 -0.416330871612047 -0.355492676280463 -0.105282984299122 0.169037223808293 0.312043489175582 0.258726859434548 0.0602579029965029
1 0.714285714285714 0.26530612244898 -0.160349854227405 -0.399416909620991 -0.385256143273636 -0.171654667697983 0.102514379941302 0.287493878799979 0.296764673353735 0.144007565774374
1 0.734693877551021 0.309662640566431 -0.110617174816615 -0.3744690623319 -0.406722489516241 -0.235772740058218 0.0269235264446901 0.24338967887781 0.313833245140366 0.219034880185502
1 0.755102040816327 0.355268638067472 -0.0562945711395756 -0.340840733270758 -0.418229503003288 -0.294943632894567 -0.0551265700854809 0.180026580830088 0.30577400184951 0.276668165620687
1 0.775510204081633 0.402124114952104 0.00274545469999861 -0.297867111978366 -0.417994536399187 -0.346068958435921 -0.140138984740478 0.0990368149016539 0.269642323003936 0.308176575177985
1 0.795918367346939 0.450229071220325 0.0666304005983909 -0.244865174010342 -0.404111161611897 -0.385618097615545 -0.223614268155053 0.00370576686588137 0.204339493308073 0.305676166027405
1 0.816326530612245 0.499583506872138 0.135487764451888 -0.18113368093712 -0.374545824367075 -0.409600037047342 -0.2999287081653 -0.100674520897811 0.111368207234209 0.263341431048844
1 0.836734693877551 0.550187421907539 0.209445044156772 -0.105953180343952 -0.327134498782227 -0.413534454988151 -0.362205020019561 -0.206412676660956 -0.00427498363949693 0.178975057453701
1 0.857142857142857 0.602040816326531 0.28862973760933 -0.0185860058309025 -0.259579341940857 -0.392422056286071 -0.402175265893827 -0.302983806650482 -0.13305608552849 0.0559940866961788
1 0.877551020408163 0.655143690129113 0.373169342705846 0.0817237229871425 -0.169445348466619 -0.340714156314832 -0.410035804462989 -0.376551373118981 -0.259693919275472 -0.0941036255154909
1 0.897959183673469 0.709496043315285 0.463191357342604 0.195750100480485 -0.054157005097462 -0.252281513894186 -0.374294071279359 -0.409442672904775 -0.361768352361139 -0.248722701679402
1 0.918367346938775 0.765097875885048 0.558823279415889 0.324285435004608 0.0890050547402116 -0.120382413196341 -0.281606990709859 -0.379575385211249 -0.408129771719594 -0.370526959065494
1 0.938775510204082 0.821949187838401 0.660192606821988 0.46814024890018 0.262907396357407 0.0623700053615785 -0.116610820183247 -0.259832596340464 -0.357092174209547 -0.403086500557142
1 0.959183673469388 0.880049979175344 0.767426837457182 0.628143278493048 0.470567129228373 0.304041165239022 0.138257772501167 -0.0173836481215853 -0.154391341654431 -0.265725059746506
1 0.979591836734694 0.939400249895876 0.880653469217756 0.805141474094247 0.715155252416466 0.613409224907495 0.502949598051999 0.387051904219817 0.269111363734665 0.1525299468675
1 1 1 1 1 1 1 1 1 1 1
