"X2" "X3" "X4" "X5" "X6" "X7" "X8" "X9" "X10"
1 -1 1 -1 1 -1 1 -1 1
1 -0.989460166519121 0.968547131692069 -0.937591232663338 0.897080711327333 -0.847653147889191 0.790084286138865 -0.725274456273883 0.654232845147531
1 -0.978920333038241 0.937427527653552 -0.876831223924223 0.799038203308737 -0.706485560228502 0.602055477069641 -0.488974737742231 0.370702669660149
1 -0.968380499557362 0.906641187884449 -0.81770241103313 0.705751480336326 -0.576022819138087 0.434524086200925 -0.28772336525942 0.142214604919645
1 -0.957840666076483 0.87618811238476 -0.760187231240535 0.617100842561405 -0.455801922743247 0.286156262877606 -0.118340833459554 -0.0378523623711321
1 -0.947300832595603 0.846068301154484 -0.704268121796915 0.532967885894466 -0.345371162260651 0.155672475955325 0.0221620449232601 -0.175577398225583
1 -0.936760999114724 0.816281754193624 -0.649927519952748 0.453235502005191 -0.244289999084565 0.0418462116253597 0.136591615337142 -0.276528619023281
1 -0.926448024717954 0.787458913755699 -0.598267575513886 0.379367488461594 -0.154021608178311 -0.0545357135067506 0.225849743111963 -0.344602591411222
1 -0.916361909405295 0.759578723513377 -0.549173742767061 0.310989281520201 -0.0736227230595294 -0.135471792956347 0.293653117084237 -0.386010676927186
1 -0.906275794092635 0.732003722437355 -0.501478228656042 0.246332972988973 -0.000659516347372957 -0.204181687371518 0.344220152755371 -0.406263009076913
1 -0.896189678779976 0.704733910527635 -0.455165642315212 0.185300380966039 0.0652167938397986 -0.261569116262673 0.379443040947128 -0.408726280110857
1 -0.886103563467317 0.677769287784215 -0.410220592878953 0.127794410187841 0.124346126237593 -0.308498508687762 0.401089200702566 -0.396451123668462
1 -0.876017448154657 0.651109854207096 -0.366627689481647 0.0737190520291416 0.17705963507521 -0.345795981122214 0.410806465441626 -0.372191575658576
1 -0.865931332841998 0.624755609796278 -0.324371541257678 0.0229793845030217 0.22367980871508 -0.374250304385087 0.410128141616378 -0.338423749236577
1 -0.855845217529338 0.598706554551761 -0.283436757341428 -0.0245184277391219 0.264520568292502 -0.394613859621412 0.400477941300875 -0.297363743059418
1 -0.845759102216679 0.572962688473544 -0.243807946867279 -0.0688671334075747 0.299887366355271 -0.407603583340745 0.38317479015054 -0.250984801782695
1 -0.835672986904019 0.547524011561628 -0.205469718969615 -0.110158394574303 0.330077285503319 -0.413901901511917 0.359437512166059 -0.201033747546748
1 -0.82558687159136 0.522390523816013 -0.168406682782817 -0.148482786672958 0.355379137028343 -0.414157652713991 0.330389392696698 -0.149046700981701
1 -0.8155007562787 0.497562225236699 -0.132603447441268 -0.18392979849887 0.376073559553445 -0.408987000343414 0.29706262111801 -0.0963641100442704
1 -0.805414640966041 0.473039115823685 -0.0980446220793506 -0.216587832209054 0.392433117672763 -0.398974333877375 0.260402614618867 -0.044145104782059
1 -0.795328525653382 0.448821195576973 -0.0647148158314483 -0.246544203322207 0.404722400591107 -0.384673159193369 0.221272224532763 0.00661880409603655
1 -0.785242410340722 0.424908464496561 -0.0325986378319427 -0.273885140718707 0.413198120763592 -0.366606977944954 0.180455826648336 0.0550906651817717
1 -0.775156295028063 0.401300922582449 -0.00168069721521643 -0.298695786640618 0.418109212535274 -0.345270155993716 0.138663296934058 0.100575647417413
1 -0.765070179715403 0.377998569834639 0.0280543968843475 -0.321060196691681 0.419696930780782 -0.321128780897436 0.0965338741120246 0.142509205006174
1 -0.754984064402744 0.35500140625313 0.0566220353323668 -0.341061339837323 0.418194949543956 -0.294621508454457 0.0546399105158059 0.180445829172978
1 -0.744897949090084 0.332309431837921 0.0840376089944587 -0.358781098404652 0.413829460677477 -0.266160398304255 0.0134905126672934 0.214048369982397
1 -0.734811833777425 0.309922646589013 0.110316508736241 -0.374300268082461 0.406819272482506 -0.236131738584207 -0.0264649269925094 0.243077911637716
1 -0.724725718464766 0.287841050506406 0.13547412542333 -0.38769855792122 0.397375908348313 -0.20489685964257 -0.0648333057838019 0.267384184902146
1 -0.714639603152106 0.2660646435901 0.159525849921345 -0.399054590333087 0.385703705391918 -0.172792936807652 -0.101274492444473 0.28689650050035
1 -0.704553487839447 0.244593425840094 0.182487073095903 -0.408445901091898 0.371999913097718 -0.140133782213194 -0.1354981133278 0.301615187575481
1 -0.694467372526787 0.223427397256389 0.204373185812619 -0.415948939333174 0.356454791957129 -0.107210625679946 -0.16726044170643 0.311603521494079
1 -0.684381257214128 0.202566557838985 0.225199578937114 -0.421639067554118 0.339251712108213 -0.0742928846534524 -0.19636138874768 0.316980125508238
1 -0.674295141901468 0.182010907587882 0.244981643335003 -0.425590561613615 0.320567251975318 -0.0416289231980325 -0.22264159472523 0.317911831001563
1 -0.664209026588809 0.161760446503079 0.263734769871904 -0.42787661073223 0.300571296908709 -0.00944680004696896 -0.245979619032252 0.314606981262532
1 -0.654122911276149 0.141815174584578 0.281474349413434 -0.428569317492215 0.279427137824205 0.0220449942911061 -0.266289227561024 0.307309163945959
1 -0.64403679596349 0.122175091832377 0.298215772825212 -0.427739697837502 0.257291569842811 0.0526568113696202 -0.283516776014106 0.296291357600376
1 -0.63395068065083 0.102840198246477 0.313974430972853 -0.425457681073703 0.234314990930354 0.0822171295852691 -0.297638687712104 0.281850477856218
1 -0.623864565338171 0.0838104938268776 0.328765714721977 -0.421792109868117 0.210641500537115 0.110571849903023 -0.308659024463103 0.264302309086813
1 -0.613778450025512 0.0650859785735791 0.342605014938199 -0.416810740249721 0.186408998237468 0.137583602524931 -0.316607149058804 0.243976807571264
1 -0.603692334712852 0.0466666524865813 0.355507722487139 -0.410580241609178 0.161749282369509 0.163131064502723 -0.321535477962428 0.221213762405401
1 -0.593606219400193 0.0285525155658846 0.367489228234412 -0.40316619669883 0.136788148674695 0.187108288294207 -0.323517322753446 0.196358800624091
1 -0.583520104087533 0.0107435678114886 0.378564923045637 -0.394633101632705 0.111645488937474 0.209424041263473 -0.322644818894181 0.169759723215278
1 -0.573433988774874 -0.00676019077660694 0.388750197786431 -0.385044365886509 0.0864353896249227 0.230001156124886 -0.319026940383339 0.141763158923216
1 -0.563347873462214 -0.0239587601984014 0.39806044332241 -0.374462312297635 0.0612662305263809 0.248775892330878 -0.312787598861533 0.112711522955475
1 -0.553261758149555 -0.0408521404538951 0.406511050519194 -0.362948177065155 0.0362407833930826 0.265697308403543 -0.304063825733833 0.0829402679253626
1 -0.543175642836895 -0.0574403315430881 0.414117410242399 -0.350562109749823 0.0114563105777944 0.280726645210026 -0.293004035874426 0.052775414578532
1 -0.533089527524236 -0.0737233334659803 0.420894913357643 -0.33736317327408 -0.0129953363255531 0.293836720181714 -0.279766371478416 0.0225313500696231
1 -0.523003412211577 -0.0897011462225716 0.426858950730542 -0.323409343922043 -0.0370276178422293 0.305011332477215 -0.264517124625829 -0.00749111822811904
1 -0.512917296898917 -0.105373769812862 0.432024913226715 -0.308757511339516 -0.0605592079770696 0.314244679089149 -0.247429237122878 -0.0370064651802036
1 -0.502831181586258 -0.120741204236852 0.436408191711778 -0.293463478533983 -0.0835138955748417 0.321540781894729 -0.228680876185542 -0.0657459181980939
1 -0.492745066273598 -0.135803449494541 0.44002417705135 -0.277581961874612 -0.10582048568061 0.326912925650137 -0.208454084530512 -0.0934587067620149
1 -0.482658950960939 -0.150560505585929 0.442888260111048 -0.261166591092252 -0.127412700900103 0.330383106928706 -0.186933503438558 -0.119913102308041
1 -0.472572835648279 -0.165012372511017 0.445015831756488 -0.244269909279435 -0.148229082760076 0.331981494002895 -0.164305167355378 -0.14489725941104
1 -0.46248672033562 -0.179159050269803 0.446422282853289 -0.226943372890374 -0.16821289306868 0.331745897670063 -0.140755368594974 -0.168219868977953
1 -0.45240060502296 -0.193000538862289 0.447123004267069 -0.209237351740968 -0.187312015275826 0.329721253022039 -0.116469590710618 -0.189710633948796
1 -0.442314489710301 -0.206536838288474 0.447133386863443 -0.191201129008793 -0.20547885583355 0.325959112158495 -0.0916315090984568 -0.20922057778568
1 -0.432228374397642 -0.219767948548358 0.44646882150803 -0.172882901233113 -0.222670245556379 0.320517147844116 -0.0664220573988179 -0.22662219581303
1 -0.422142259084982 -0.232693869641942 0.445144699066447 -0.154329778314869 -0.238847340981696 0.313458668109557 -0.0410185582602597 -0.241809459255122
1 -0.412056143772322 -0.245314601569225 0.443176410404312 -0.135587783516688 -0.253975525730108 0.304852141796218 -0.0155939170314322 -0.25469768159992
1 -0.401970028459663 -0.257630144330206 0.440579346387242 -0.116701853462879 -0.268024311865809 0.294770735044798 0.00968412305420339 -0.265223256701145
1 -0.391883913147004 -0.269640497924888 0.437368897880855 -0.0977158381394323 -0.280967241256948 0.28329185872766 0.0346536656357428 -0.273343277813371
1 -0.381797797834344 -0.281345662353268 0.433560455750767 -0.0786725008940198 -0.292781786935991 0.270496726824986 0.0591592873592329 -0.279035046537871
1 -0.371711682521685 -0.292745637615347 0.429169410862597 -0.0596135184359978 -0.303449254460089 0.256469925744734 0.083052606824044 -0.28229548043985
1 -0.361625567209025 -0.303840423711126 0.424211154081961 -0.0405794808364032 -0.312954683271447 0.241298994586392 0.106192797776165 -0.283140427880566
1 -0.351539451896366 -0.314630020640604 0.418701076274478 -0.0216098915279564 -0.321286748057682 0.22507401634853 0.128447047983358 -0.281603898390793
1 -0.341453336583706 -0.325114428403781 0.412654568305764 -0.00274316730506019 -0.328437660112195 0.20788722008015 0.149690965227136 -0.277737216694958
1 -0.331367221271047 -0.335293647000657 0.406087021041437 0.0159833616762015 -0.334403068694533 0.189832593975832 0.169808931846485 -0.27160810827818
1 -0.321281105958388 -0.345167676431233 0.399013825347114 0.0345334518980613 -0.339181962390757 0.171005509414686 0.188694409268297 -0.263299724171381
1 -0.311194990645728 -0.354736516695508 0.391450372088413 0.0528719464810699 -0.342776570473807 0.151502355943089 0.206250193959449 -0.252909612412497
1 -0.301108875333069 -0.364000167793482 0.383412052130952 0.0709647751840955 -0.345192264263866 0.131420187201229 0.22238862623547 -0.240548643424754
1 -0.291022760020409 -0.372958629725155 0.374914256340347 0.0887789544043242 -0.346437458488728 0.110856377793447 0.237031753360755 -0.226339896335873
1 -0.28093664470775 -0.381611902490527 0.365972375582216 0.106282587177259 -0.346523512644162 0.0899082911023735 0.250111448375251 -0.210417513044962
1 -0.27085052939509 -0.389959986089599 0.356601800722177 0.123444863176722 -0.345464632354277 0.0686729580468643 0.261569486082586 -0.192925526626763
1 -0.260764414082431 -0.39800288052237 0.346817922625846 0.140236058714852 -0.343277770731891 0.0472467667837352 0.271357577634557 -0.174016670445836
1 -0.250678298769771 -0.40574058578884 0.336636132158842 0.156627536742104 -0.339982529738893 0.0257251633532927 0.279437365146949 -0.153851174136152
1 -0.240592183457112 -0.413173101889009 0.326071820186782 0.172591746847255 -0.33560106154661 0.00420236326866439 0.285780377781617 -0.132595552384477
1 -0.230506068144453 -0.420300428822878 0.315140377575283 0.188102225257394 -0.330157969896174 -0.0172289259510722 0.290367950729768 -0.110421392238839
1 -0.220419952831793 -0.427122566590445 0.303857195189963 0.203133594837932 -0.323680211458883 -0.038477771303965 0.293191108531414 -0.0875041444462722
1 -0.210333837519134 -0.433639515191712 0.292237663896438 0.217661565092596 -0.316196997196574 -0.0594552698844628 0.294250414165914 -0.0640219241069284
1 -0.200247722206474 -0.439851274626678 0.280297174560327 0.231662932163431 -0.307739693721982 -0.0800747935188934 0.293555785348564 -0.0401543257145605
1 -0.190161606893815 -0.445757844895343 0.268051118047247 0.245115578830798 -0.298341724659108 -0.100252222457144 0.291126279468185 -0.0160812574362886
1 -0.180075491581155 -0.451359225997708 0.255514885222815 0.257998474513379 -0.288038472003585 -0.119906168120544 0.286989848600638 0.00801820073254839
1 -0.169989376268496 -0.456655417933772 0.242703866952649 0.270291675268171 -0.276867177483045 -0.138958184905946 0.281183066033229 0.0319669105197308
1 -0.159903260955836 -0.461646420703535 0.229633454102366 0.28197632379049 -0.264866843917481 -0.157332971046017 0.273750825734937 0.0555907564320728
1 -0.149817145643177 -0.466332234306997 0.216319037537584 0.293034649413967 -0.252078136579616 -0.174958558525723 0.264746016207413 0.0787196903313885
1 -0.139731030330517 -0.470712858744158 0.202776008123919 0.303449968110555 -0.238543284555266 -0.191766492055019 0.254229170151702 0.101188735763073
1 -0.129644915017858 -0.474788294015019 0.18901975672699 0.313206682490522 -0.224305982103708 -0.207691997097742 0.242268091385627 0.122838948486971
1 -0.119558799705199 -0.478558540119578 0.175065674212414 0.322290281802453 -0.209411290018044 -0.222674136956708 0.228937460446774 0.143518329877295
1 -0.109472684392539 -0.482023597057837 0.160929151445808 0.330687341933252 -0.193905536985566 -0.236655958915001 0.214318420316043 0.16308269007544
1 -0.0993865690798797 -0.485183464829795 0.14662557929279 0.338385525408141 -0.177836220948125 -0.249584629433481 0.198498143696689 0.18139645799666
1 -0.0893004537672203 -0.488038143435453 0.132170348618976 0.345373581390659 -0.161251910462494 -0.261411558404474 0.181569383283809 0.198333435508642
1 -0.0792143384545607 -0.490587632874809 0.117578850289985 0.351641345682661 -0.144202146060731 -0.272092512461682 0.163630006459225 0.213777493317128
1 -0.0691282231419014 -0.492831933147865 0.102866475171435 0.357179740724323 -0.126737341610551 -0.281587717346283 0.14478251584669 0.227623206310818
1 -0.0590421078292419 -0.49477104425462 0.0880486141289411 0.361980775594137 -0.108908685675688 -0.289861949329238 0.125133557162387 0.239776426334887
1 -0.0489559925165824 -0.496404966195074 0.0731406580281223 0.366037546008911 -0.0907680428762587 -0.296884615689802 0.104793415795647 0.250154790579554
1 -0.0388698772039232 -0.497733698969228 0.0581579977345961 0.369344234323774 -0.0723678552491327 -0.302629824250229 0.0838755035548375 0.258688163987212
1 -0.0287837618912635 -0.498757242577081 0.0431160241139788 0.37189610953217 -0.0537610436082932 -0.307076441966689 0.0624958370133674 0.26531901429875
1 -0.0186976465786042 -0.499475597018632 0.028030128031889 0.373689527265861 -0.0350009089052081 -0.310208142576378 0.0407725088907611 0.270002718576777
1 -0.00861153126594483 -0.499888762293883 0.0129157003539436 0.374721929794928 -0.0161410335891905 -0.312013443300841 0.0188251539037267 0.272707800260558
1 0.00147458404671474 -0.499996738402834 -0.0022118680542402 0.374991846027769 0.00276481703223335 -0.31248573060548 -0.00322558947781415 0.273416096024573
1 0.0115606993593742 -0.499799525345483 -0.0173371863270446 0.3744988915111 0.0216627934329574 -0.311623275015285 -0.0252586199348004 0.272122851929689
1 0.0216468146720334 -0.499297123121832 -0.0324448635988519 0.373243768429952 0.0404990605079317 -0.309429234986748 -0.0471529154282663 0.268836748573051
1 0.0317329299846931 -0.49848953173188 -0.0475195090040458 0.371228265607678 0.0592198962127981 -0.305911649835992 -0.0687880751187866 0.263579855159882
1 0.0418190452973526 -0.497376751175627 -0.0625457316770077 0.368455258505946 0.0777717902035204 -0.301083421723097 -0.0900448596411834 0.256387512637469
1 0.0519051606100118 -0.495958781453073 -0.0775081407521204 0.364928709224741 0.0961015424760224 -0.294962286692623 -0.110805728299562 0.247308146248736
1 0.0619912759226715 -0.494235622564219 -0.0923913453637674 0.360653666502368 0.114156362005822 -0.287570774770349 -0.13095537174772 0.236403008079864
1 0.0720773912353307 -0.492207274509064 -0.10717995464633 0.355636265715448 0.131883965387664 -0.278936159116199 -0.150381238719981 0.223745850393535
1 0.0821635065479902 -0.489873737287608 -0.121858577734191 0.34988372887892 0.149232675475154 -0.269090394233375 -0.168974055377523 0.209422530756482
1 0.0922496218606499 -0.487235010899851 -0.136411823761735 0.34340436464604 0.166151520020397 -0.258070043233701 -0.186628335835243 0.193530550187082
1 0.102335737173309 -0.484291095345793 -0.150824301863341 0.336207568308384 0.182590330313624 -0.245916194159155 -0.203242882434208 0.176178525765886
1 0.112421852485969 -0.481041990625435 -0.165080621173395 0.328303821795843 0.198499839822837 -0.232674365359608 -0.218721274324777 0.157485599369001
1 0.122507967798628 -0.477487696738775 -0.179165390826277 0.319704693676627 0.213831782833433 -0.218394399926773 -0.232972342925398 0.13758078440141
1 0.132594083111288 -0.473628213685815 -0.193063219956371 0.310422839157263 0.228538993087845 -0.203130349184343 -0.245910632822189 0.116602252624348
1 0.142680198423947 -0.469463541466555 -0.206758717698059 0.300472000082596 0.242575502425173 -0.186940345234341 -0.257456846674319 0.0946965633879941
1 0.152766313736606 -0.464993680080993 -0.220236493185725 0.289867004935789 0.25589663942082 -0.169886462559667 -0.26753827269026 0.072017837797802
1 0.162852429049266 -0.460218629529131 -0.233481155553749 0.278623768838322 0.268459128026127 -0.152034568682847 -0.276089193239961 0.048726880559904
1 0.172938544361925 -0.455138389810968 -0.246477313936515 0.266759293549994 0.280221186208005 -0.13345416388099 -0.283051273168006 0.0249902524681204
1 0.183024659674585 -0.449752960926504 -0.259209577468407 0.254291667468919 0.291142624588572 -0.114218209956936 -0.288373926372792 0.000979296712186412
1 0.193110774987244 -0.444062342875739 -0.271662555283805 0.24124006563153 0.301184945084785 -0.0944029480666172 -0.292014659216805 -0.0231308775960724
1 0.203196890299904 -0.438066535658673 -0.283820856517093 0.227624749712581 0.310311439548077 -0.074087705602615 -0.293939389333034 -0.0471624510648215
1 0.213283005612563 -0.431765539275307 -0.295669090302653 0.213467068025136 0.318487288403987 -0.0533546921339179 -0.294122738392577 -0.0709359850016339
1 0.223369120925222 -0.42515935372564 -0.307191865774868 0.198789455520585 0.325679659291801 -0.0322887844018894 -0.292548297398504 -0.0942715436822361
1 0.233455236237882 -0.418247979009672 -0.318373792068121 0.183615433788631 0.331857805704179 -0.010977300372426 -0.289208863071023 -0.116989843643505
1 0.243541351550542 -0.411031415127403 -0.329199478316794 0.167969611057293 0.336993165626797 0.0104902376556723 -0.284106643889006 -0.138913425518495
1 0.253627466863201 -0.403509662078834 -0.339653533655269 0.151877682192914 0.341059460177973 0.0320223508861329 -0.277253434352932 -0.159867843714223
1 0.26371358217586 -0.395682719863964 -0.349720567217929 0.135366428700149 0.344032792248308 0.053525862804445 -0.268670756034296 -0.179682869015828
1 0.27379969748852 -0.387550588482793 -0.359385188139157 0.118463718721971 0.345891745140319 0.0749061689008824 -0.258389963976543 -0.19819369898361
1 0.283885812801179 -0.379113267935321 -0.368632005553336 0.101198507039675 0.346617481208072 0.0960675173373309 -0.246452317012591 -0.215242170792389
1 0.293971928113839 -0.370370758221548 -0.377445628594847 0.0836008350728687 0.346193840496815 0.116913300557912 -0.232909010563968 -0.230677970945503
1 0.304058043426498 -0.361323059341475 -0.385810666398074 0.0657018308794803 0.344607439382616 0.137346357843405 -0.21782117048666 -0.244359836078685
1 0.314144158739158 -0.3519701712951 -0.393711728097399 0.0475337091557548 0.341847769211995 0.157269288809464 -0.20125980652868 -0.256156738851952
1 0.324230274051817 -0.342312094082426 -0.401133422827205 0.0291297712362554 0.33790729494156 0.176584777848639 -0.183305723964456 -0.265949052710551
1 0.334316389364476 -0.33234882770345 -0.408060359721874 0.0105244050938611 0.332781553777639 0.19519592951619 -0.164049391971056 -0.273629689078919
1 0.344402504677136 -0.322080372158173 -0.414477147915789 -0.00824691466022867 0.326469253815917 0.213006614859699 -0.143590767311326 -0.279105200334485
1 0.354488619989795 -0.311506727446596 -0.420368396543332 -0.0271476267764983 0.318972372681067 0.229921828692483 -0.122039071888991 -0.282296841691105
1 0.364574735302455 -0.300627893568717 -0.425718714738886 -0.0461400833671157 0.31029625616639 0.245848057810804 -0.0995125227407691 -0.283141584904758
1 0.374660850615114 -0.289443870524538 -0.430512711636834 -0.0651855499059285 0.300449716873443 0.260693660154877 -0.0761380130305627 -0.281593076497096
1 0.384746965927774 -0.277954658314059 -0.434734996371558 -0.0842442052284681 0.289445132851677 0.274369254913671 -0.0520507426107682 -0.2776225329753
1 0.394833081240433 -0.266160256937278 -0.43837017807744 -0.10327514153195 0.27729854623807 0.286788123573519 -0.0273937967157695 -0.271219565309632
1 0.404919196553092 -0.254060666394197 -0.441402865888864 -0.122236364375267 0.264029761896764 0.297866621910516 -0.00231767135267339 -0.262392924712949
1 0.415005311865752 -0.241655886684815 -0.443817668940212 -0.141084792679 0.249662446058695 0.307524602926718 0.0230202560456792 -0.251171161549379
1 0.425091427178412 -0.228945917809132 -0.445599196365866 -0.15977625872541 0.234224224961232 0.315685850730142 0.048456312140343 -0.237603188982235
1 0.435177542491071 -0.215930759767148 -0.44673205730021 -0.178265508158438 0.217746783487808 0.322278525358557 0.0738211708135053 -0.221758742754173
1 0.44526365780373 -0.202610412558864 -0.447200860877625 -0.196506199983712 0.200265963807554 0.327235618547085 0.098940555338273 -0.203728728275477
1 0.45534977311639 -0.188984876184279 -0.446990216232494 -0.214450906568537 0.181821864014937 0.330495420439582 0.12363600102594 -0.183625445979298
1 0.465435888429049 -0.175054150643392 -0.446084732499199 -0.232051113641905 0.162458936769393 0.33200199724384 0.147725679785702 -0.161582685685529
1 0.475522003741709 -0.160818235936206 -0.444469018812125 -0.249257220294488 0.142226087934957 0.331705679830562 0.171025288031743 -0.137755680497946
1 0.485608119054368 -0.146277132062718 -0.442127684305652 -0.266018538978641 0.121176775219905 0.329563563276157 0.193348999372662 -0.112320910542132
1 0.495694234367028 -0.131430839022929 -0.439045338114163 -0.282283295508401 0.0993691068163821 0.325540017349318 0.214510483518156 -0.0854757466345904
1 0.505780349679687 -0.11627935681684 -0.435206589372042 -0.297998629059487 0.0768659400400397 0.319607207941406 0.234323992837935 -0.0574379237563964
1 0.515866464992347 -0.10082268544445 -0.430596047213671 -0.313110592169302 0.0537349799696683 0.311745629440628 0.252605518007793 -0.0284448339875982
1 0.525952580305006 -0.0850608249057593 -0.425198320773431 -0.327564150736929 0.0300488780868349 0.301944648050017 0.269174014177786 0.00124737165847821
1 0.536038695617665 -0.068993775200768 -0.418998019185707 -0.341303184023135 0.00588533091551477 0.290203056049202 0.283852699097469 0.0313648832789994
1 0.546124810930325 -0.0526215363294752 -0.41197975158488 -0.354270484650369 -0.0186728213382757 0.276529636999988 0.296470424633129 0.0616175449985117
1 0.556210926242984 -0.0359441082918824 -0.404128127105333 -0.366407758602763 -0.0435374961468387 0.260943741895724 0.306863123111962 0.09170039197109
1 0.566297041555644 -0.0189614910879884 -0.395427754881448 -0.377655625226129 -0.068615270021168 0.243475876254471 0.31487532992814 0.121295422897019
1 0.576383156868303 -0.00167368471779328 -0.385863244047609 -0.387953617227964 -0.0938072798713096 0.224168298155972 0.320361783845714 0.150073619700313
1 0.586469272180963 0.0159193108187019 -0.375419203738197 -0.397240180677446 -0.119009124366727 0.203075627222417 0.323189106433295 0.177697226230542
1 0.596555387493622 0.0338174955214983 -0.364080243087596 -0.405452675005436 -0.144110765296672 0.180265464543006 0.323237562065465 0.203822298069476
1 0.606641502806281 0.0520208693905955 -0.351830971230187 -0.412527373004477 -0.168996428930544 0.155819023542311 0.320402899925851 0.228101535740182
1 0.616727618118941 0.0705294324259934 -0.338655997300354 -0.418399460828794 -0.19354450737826 0.129831771792431 0.314598279446824 0.250187413833291
1 0.6268137334316 0.0893431846276921 -0.32453993043248 -0.423003037994294 -0.217627459950619 0.102414083768958 0.305756280620755 0.269735618782265
1 0.63689984874426 0.108462125995692 -0.309467379760945 -0.426271117378568 -0.241111714519666 0.0736919045507253 0.293831000617776 0.286408808236558
1 0.646985964056919 0.127886256529992 -0.293422954420134 -0.428135625220889 -0.26385756887906 0.043807424463362 0.278800238144998 0.299880705198696
1 0.657072079369579 0.147615576230593 -0.276391263544429 -0.42852740112221 -0.285719092104438 0.0129197646666473 0.260667766982124 0.309840540308375
1 0.667158194682238 0.167650085097495 -0.258356916268212 -0.427376198045169 -0.306544025913784 -0.0187943263143451 0.239465700128398 0.315997855873765
1 0.677244309994898 0.187989783130698 -0.239304521725865 -0.424610682314086 -0.326173686027786 -0.0511397651142923 0.215256945995861 0.318087685467335
1 0.687330425307557 0.208634670330201 -0.219218689051773 -0.420158433614961 -0.344442863530212 -0.0839024151088839 0.188137758083816 0.315876123120572
1 0.697416540620217 0.229584746696005 -0.198084027380316 -0.41394594499548 -0.361179726228272 -0.116848357052277 0.158240379569488 0.309166296369085
1 0.707502655932876 0.25084001222811 -0.175885145845879 -0.405898622865009 -0.376205720012979 -0.149723148770751 0.125735784249809 0.297804757616675
1 0.717588771245535 0.272400466926516 -0.152606653582843 -0.395940786994596 -0.389335470219522 -0.182251073912574 0.0908365152692553 0.281688308504049
1 0.727674886558195 0.294266110791223 -0.128233159725589 -0.383995670516972 -0.400376682987625 -0.214134379754061 0.0537996230687214 0.260771272184939
1 0.737761001870854 0.31643694382223 -0.102749273408504 -0.369985419926552 -0.409130046621917 -0.24505250406184 0.0149297039903403 0.235073228629514
1 0.747847117183514 0.338912966019538 -0.0761396037659662 -0.353831095079431 -0.415389132952296 -0.274661291011319 -0.0254179590267928 0.204687228292013
1 0.757933232496173 0.361694177383147 -0.0483887599323604 -0.335452669193387 -0.418940298694296 -0.302592196161357 -0.0668341522250345 0.169788499696697
1 0.768019347808833 0.384780577913057 -0.0194813510420689 -0.314769028847881 -0.419562586809449 -0.328451480485129 -0.108852381845822 0.130643666713239
1 0.778105463121492 0.408172167609267 0.0105980137705259 -0.291697973984055 -0.417027627865657 -0.351819393457204 -0.150945418551555 0.0876204915098187
1 0.788191578434152 0.431868946471779 0.0418647253710414 -0.266156217904736 -0.411099541397549 -0.372249345196818 -0.192521734016797 0.0411981593892546
1 0.798277693746811 0.455870914500591 0.0743341746250952 -0.238059387274429 -0.401534837266855 -0.38926706766735 -0.232921828253837 -0.00802187806937549
1 0.80836380905947 0.480178071695704 0.108021752398304 -0.207322022119327 -0.388082317022766 -0.402369764932 -0.271414446237677 -0.0593044849241042
1 0.81844992437213 0.504790418057118 0.142942849556286 -0.173857575827299 -0.370482975262304 -0.411025252465674 -0.307192682395506 -0.111768830981798
1 0.828536039684789 0.529707953584832 0.179112856964659 -0.137578415147902 -0.348469900990682 -0.414671085523061 -0.339369971525687 -0.164375773034508
1 0.838622154997449 0.554930678278847 0.216547165489039 -0.0983958201923735 -0.321768178981677 -0.412713676562922 -0.366975964711354 -0.215914609929636
1 0.848708270310108 0.580458592139164 0.255261165995045 -0.0562199844336294 -0.290094791137984 -0.404527401728576 -0.388952288793631 -0.264989193965997
1 0.858794385622768 0.606291695165781 0.295270249348293 -0.0109600147062749 -0.2531585178516 -0.389453696384586 -0.404148187969558 -0.310003380890747
1 0.868880500935427 0.632429987358698 0.336589806414401 0.0374760687934065 -0.21065983936417 -0.366800139709653 -0.411316046079769 -0.34914580055512
1 0.878966616248087 0.658873468717917 0.379235228058987 0.0891813325074514 -0.162290837127364 -0.335839528345708 -0.409106788150966 -0.380373930069713
1 0.889052731560746 0.685622139243436 0.423221905147667 0.144249929516207 -0.107735095163242 -0.295808939103207 -0.396065159758265 -0.40139745108306
1 0.899138846873405 0.712675998935256 0.46856522854606 0.202777099538345 -0.0466676014246139 -0.245908780722625 -0.370624882772448 -0.409660872590097
1 0.909224962186065 0.740035047793377 0.515280589119784 0.264859168930852 0.0212453508445893 -0.185301834692158 -0.331103686057193 -0.40232540046002
1 0.919311077498725 0.767699285817799 0.563383377734454 0.330593550689031 0.0963462617489492 -0.113112285121625 -0.27569820968132 -0.376250034655961
1 0.929397192811384 0.795668713008521 0.612888985255687 0.400078744446502 0.178986523381199 -0.0284247376725677 -0.202478781211127 -0.3279718749018
1 0.939483308124043 0.823943329365544 0.663812802549104 0.473414336475209 0.269526518461859 0.0697167724554475 -0.10938406264784 -0.253685615334341
1 0.949569423436703 0.852523134888869 0.716170220480321 0.550700999685409 0.368335718978865 0.182309783482316 0.0057844334247239 -0.149222208461984
1 0.959655538749362 0.881408129578493 0.769976629914952 0.63204049362567 0.475792784827198 0.310394420948683 0.145367959917253 -0.0100266785339349
1 0.969741654062022 0.910598313434418 0.825247421718619 0.717535664482893 0.592285662448543 0.455054422561051 0.311856284971776 0.168864935793145
1 0.979827769374681 0.940093686456645 0.881997986756939 0.807290445082286 0.718211683470894 0.61741817398065 0.507893576793096 0.392849529821134
1 0.98991388468734 0.969894248645171 0.940243715895524 0.901409854887369 0.853977663348192 0.798659755556109 0.736284425009816 0.667781792756376
1 1 1 1 1 1 1 1 1
